0 0
1.00000000 0.00000000
0.99988100 -0.00001800
0.99948600 -0.00007400
0.99830100 -0.00024200
0.99632800 -0.00052100
0.99356900 -0.00091000
0.99003100 -0.00140700
0.98571800 -0.00201000
0.98063600 -0.00271600
0.97479400 -0.00352200
0.96820200 -0.00442500
0.96086900 -0.00542000
0.95280700 -0.00650400
0.94402900 -0.00767300
0.93454900 -0.00892200
0.92438200 -0.01024500
0.91354300 -0.01163800
0.90205100 -0.01309600
0.88992300 -0.01461300
0.87717800 -0.01618400
0.86383700 -0.01780400
0.84992000 -0.01946700
0.83545000 -0.02116700
0.82044900 -0.02290000
0.80494200 -0.02465900
0.78895200 -0.02643800
0.77250600 -0.02823300
0.75562800 -0.03003700
0.73834600 -0.03184500
0.72068700 -0.03365000
0.70267900 -0.03544700
0.68435100 -0.03722900
0.66573000 -0.03899100
0.64684800 -0.04072500
0.62773400 -0.04242600
0.60841700 -0.04408700
0.58892900 -0.04570100
0.56930000 -0.04726100
0.54956200 -0.04876000
0.52974500 -0.05019100
0.50988000 -0.05154700
0.49000100 -0.05282100
0.47013700 -0.05400500
0.45032000 -0.05509100
0.43058100 -0.05607400
0.41095200 -0.05694600
0.39146400 -0.05769900
0.37214700 -0.05832900
0.35303300 -0.05882800
0.33415100 -0.05919100
0.31553000 -0.05941200
0.29720200 -0.05948700
0.27919400 -0.05941100
0.26153500 -0.05918100
0.24425300 -0.05879400
0.22737600 -0.05824800
0.21092900 -0.05754200
0.19493900 -0.05667400
0.17943200 -0.05564500
0.16443100 -0.05445600
0.14996100 -0.05310900
0.13604400 -0.05160600
0.12270300 -0.04995000
0.10995800 -0.04814500
0.09783000 -0.04619500
0.08633800 -0.04410600
0.07549900 -0.04188300
0.06533200 -0.03953100
0.05585200 -0.03705700
0.04707400 -0.03446600
0.03901200 -0.03176600
0.03167900 -0.02896300
0.02508700 -0.02606300
0.01924500 -0.02307100
0.01416400 -0.01999400
0.00985000 -0.01683700
0.00631200 -0.01360400
0.00355400 -0.01030100
0.00158000 -0.00693000
0.00039500 -0.00349600
0.00000000 0.00000000
0.00039500 0.00349600
0.00158000 0.00693000
0.00355400 0.01030100
0.00631200 0.01360400
0.00985000 0.01683700
0.01416400 0.01999400
0.01924500 0.02307100
0.02508700 0.02606300
0.03168000 0.02896300
0.03901200 0.03176600
0.04707400 0.03446600
0.05585200 0.03705700
0.06533200 0.03953100
0.07549900 0.04188300
0.08633800 0.04410600
0.09783000 0.04619500
0.10995800 0.04814500
0.12270300 0.04995000
0.13604400 0.05160600
0.14996100 0.05310900
0.16443100 0.05445600
0.17943200 0.05564500
0.19493900 0.05667400
0.21092900 0.05754200
0.22737600 0.05824800
0.24425300 0.05879400
0.26153500 0.05918100
0.27919400 0.05941100
0.29720200 0.05948700
0.31553000 0.05941200
0.33415100 0.05919100
0.35303300 0.05882800
0.37214800 0.05832900
0.39146400 0.05769900
0.41095200 0.05694600
0.43058100 0.05607400
0.45031900 0.05509100
0.47013700 0.05400500
0.49000100 0.05282100
0.50988100 0.05154700
0.52974500 0.05019100
0.54956200 0.04876000
0.56930000 0.04726100
0.58892900 0.04570100
0.60841700 0.04408700
0.62773400 0.04242600
0.64684800 0.04072500
0.66573000 0.03899100
0.68435100 0.03722900
0.70267900 0.03544700
0.72068700 0.03365000
0.73834600 0.03184500
0.75562800 0.03003700
0.77250600 0.02823300
0.78895200 0.02643800
0.80494200 0.02465900
0.82044900 0.02290000
0.83545000 0.02116700
0.84992000 0.01946700
0.86383700 0.01780400
0.87717800 0.01618400
0.88992300 0.01461300
0.90205100 0.01309600
0.91354400 0.01163800
0.92438200 0.01024500
0.93454900 0.00892200
0.94402900 0.00767300
0.95280700 0.00650400
0.96086900 0.00542000
0.96820200 0.00442500
0.97479400 0.00352200
0.98063600 0.00271600
0.98571700 0.00201000
0.99003100 0.00140700
0.99357000 0.00091000
0.99632800 0.00052100
0.99830100 0.00024200
0.99948600 0.00007400
0.99988100 0.00001800
0 0
