0.10000000E+01  -0.38788960E-15
0.99990422E+00  -0.13588179E-04
0.99961692E+00  -0.54337676E-04
0.99913820E+00  -0.12220342E-03
0.99846825E+00  -0.21711042E-03
0.99760733E+00  -0.33895399E-03
0.99655576E+00  -0.48760002E-03
0.99531396E+00  -0.66288534E-03
0.99388239E+00  -0.86461819E-03
0.99226160E+00  -0.10925787E-02
0.99045221E+00  -0.13465195E-02
0.98845493E+00  -0.16261663E-02
0.98627051E+00  -0.19312188E-02
0.98389978E+00  -0.22613513E-02
0.98134367E+00  -0.26162134E-02
0.97860314E+00  -0.29954314E-02
0.97567925E+00  -0.33986084E-02
0.97257311E+00  -0.38253261E-02
0.96928593E+00  -0.42751452E-02
0.96581895E+00  -0.47476068E-02
0.96217350E+00  -0.52422330E-02
0.95835099E+00  -0.57585286E-02
0.95435287E+00  -0.62959813E-02
0.95018068E+00  -0.68540636E-02
0.94583602E+00  -0.74322332E-02
0.94132055E+00  -0.80299346E-02
0.93663600E+00  -0.86465995E-02
0.93178416E+00  -0.92816483E-02
0.92676690E+00  -0.99344910E-02
0.92158614E+00  -0.10604528E-01
0.91624385E+00  -0.11291151E-01
0.91074210E+00  -0.11993743E-01
0.90508298E+00  -0.12711682E-01
0.89926867E+00  -0.13444338E-01
0.89330139E+00  -0.14191076E-01
0.88718342E+00  -0.14951256E-01
0.88091712E+00  -0.15724233E-01
0.87450488E+00  -0.16509361E-01
0.86794916E+00  -0.17305986E-01
0.86125247E+00  -0.18113455E-01
0.85441738E+00  -0.18931110E-01
0.84744650E+00  -0.19758292E-01
0.84034251E+00  -0.20594338E-01
0.83310813E+00  -0.21438585E-01
0.82574612E+00  -0.22290365E-01
0.81825932E+00  -0.23149011E-01
0.81065058E+00  -0.24013852E-01
0.80292283E+00  -0.24884216E-01
0.79507902E+00  -0.25759425E-01
0.78712216E+00  -0.26638804E-01
0.77905530E+00  -0.27521670E-01
0.77088153E+00  -0.28407338E-01
0.76260397E+00  -0.29295122E-01
0.75422581E+00  -0.30184329E-01
0.74575025E+00  -0.31074262E-01
0.73718053E+00  -0.31964220E-01
0.72851995E+00  -0.32853497E-01
0.71977181E+00  -0.33741381E-01
0.71093948E+00  -0.34627154E-01
0.70202633E+00  -0.35510092E-01
0.69303578E+00  -0.36389462E-01
0.68397128E+00  -0.37264527E-01
0.67483629E+00  -0.38134541E-01
0.66563432E+00  -0.38998750E-01
0.65636889E+00  -0.39856392E-01
0.64704355E+00  -0.40706698E-01
0.63766187E+00  -0.41548889E-01
0.62822746E+00  -0.42382180E-01
0.61874392E+00  -0.43205774E-01
0.60921488E+00  -0.44018869E-01
0.59964401E+00  -0.44820653E-01
0.59003495E+00  -0.45610306E-01
0.58039141E+00  -0.46387003E-01
0.57071706E+00  -0.47149907E-01
0.56101562E+00  -0.47898180E-01
0.55129080E+00  -0.48630972E-01
0.54154634E+00  -0.49347433E-01
0.53178595E+00  -0.50046704E-01
0.52201339E+00  -0.50727924E-01
0.51223240E+00  -0.51390231E-01
0.50244671E+00  -0.52032757E-01
0.49266009E+00  -0.52654638E-01
0.48287629E+00  -0.53255006E-01
0.47309904E+00  -0.53833000E-01
0.46333210E+00  -0.54387758E-01
0.45357921E+00  -0.54918425E-01
0.44384410E+00  -0.55424153E-01
0.43413051E+00  -0.55904099E-01
0.42444215E+00  -0.56357434E-01
0.41478274E+00  -0.56783336E-01
0.40515598E+00  -0.57181001E-01
0.39556555E+00  -0.57549636E-01
0.38601514E+00  -0.57888466E-01
0.37650840E+00  -0.58196736E-01
0.36704897E+00  -0.58473711E-01
0.35764047E+00  -0.58718678E-01
0.34828652E+00  -0.58930949E-01
0.33899069E+00  -0.59109862E-01
0.32975654E+00  -0.59254783E-01
0.32058763E+00  -0.59365108E-01
0.31148744E+00  -0.59440266E-01
0.30245948E+00  -0.59479716E-01
0.29350721E+00  -0.59482956E-01
0.28463404E+00  -0.59449518E-01
0.27584338E+00  -0.59378971E-01
0.26713861E+00  -0.59270927E-01
0.25852305E+00  -0.59125036E-01
0.25000000E+00  -0.58940989E-01
0.24157273E+00  -0.58718523E-01
0.23324448E+00  -0.58457416E-01
0.22501842E+00  -0.58157490E-01
0.21689771E+00  -0.57818615E-01
0.20888547E+00  -0.57440705E-01
0.20098475E+00  -0.57023719E-01
0.19319860E+00  -0.56567663E-01
0.18552999E+00  -0.56072590E-01
0.17798186E+00  -0.55538597E-01
0.17055710E+00  -0.54965828E-01
0.16325855E+00  -0.54354473E-01
0.15608902E+00  -0.53704763E-01
0.14905125E+00  -0.53016977E-01
0.14214794E+00  -0.52291434E-01
0.13538172E+00  -0.51528496E-01
0.12875520E+00  -0.50728563E-01
0.12227091E+00  -0.49892076E-01
0.11593134E+00  -0.49019512E-01
0.10973891E+00  -0.48111385E-01
0.10369599E+00  -0.47168241E-01
0.97804914E-01  -0.46190656E-01
0.92067924E-01  -0.45179239E-01
0.86487220E-01  -0.44134623E-01
0.81064942E-01  -0.43057466E-01
0.75803167E-01  -0.41948449E-01
0.70703910E-01  -0.40808272E-01
0.65769126E-01  -0.39637653E-01
0.61000704E-01  -0.38437321E-01
0.56400473E-01  -0.37208019E-01
0.51970193E-01  -0.35950497E-01
0.47711563E-01  -0.34665512E-01
0.43626215E-01  -0.33353823E-01
0.39715712E-01  -0.32016188E-01
0.35981554E-01  -0.30653363E-01
0.32425172E-01  -0.29266098E-01
0.29047927E-01  -0.27855133E-01
0.25851113E-01  -0.26421197E-01
0.22835956E-01  -0.24965007E-01
0.20003610E-01  -0.23487260E-01
0.17355161E-01  -0.21988634E-01
0.14891624E-01  -0.20469786E-01
0.12613941E-01  -0.18931349E-01
0.10522986E-01  -0.17373928E-01
0.86195604E-02  -0.15798101E-01
0.69043926E-02  -0.14204412E-01
0.53781400E-02  -0.12593377E-01
0.40413873E-02  -0.10965475E-01
0.28946467E-02  -0.93211485E-02
0.19383576E-02  -0.76608053E-02
0.11728863E-02  -0.59848136E-02
0.59852602E-03  -0.42935025E-02
0.21549689E-03  -0.25871611E-02
0.23945628E-04  -0.86603816E-03
0.23945628E-04   0.86603816E-03
0.21549689E-03   0.25871611E-02
0.59852602E-03   0.42935025E-02
0.11728863E-02   0.59848136E-02
0.19383576E-02   0.76608053E-02
0.28946467E-02   0.93211485E-02
0.40413873E-02   0.10965475E-01
0.53781400E-02   0.12593377E-01
0.69043926E-02   0.14204412E-01
0.86195604E-02   0.15798101E-01
0.10522986E-01   0.17373928E-01
0.12613941E-01   0.18931349E-01
0.14891624E-01   0.20469786E-01
0.17355161E-01   0.21988634E-01
0.20003610E-01   0.23487260E-01
0.22835956E-01   0.24965007E-01
0.25851113E-01   0.26421197E-01
0.29047927E-01   0.27855133E-01
0.32425172E-01   0.29266098E-01
0.35981554E-01   0.30653363E-01
0.39715712E-01   0.32016188E-01
0.43626215E-01   0.33353823E-01
0.47711563E-01   0.34665512E-01
0.51970193E-01   0.35950497E-01
0.56400473E-01   0.37208019E-01
0.61000704E-01   0.38437321E-01
0.65769126E-01   0.39637653E-01
0.70703910E-01   0.40808272E-01
0.75803167E-01   0.41948449E-01
0.81064942E-01   0.43057466E-01
0.86487220E-01   0.44134623E-01
0.92067924E-01   0.45179239E-01
0.97804914E-01   0.46190656E-01
0.10369599E+00   0.47168241E-01
0.10973891E+00   0.48111385E-01
0.11593134E+00   0.49019512E-01
0.12227091E+00   0.49892076E-01
0.12875520E+00   0.50728563E-01
0.13538172E+00   0.51528496E-01
0.14214794E+00   0.52291434E-01
0.14905125E+00   0.53016977E-01
0.15608902E+00   0.53704763E-01
0.16325855E+00   0.54354473E-01
0.17055710E+00   0.54965828E-01
0.17798186E+00   0.55538597E-01
0.18552999E+00   0.56072590E-01
0.19319860E+00   0.56567663E-01
0.20098475E+00   0.57023719E-01
0.20888547E+00   0.57440705E-01
0.21689771E+00   0.57818615E-01
0.22501842E+00   0.58157490E-01
0.23324448E+00   0.58457416E-01
0.24157273E+00   0.58718523E-01
0.25000000E+00   0.58940989E-01
0.25852305E+00   0.59125036E-01
0.26713861E+00   0.59270927E-01
0.27584338E+00   0.59378971E-01
0.28463404E+00   0.59449518E-01
0.29350721E+00   0.59482956E-01
0.30245948E+00   0.59479716E-01
0.31148744E+00   0.59440266E-01
0.32058763E+00   0.59365108E-01
0.32975654E+00   0.59254783E-01
0.33899069E+00   0.59109862E-01
0.34828652E+00   0.58930949E-01
0.35764047E+00   0.58718678E-01
0.36704897E+00   0.58473711E-01
0.37650840E+00   0.58196736E-01
0.38601514E+00   0.57888466E-01
0.39556555E+00   0.57549636E-01
0.40515598E+00   0.57181001E-01
0.41478274E+00   0.56783336E-01
0.42444215E+00   0.56357434E-01
0.43413051E+00   0.55904099E-01
0.44384410E+00   0.55424153E-01
0.45357921E+00   0.54918425E-01
0.46333210E+00   0.54387758E-01
0.47309904E+00   0.53833000E-01
0.48287629E+00   0.53255006E-01
0.49266009E+00   0.52654638E-01
0.50244671E+00   0.52032757E-01
0.51223240E+00   0.51390231E-01
0.52201339E+00   0.50727924E-01
0.53178595E+00   0.50046704E-01
0.54154634E+00   0.49347433E-01
0.55129080E+00   0.48630972E-01
0.56101562E+00   0.47898180E-01
0.57071706E+00   0.47149907E-01
0.58039141E+00   0.46387003E-01
0.59003495E+00   0.45610306E-01
0.59964401E+00   0.44820653E-01
0.60921488E+00   0.44018869E-01
0.61874392E+00   0.43205774E-01
0.62822746E+00   0.42382180E-01
0.63766187E+00   0.41548889E-01
0.64704355E+00   0.40706698E-01
0.65636889E+00   0.39856392E-01
0.66563432E+00   0.38998750E-01
0.67483629E+00   0.38134541E-01
0.68397128E+00   0.37264527E-01
0.69303578E+00   0.36389462E-01
0.70202633E+00   0.35510092E-01
0.71093948E+00   0.34627154E-01
0.71977181E+00   0.33741381E-01
0.72851995E+00   0.32853497E-01
0.73718053E+00   0.31964220E-01
0.74575025E+00   0.31074262E-01
0.75422581E+00   0.30184329E-01
0.76260397E+00   0.29295122E-01
0.77088153E+00   0.28407338E-01
0.77905530E+00   0.27521670E-01
0.78712216E+00   0.26638804E-01
0.79507902E+00   0.25759425E-01
0.80292283E+00   0.24884216E-01
0.81065058E+00   0.24013852E-01
0.81825932E+00   0.23149011E-01
0.82574612E+00   0.22290365E-01
0.83310813E+00   0.21438585E-01
0.84034251E+00   0.20594338E-01
0.84744650E+00   0.19758292E-01
0.85441738E+00   0.18931110E-01
0.86125247E+00   0.18113455E-01
0.86794916E+00   0.17305986E-01
0.87450488E+00   0.16509361E-01
0.88091712E+00   0.15724233E-01
0.88718342E+00   0.14951256E-01
0.89330139E+00   0.14191076E-01
0.89926867E+00   0.13444338E-01
0.90508298E+00   0.12711682E-01
0.91074210E+00   0.11993743E-01
0.91624385E+00   0.11291151E-01
0.92158614E+00   0.10604528E-01
0.92676690E+00   0.99344910E-02
0.93178416E+00   0.92816483E-02
0.93663600E+00   0.86465995E-02
0.94132055E+00   0.80299346E-02
0.94583602E+00   0.74322332E-02
0.95018068E+00   0.68540636E-02
0.95435287E+00   0.62959813E-02
0.95835099E+00   0.57585286E-02
0.96217350E+00   0.52422330E-02
0.96581895E+00   0.47476068E-02
0.96928593E+00   0.42751452E-02
0.97257311E+00   0.38253261E-02
0.97567925E+00   0.33986084E-02
0.97860314E+00   0.29954314E-02
0.98134367E+00   0.26162134E-02
0.98389978E+00   0.22613513E-02
0.98627051E+00   0.19312188E-02
0.98845493E+00   0.16261663E-02
0.99045221E+00   0.13465195E-02
0.99226160E+00   0.10925787E-02
0.99388239E+00   0.86461819E-03
0.99531396E+00   0.66288534E-03
0.99655576E+00   0.48760002E-03
0.99760733E+00   0.33895399E-03
0.99846825E+00   0.21711042E-03
0.99913820E+00   0.12220342E-03
0.99961692E+00   0.54337676E-04