1.03515625 0.09765625 
1.00585938 0.048828125 
1.01074219 0.0244140625 
1.00341797 0.0122070312 
1.01318359 0.0170898438 
1.00219727 0.00854492188 
1.00219727 0.00610351562 
1.00463867 0.00610351562 
1.00036621 0.00305175781 
0.999450684 0.00152587891 
0.999298096 0.000762939453 
0.999221802 0.000381469727 
0.999221802 0.000228881836 
0.99937439 0.000228881836 
0.999526978 0.000228881836 
0.999679565 0.000228881836 
1.00021362 0.00106811523 
0.999832153 7.62939453e-05 
1.00280762 0.00427246094 
1.00402832 0.00427246094 
1.00524902 0.00427246094 
1.00189209 0.00213623047 
1.00708008 0.00854492188 
1.00952148 0.00854492188 
1.02539062 0.068359375 
1.02539062 0.048828125 
1.04492188 0.048828125 
1.06445312 0.068359375 
1.08398438 0.068359375 
1.03027344 0.0341796875 
1.04003906 0.0341796875 
1.04980469 0.0341796875 
1.01806641 0.0170898438 
1.02294922 0.0170898438 
0.999221802 -0.000228881836 
0.99937439 -0.000228881836 
0.999526978 -0.000228881836 
0.999221802 -0.000381469727 
0.999526978 -0.000534057617 
0.999679565 -0.000534057617 
0.999298096 -0.000762939453 
0.999794006 -3.81469727e-05 
0.999794006 -0.000114440918 
1.00189209 -0.00213623047 
1.00280762 -0.00427246094 
1.00402832 -0.00427246094 
1.00524902 -0.00427246094 
1.00219727 -0.00610351562 
1.00708008 -0.00854492188 
1.00952148 -0.00854492188 
1.00341797 -0.0122070312 
1.01318359 -0.0122070312 
1.00830078 -0.0170898438 
1.01318359 -0.0170898438 
1.01074219 -0.0244140625 
1.01806641 -0.0170898438 
1.02294922 -0.0170898438 
1.03027344 -0.0244140625 
1.02050781 -0.0341796875 
1.03027344 -0.0341796875 
1.04003906 -0.0341796875 
1.04980469 -0.0341796875 
1.02539062 -0.048828125 
1.08398438 -0.068359375 
1000 1000
