    0.10000000E+01  -0.38788960E-15
    0.99997598E+00  -0.34078877E-05
    0.99990392E+00  -0.13630605E-04
    0.99978383E+00  -0.30665313E-04
    0.99961572E+00  -0.54507286E-04
    0.99939961E+00  -0.85149909E-04
    0.99913551E+00  -0.12258469E-03
    0.99882345E+00  -0.16680125E-03
    0.99846347E+00  -0.21778736E-03
    0.99805559E+00  -0.27552891E-03
    0.99759986E+00  -0.34000995E-03
    0.99709632E+00  -0.41121269E-03
    0.99654502E+00  -0.48911752E-03
    0.99594601E+00  -0.57370300E-03
    0.99529935E+00  -0.66494589E-03
    0.99460510E+00  -0.76282119E-03
    0.99386332E+00  -0.86730211E-03
    0.99307410E+00  -0.97836012E-03
    0.99223750E+00  -0.10959649E-02
    0.99135360E+00  -0.12200846E-02
    0.99042250E+00  -0.13506855E-02
    0.98944427E+00  -0.14877322E-02
    0.98841902E+00  -0.16311879E-02
    0.98734684E+00  -0.17810138E-02
    0.98622783E+00  -0.19371698E-02
    0.98506211E+00  -0.20996143E-02
    0.98384978E+00  -0.22683037E-02
    0.98259096E+00  -0.24431935E-02
    0.98128578E+00  -0.26242371E-02
    0.97993435E+00  -0.28113870E-02
    0.97853681E+00  -0.30045939E-02
    0.97709329E+00  -0.32038072E-02
    0.97560393E+00  -0.34089750E-02
    0.97406887E+00  -0.36200440E-02
    0.97248826E+00  -0.38369595E-02
    0.97086226E+00  -0.40596658E-02
    0.96919102E+00  -0.42881057E-02
    0.96747469E+00  -0.45222208E-02
    0.96571345E+00  -0.47619517E-02
    0.96390746E+00  -0.50072378E-02
    0.96205690E+00  -0.52580172E-02
    0.96016195E+00  -0.55142272E-02
    0.95822278E+00  -0.57758038E-02
    0.95623958E+00  -0.60426823E-02
    0.95421255E+00  -0.63147966E-02
    0.95214188E+00  -0.65920801E-02
    0.95002776E+00  -0.68744650E-02
    0.94787041E+00  -0.71618826E-02
    0.94567002E+00  -0.74542636E-02
    0.94342681E+00  -0.77515377E-02
    0.94114100E+00  -0.80536338E-02
    0.93881280E+00  -0.83604802E-02
    0.93644244E+00  -0.86720043E-02
    0.93403015E+00  -0.89881330E-02
    0.93157615E+00  -0.93087924E-02
    0.92908069E+00  -0.96339079E-02
    0.92654400E+00  -0.99634047E-02
    0.92396632E+00  -0.10297207E-01
    0.92134791E+00  -0.10635238E-01
    0.91868902E+00  -0.10977422E-01
    0.91598990E+00  -0.11323682E-01
    0.91325081E+00  -0.11673939E-01
    0.91047202E+00  -0.12028116E-01
    0.90765378E+00  -0.12386134E-01
    0.90479638E+00  -0.12747914E-01
    0.90190009E+00  -0.13113377E-01
    0.89896517E+00  -0.13482443E-01
    0.89599193E+00  -0.13855033E-01
    0.89298064E+00  -0.14231065E-01
    0.88993159E+00  -0.14610460E-01
    0.88684507E+00  -0.14993137E-01
    0.88372139E+00  -0.15379015E-01
    0.88056084E+00  -0.15768012E-01
    0.87736372E+00  -0.16160047E-01
    0.87413035E+00  -0.16555037E-01
    0.87086102E+00  -0.16952902E-01
    0.86755607E+00  -0.17353559E-01
    0.86421580E+00  -0.17756925E-01
    0.86084054E+00  -0.18162919E-01
    0.85743060E+00  -0.18571457E-01
    0.85398632E+00  -0.18982457E-01
    0.85050803E+00  -0.19395835E-01
    0.84699607E+00  -0.19811509E-01
    0.84345076E+00  -0.20229396E-01
    0.83987246E+00  -0.20649412E-01
    0.83626150E+00  -0.21071473E-01
    0.83261823E+00  -0.21495496E-01
    0.82894300E+00  -0.21921397E-01
    0.82523617E+00  -0.22349093E-01
    0.82149808E+00  -0.22778499E-01
    0.81772911E+00  -0.23209531E-01
    0.81392961E+00  -0.23642105E-01
    0.81009995E+00  -0.24076136E-01
    0.80624049E+00  -0.24511540E-01
    0.80235161E+00  -0.24948232E-01
    0.79843367E+00  -0.25386127E-01
    0.79448707E+00  -0.25825140E-01
    0.79051217E+00  -0.26265186E-01
    0.78650935E+00  -0.26706178E-01
    0.78247901E+00  -0.27148033E-01
    0.77842152E+00  -0.27590663E-01
    0.77433729E+00  -0.28033982E-01
    0.77022670E+00  -0.28477905E-01
    0.76609014E+00  -0.28922344E-01
    0.76192802E+00  -0.29367214E-01
    0.75774072E+00  -0.29812426E-01
    0.75352867E+00  -0.30257893E-01
    0.74929226E+00  -0.30703529E-01
    0.74503189E+00  -0.31149244E-01
    0.74074798E+00  -0.31594950E-01
    0.73644094E+00  -0.32040560E-01
    0.73211118E+00  -0.32485984E-01
    0.72775912E+00  -0.32931132E-01
    0.72338518E+00  -0.33375915E-01
    0.71898977E+00  -0.33820244E-01
    0.71457332E+00  -0.34264027E-01
    0.71013626E+00  -0.34707173E-01
    0.70567901E+00  -0.35149592E-01
    0.70120199E+00  -0.35591192E-01
    0.69670564E+00  -0.36031881E-01
    0.69219039E+00  -0.36471565E-01
    0.68765668E+00  -0.36910153E-01
    0.68310494E+00  -0.37347550E-01
    0.67853560E+00  -0.37783663E-01
    0.67394911E+00  -0.38218396E-01
    0.66934590E+00  -0.38651655E-01
    0.66472643E+00  -0.39083345E-01
    0.66009113E+00  -0.39513370E-01
    0.65544044E+00  -0.39941632E-01
    0.65077482E+00  -0.40368036E-01
    0.64609472E+00  -0.40792482E-01
    0.64140057E+00  -0.41214874E-01
    0.63669284E+00  -0.41635113E-01
    0.63197198E+00  -0.42053099E-01
    0.62723844E+00  -0.42468733E-01
    0.62249267E+00  -0.42881914E-01
    0.61773513E+00  -0.43292542E-01
    0.61296628E+00  -0.43700516E-01
    0.60818658E+00  -0.44105734E-01
    0.60339648E+00  -0.44508093E-01
    0.59859645E+00  -0.44907491E-01
    0.59378694E+00  -0.45303825E-01
    0.58896842E+00  -0.45696990E-01
    0.58414136E+00  -0.46086883E-01
    0.57930621E+00  -0.46473399E-01
    0.57446344E+00  -0.46856432E-01
    0.56961351E+00  -0.47235878E-01
    0.56475690E+00  -0.47611631E-01
    0.55989407E+00  -0.47983583E-01
    0.55502548E+00  -0.48351629E-01
    0.55015160E+00  -0.48715662E-01
    0.54527290E+00  -0.49075573E-01
    0.54038986E+00  -0.49431257E-01
    0.53550293E+00  -0.49782604E-01
    0.53061260E+00  -0.50129506E-01
    0.52571932E+00  -0.50471856E-01
    0.52082357E+00  -0.50809545E-01
    0.51592582E+00  -0.51142464E-01
    0.51102654E+00  -0.51470505E-01
    0.50612620E+00  -0.51793559E-01
    0.50122527E+00  -0.52111516E-01
    0.49632422E+00  -0.52424269E-01
    0.49142353E+00  -0.52731709E-01
    0.48652366E+00  -0.53033726E-01
    0.48162509E+00  -0.53330213E-01
    0.47672828E+00  -0.53621060E-01
    0.47183370E+00  -0.53906161E-01
    0.46694184E+00  -0.54185406E-01
    0.46205315E+00  -0.54458689E-01
    0.45716810E+00  -0.54725903E-01
    0.45228718E+00  -0.54986940E-01
    0.44741083E+00  -0.55241695E-01
    0.44253954E+00  -0.55490061E-01
    0.43767377E+00  -0.55731933E-01
    0.43281399E+00  -0.55967207E-01
    0.42796066E+00  -0.56195780E-01
    0.42311425E+00  -0.56417547E-01
    0.41827524E+00  -0.56632406E-01
    0.41344407E+00  -0.56840257E-01
    0.40862122E+00  -0.57040998E-01
    0.40380715E+00  -0.57234529E-01
    0.39900232E+00  -0.57420753E-01
    0.39420720E+00  -0.57599571E-01
    0.38942224E+00  -0.57770887E-01
    0.38464791E+00  -0.57934606E-01
    0.37988466E+00  -0.58090635E-01
    0.37513295E+00  -0.58238879E-01
    0.37039323E+00  -0.58379249E-01
    0.36566598E+00  -0.58511654E-01
    0.36095162E+00  -0.58636006E-01
    0.35625063E+00  -0.58752218E-01
    0.35156345E+00  -0.58860205E-01
    0.34689053E+00  -0.58959883E-01
    0.34223232E+00  -0.59051172E-01
    0.33758927E+00  -0.59133990E-01
    0.33296183E+00  -0.59208260E-01
    0.32835043E+00  -0.59273905E-01
    0.32375553E+00  -0.59330851E-01
    0.31917756E+00  -0.59379026E-01
    0.31461697E+00  -0.59418360E-01
    0.31007418E+00  -0.59448784E-01
    0.30554965E+00  -0.59470233E-01
    0.30104379E+00  -0.59482643E-01
    0.29655706E+00  -0.59485951E-01
    0.29208987E+00  -0.59480101E-01
    0.28764266E+00  -0.59465033E-01
    0.28321585E+00  -0.59440695E-01
    0.27880987E+00  -0.59407033E-01
    0.27442514E+00  -0.59364000E-01
    0.27006209E+00  -0.59311547E-01
    0.26572112E+00  -0.59249630E-01
    0.26140267E+00  -0.59178208E-01
    0.25710715E+00  -0.59097241E-01
    0.25283496E+00  -0.59006694E-01
    0.24858652E+00  -0.58906532E-01
    0.24436223E+00  -0.58796724E-01
    0.24016251E+00  -0.58677242E-01
    0.23598775E+00  -0.58548061E-01
    0.23183836E+00  -0.58409158E-01
    0.22771474E+00  -0.58260512E-01
    0.22361727E+00  -0.58102108E-01
    0.21954637E+00  -0.57933931E-01
    0.21550240E+00  -0.57755970E-01
    0.21148578E+00  -0.57568216E-01
    0.20749687E+00  -0.57370664E-01
    0.20353607E+00  -0.57163311E-01
    0.19960375E+00  -0.56946158E-01
    0.19570030E+00  -0.56719208E-01
    0.19182608E+00  -0.56482466E-01
    0.18798147E+00  -0.56235943E-01
    0.18416685E+00  -0.55979649E-01
    0.18038256E+00  -0.55713600E-01
    0.17662899E+00  -0.55437813E-01
    0.17290649E+00  -0.55152310E-01
    0.16921541E+00  -0.54857112E-01
    0.16555612E+00  -0.54552246E-01
    0.16192896E+00  -0.54237742E-01
    0.15833429E+00  -0.53913631E-01
    0.15477244E+00  -0.53579947E-01
    0.15124376E+00  -0.53236728E-01
    0.14774859E+00  -0.52884013E-01
    0.14428727E+00  -0.52521844E-01
    0.14086012E+00  -0.52150268E-01
    0.13746748E+00  -0.51769331E-01
    0.13410967E+00  -0.51379084E-01
    0.13078702E+00  -0.50979579E-01
    0.12749984E+00  -0.50570871E-01
    0.12424845E+00  -0.50153018E-01
    0.12103317E+00  -0.49726079E-01
    0.11785430E+00  -0.49290117E-01
    0.11471214E+00  -0.48845195E-01
    0.11160700E+00  -0.48391380E-01
    0.10853918E+00  -0.47928741E-01
    0.10550898E+00  -0.47457347E-01
    0.10251667E+00  -0.46977271E-01
    0.99562560E-01  -0.46488587E-01
    0.96646922E-01  -0.45991372E-01
    0.93770039E-01  -0.45485703E-01
    0.90932187E-01  -0.44971659E-01
    0.88133639E-01  -0.44449323E-01
    0.85374663E-01  -0.43918775E-01
    0.82655525E-01  -0.43380101E-01
    0.79976487E-01  -0.42833386E-01
    0.77337805E-01  -0.42278716E-01
    0.74739733E-01  -0.41716179E-01
    0.72182521E-01  -0.41145864E-01
    0.69666414E-01  -0.40567862E-01
    0.67191654E-01  -0.39982262E-01
    0.64758479E-01  -0.39389157E-01
    0.62367123E-01  -0.38788640E-01
    0.60017816E-01  -0.38180802E-01
    0.57710782E-01  -0.37565740E-01
    0.55446245E-01  -0.36943545E-01
    0.53224421E-01  -0.36314314E-01
    0.51045523E-01  -0.35678141E-01
    0.48909762E-01  -0.35035121E-01
    0.46817343E-01  -0.34385350E-01
    0.44768466E-01  -0.33728923E-01
    0.42763328E-01  -0.33065936E-01
    0.40802123E-01  -0.32396483E-01
    0.38885037E-01  -0.31720659E-01
    0.37012257E-01  -0.31038560E-01
    0.35183961E-01  -0.30350279E-01
    0.33400326E-01  -0.29655910E-01
    0.31661522E-01  -0.28955546E-01
    0.29967716E-01  -0.28249280E-01
    0.28319072E-01  -0.27537203E-01
    0.26715749E-01  -0.26819406E-01
    0.25157898E-01  -0.26095979E-01
    0.23645672E-01  -0.25367011E-01
    0.22179214E-01  -0.24632589E-01
    0.20758667E-01  -0.23892801E-01
    0.19384165E-01  -0.23147731E-01
    0.18055842E-01  -0.22397464E-01
    0.16773825E-01  -0.21642081E-01
    0.15538237E-01  -0.20881665E-01
    0.14349196E-01  -0.20116295E-01
    0.13206818E-01  -0.19346047E-01
    0.12111212E-01  -0.18571000E-01
    0.11062483E-01  -0.17791226E-01
    0.10060732E-01  -0.17006799E-01
    0.91060546E-02  -0.16217789E-01
    0.81985434E-02  -0.15424265E-01
    0.73382852E-02  -0.14626294E-01
    0.65253628E-02  -0.13823939E-01
    0.57598542E-02  -0.13017264E-01
    0.50418330E-02  -0.12206329E-01
    0.43713682E-02  -0.11391192E-01
    0.37485241E-02  -0.10571909E-01
    0.31733607E-02  -0.97485329E-02
    0.26459332E-02  -0.89211151E-02
    0.21662922E-02  -0.80897045E-02
    0.17344840E-02  -0.72543472E-02
    0.13505498E-02  -0.64150872E-02
    0.10145267E-02  -0.55719659E-02
    0.72644690E-03  -0.47250221E-02
    0.48633810E-03  -0.38742921E-02
    0.29422338E-03  -0.30198099E-02
    0.15012118E-03  -0.21616065E-02
    0.54045356E-04  -0.12997107E-02
    0.60051357E-05  -0.43414854E-03
    0.60051357E-05   0.43414854E-03
    0.54045356E-04   0.12997107E-02
    0.15012118E-03   0.21616065E-02
    0.29422338E-03   0.30198099E-02
    0.48633810E-03   0.38742921E-02
    0.72644690E-03   0.47250221E-02
    0.10145267E-02   0.55719659E-02
    0.13505498E-02   0.64150872E-02
    0.17344840E-02   0.72543472E-02
    0.21662922E-02   0.80897045E-02
    0.26459332E-02   0.89211151E-02
    0.31733607E-02   0.97485329E-02
    0.37485241E-02   0.10571909E-01
    0.43713682E-02   0.11391192E-01
    0.50418330E-02   0.12206329E-01
    0.57598542E-02   0.13017264E-01
    0.65253628E-02   0.13823939E-01
    0.73382852E-02   0.14626294E-01
    0.81985434E-02   0.15424265E-01
    0.91060546E-02   0.16217789E-01
    0.10060732E-01   0.17006799E-01
    0.11062483E-01   0.17791226E-01
    0.12111212E-01   0.18571000E-01
    0.13206818E-01   0.19346047E-01
    0.14349196E-01   0.20116295E-01
    0.15538237E-01   0.20881665E-01
    0.16773825E-01   0.21642081E-01
    0.18055842E-01   0.22397464E-01
    0.19384165E-01   0.23147731E-01
    0.20758667E-01   0.23892801E-01
    0.22179214E-01   0.24632589E-01
    0.23645672E-01   0.25367011E-01
    0.25157898E-01   0.26095979E-01
    0.26715749E-01   0.26819406E-01
    0.28319072E-01   0.27537203E-01
    0.29967716E-01   0.28249280E-01
    0.31661522E-01   0.28955546E-01
    0.33400326E-01   0.29655910E-01
    0.35183961E-01   0.30350279E-01
    0.37012257E-01   0.31038560E-01
    0.38885037E-01   0.31720659E-01
    0.40802123E-01   0.32396483E-01
    0.42763328E-01   0.33065936E-01
    0.44768466E-01   0.33728923E-01
    0.46817343E-01   0.34385350E-01
    0.48909762E-01   0.35035121E-01
    0.51045523E-01   0.35678141E-01
    0.53224421E-01   0.36314314E-01
    0.55446245E-01   0.36943545E-01
    0.57710782E-01   0.37565740E-01
    0.60017816E-01   0.38180802E-01
    0.62367123E-01   0.38788640E-01
    0.64758479E-01   0.39389157E-01
    0.67191654E-01   0.39982262E-01
    0.69666414E-01   0.40567862E-01
    0.72182521E-01   0.41145864E-01
    0.74739733E-01   0.41716179E-01
    0.77337805E-01   0.42278716E-01
    0.79976487E-01   0.42833386E-01
    0.82655525E-01   0.43380101E-01
    0.85374663E-01   0.43918775E-01
    0.88133639E-01   0.44449323E-01
    0.90932187E-01   0.44971659E-01
    0.93770039E-01   0.45485703E-01
    0.96646922E-01   0.45991372E-01
    0.99562560E-01   0.46488587E-01
    0.10251667E+00   0.46977271E-01
    0.10550898E+00   0.47457347E-01
    0.10853918E+00   0.47928741E-01
    0.11160700E+00   0.48391380E-01
    0.11471214E+00   0.48845195E-01
    0.11785430E+00   0.49290117E-01
    0.12103317E+00   0.49726079E-01
    0.12424845E+00   0.50153018E-01
    0.12749984E+00   0.50570871E-01
    0.13078702E+00   0.50979579E-01
    0.13410967E+00   0.51379084E-01
    0.13746748E+00   0.51769331E-01
    0.14086012E+00   0.52150268E-01
    0.14428727E+00   0.52521844E-01
    0.14774859E+00   0.52884013E-01
    0.15124376E+00   0.53236728E-01
    0.15477244E+00   0.53579947E-01
    0.15833429E+00   0.53913631E-01
    0.16192896E+00   0.54237742E-01
    0.16555612E+00   0.54552246E-01
    0.16921541E+00   0.54857112E-01
    0.17290649E+00   0.55152310E-01
    0.17662899E+00   0.55437813E-01
    0.18038256E+00   0.55713600E-01
    0.18416685E+00   0.55979649E-01
    0.18798147E+00   0.56235943E-01
    0.19182608E+00   0.56482466E-01
    0.19570030E+00   0.56719208E-01
    0.19960375E+00   0.56946158E-01
    0.20353607E+00   0.57163311E-01
    0.20749687E+00   0.57370664E-01
    0.21148578E+00   0.57568216E-01
    0.21550240E+00   0.57755970E-01
    0.21954637E+00   0.57933931E-01
    0.22361727E+00   0.58102108E-01
    0.22771474E+00   0.58260512E-01
    0.23183836E+00   0.58409158E-01
    0.23598775E+00   0.58548061E-01
    0.24016251E+00   0.58677242E-01
    0.24436223E+00   0.58796724E-01
    0.24858652E+00   0.58906532E-01
    0.25283496E+00   0.59006694E-01
    0.25710715E+00   0.59097241E-01
    0.26140267E+00   0.59178208E-01
    0.26572112E+00   0.59249630E-01
    0.27006209E+00   0.59311547E-01
    0.27442514E+00   0.59364000E-01
    0.27880987E+00   0.59407033E-01
    0.28321585E+00   0.59440695E-01
    0.28764266E+00   0.59465033E-01
    0.29208987E+00   0.59480101E-01
    0.29655706E+00   0.59485951E-01
    0.30104379E+00   0.59482643E-01
    0.30554965E+00   0.59470233E-01
    0.31007418E+00   0.59448784E-01
    0.31461697E+00   0.59418360E-01
    0.31917756E+00   0.59379026E-01
    0.32375553E+00   0.59330851E-01
    0.32835043E+00   0.59273905E-01
    0.33296183E+00   0.59208260E-01
    0.33758927E+00   0.59133990E-01
    0.34223232E+00   0.59051172E-01
    0.34689053E+00   0.58959883E-01
    0.35156345E+00   0.58860205E-01
    0.35625063E+00   0.58752218E-01
    0.36095162E+00   0.58636006E-01
    0.36566598E+00   0.58511654E-01
    0.37039323E+00   0.58379249E-01
    0.37513295E+00   0.58238879E-01
    0.37988466E+00   0.58090635E-01
    0.38464791E+00   0.57934606E-01
    0.38942224E+00   0.57770887E-01
    0.39420720E+00   0.57599571E-01
    0.39900232E+00   0.57420753E-01
    0.40380715E+00   0.57234529E-01
    0.40862122E+00   0.57040998E-01
    0.41344407E+00   0.56840257E-01
    0.41827524E+00   0.56632406E-01
    0.42311425E+00   0.56417547E-01
    0.42796066E+00   0.56195780E-01
    0.43281399E+00   0.55967207E-01
    0.43767377E+00   0.55731933E-01
    0.44253954E+00   0.55490061E-01
    0.44741083E+00   0.55241695E-01
    0.45228718E+00   0.54986940E-01
    0.45716810E+00   0.54725903E-01
    0.46205315E+00   0.54458689E-01
    0.46694184E+00   0.54185406E-01
    0.47183370E+00   0.53906161E-01
    0.47672828E+00   0.53621060E-01
    0.48162509E+00   0.53330213E-01
    0.48652366E+00   0.53033726E-01
    0.49142353E+00   0.52731709E-01
    0.49632422E+00   0.52424269E-01
    0.50122527E+00   0.52111516E-01
    0.50612620E+00   0.51793559E-01
    0.51102654E+00   0.51470505E-01
    0.51592582E+00   0.51142464E-01
    0.52082357E+00   0.50809545E-01
    0.52571932E+00   0.50471856E-01
    0.53061260E+00   0.50129506E-01
    0.53550293E+00   0.49782604E-01
    0.54038986E+00   0.49431257E-01
    0.54527290E+00   0.49075573E-01
    0.55015160E+00   0.48715662E-01
    0.55502548E+00   0.48351629E-01
    0.55989407E+00   0.47983583E-01
    0.56475690E+00   0.47611631E-01
    0.56961351E+00   0.47235878E-01
    0.57446344E+00   0.46856432E-01
    0.57930621E+00   0.46473399E-01
    0.58414136E+00   0.46086883E-01
    0.58896842E+00   0.45696990E-01
    0.59378694E+00   0.45303825E-01
    0.59859645E+00   0.44907491E-01
    0.60339648E+00   0.44508093E-01
    0.60818658E+00   0.44105734E-01
    0.61296628E+00   0.43700516E-01
    0.61773513E+00   0.43292542E-01
    0.62249267E+00   0.42881914E-01
    0.62723844E+00   0.42468733E-01
    0.63197198E+00   0.42053099E-01
    0.63669284E+00   0.41635113E-01
    0.64140057E+00   0.41214874E-01
    0.64609472E+00   0.40792482E-01
    0.65077482E+00   0.40368036E-01
    0.65544044E+00   0.39941632E-01
    0.66009113E+00   0.39513370E-01
    0.66472643E+00   0.39083345E-01
    0.66934590E+00   0.38651655E-01
    0.67394911E+00   0.38218396E-01
    0.67853560E+00   0.37783663E-01
    0.68310494E+00   0.37347550E-01
    0.68765668E+00   0.36910153E-01
    0.69219039E+00   0.36471565E-01
    0.69670564E+00   0.36031881E-01
    0.70120199E+00   0.35591192E-01
    0.70567901E+00   0.35149592E-01
    0.71013626E+00   0.34707173E-01
    0.71457332E+00   0.34264027E-01
    0.71898977E+00   0.33820244E-01
    0.72338518E+00   0.33375915E-01
    0.72775912E+00   0.32931132E-01
    0.73211118E+00   0.32485984E-01
    0.73644094E+00   0.32040560E-01
    0.74074798E+00   0.31594950E-01
    0.74503189E+00   0.31149244E-01
    0.74929226E+00   0.30703529E-01
    0.75352867E+00   0.30257893E-01
    0.75774072E+00   0.29812426E-01
    0.76192802E+00   0.29367214E-01
    0.76609014E+00   0.28922344E-01
    0.77022670E+00   0.28477905E-01
    0.77433729E+00   0.28033982E-01
    0.77842152E+00   0.27590663E-01
    0.78247901E+00   0.27148033E-01
    0.78650935E+00   0.26706178E-01
    0.79051217E+00   0.26265186E-01
    0.79448707E+00   0.25825140E-01
    0.79843367E+00   0.25386127E-01
    0.80235161E+00   0.24948232E-01
    0.80624049E+00   0.24511540E-01
    0.81009995E+00   0.24076136E-01
    0.81392961E+00   0.23642105E-01
    0.81772911E+00   0.23209531E-01
    0.82149808E+00   0.22778499E-01
    0.82523617E+00   0.22349093E-01
    0.82894300E+00   0.21921397E-01
    0.83261823E+00   0.21495496E-01
    0.83626150E+00   0.21071473E-01
    0.83987246E+00   0.20649412E-01
    0.84345076E+00   0.20229396E-01
    0.84699607E+00   0.19811509E-01
    0.85050803E+00   0.19395835E-01
    0.85398632E+00   0.18982457E-01
    0.85743060E+00   0.18571457E-01
    0.86084054E+00   0.18162919E-01
    0.86421580E+00   0.17756925E-01
    0.86755607E+00   0.17353559E-01
    0.87086102E+00   0.16952902E-01
    0.87413035E+00   0.16555037E-01
    0.87736372E+00   0.16160047E-01
    0.88056084E+00   0.15768012E-01
    0.88372139E+00   0.15379015E-01
    0.88684507E+00   0.14993137E-01
    0.88993159E+00   0.14610460E-01
    0.89298064E+00   0.14231065E-01
    0.89599193E+00   0.13855033E-01
    0.89896517E+00   0.13482443E-01
    0.90190009E+00   0.13113377E-01
    0.90479638E+00   0.12747914E-01
    0.90765378E+00   0.12386134E-01
    0.91047202E+00   0.12028116E-01
    0.91325081E+00   0.11673939E-01
    0.91598990E+00   0.11323682E-01
    0.91868902E+00   0.10977422E-01
    0.92134791E+00   0.10635238E-01
    0.92396632E+00   0.10297207E-01
    0.92654400E+00   0.99634047E-02
    0.92908069E+00   0.96339079E-02
    0.93157615E+00   0.93087924E-02
    0.93403015E+00   0.89881330E-02
    0.93644244E+00   0.86720043E-02
    0.93881280E+00   0.83604802E-02
    0.94114100E+00   0.80536338E-02
    0.94342681E+00   0.77515377E-02
    0.94567002E+00   0.74542636E-02
    0.94787041E+00   0.71618826E-02
    0.95002776E+00   0.68744650E-02
    0.95214188E+00   0.65920801E-02
    0.95421255E+00   0.63147966E-02
    0.95623958E+00   0.60426823E-02
    0.95822278E+00   0.57758038E-02
    0.96016195E+00   0.55142272E-02
    0.96205690E+00   0.52580172E-02
    0.96390746E+00   0.50072378E-02
    0.96571345E+00   0.47619517E-02
    0.96747469E+00   0.45222208E-02
    0.96919102E+00   0.42881057E-02
    0.97086226E+00   0.40596658E-02
    0.97248826E+00   0.38369595E-02
    0.97406887E+00   0.36200440E-02
    0.97560393E+00   0.34089750E-02
    0.97709329E+00   0.32038072E-02
    0.97853681E+00   0.30045939E-02
    0.97993435E+00   0.28113870E-02
    0.98128578E+00   0.26242371E-02
    0.98259096E+00   0.24431935E-02
    0.98384978E+00   0.22683037E-02
    0.98506211E+00   0.20996143E-02
    0.98622783E+00   0.19371698E-02
    0.98734684E+00   0.17810138E-02
    0.98841902E+00   0.16311879E-02
    0.98944427E+00   0.14877322E-02
    0.99042250E+00   0.13506855E-02
    0.99135360E+00   0.12200846E-02
    0.99223750E+00   0.10959649E-02
    0.99307410E+00   0.97836012E-03
    0.99386332E+00   0.86730211E-03
    0.99460510E+00   0.76282119E-03
    0.99529935E+00   0.66494589E-03
    0.99594601E+00   0.57370300E-03
    0.99654502E+00   0.48911752E-03
    0.99709632E+00   0.41121269E-03
    0.99759986E+00   0.34000995E-03
    0.99805559E+00   0.27552891E-03
    0.99846347E+00   0.21778736E-03
    0.99882345E+00   0.16680125E-03
    0.99913551E+00   0.12258469E-03
    0.99939961E+00   0.85149909E-04
    0.99961572E+00   0.54507286E-04
    0.99978383E+00   0.30665313E-04
    0.99990392E+00   0.13630605E-04