-0.0146484375 0.0048828125 
-0.00732421875 0.00732421875 
-0.00732421875 0.00244140625 
-0.00244140625 0.00244140625 
0.0219726562 0.0268554688 
-0.0146484375 -0.0048828125 
-0.00732421875 -0.00244140625 
-0.00244140625 -0.00244140625 
-0.00732421875 -0.00732421875 
0.0219726562 -0.0268554688 
0.999145508 -0.00183105469 
1000 1000
-0.00122070312 0.00366210938 
-0.00122070312 -0.00366210938 
0.999450684 -0.00152587891 
1000 1000
-0.00244140625 0.0122070312 
-0.00122070312 0.00854492188 
-0.00122070312 0.00122070312 
0.0122070312 0.0366210938 
0.0048828125 0.0244140625 
0.7421875 0.1953125 
0.751953125 0.048828125 
0.80078125 0.13671875 
-0.00122070312 -0.00854492188 
-0.00244140625 -0.0122070312 
-0.00244140625 -0.0170898438 
0.0048828125 -0.0244140625 
0.999450684 -0.000915527344 
1.00006104 -0.000915527344 
1000 1000
-0.000610351562 0.00915527344 
-0.000610351562 0.00793457031 
-0.000610351562 0.00427246094 
-0.000610351562 0.00183105469 
0.0122070312 0.0219726562 
0.72265625 0.13671875 
0.72265625 0.09765625 
0.76171875 0.09765625 
0.751953125 0.068359375 
-0.00122070312 -0.00122070312 
-0.000610351562 -0.00793457031 
-0.000610351562 -0.00915527344 
0.0122070312 -0.0219726562 
0.999603271 -0.000762939453 
0.999908447 -0.000762939453 
1000 1000
-0.000610351562 0.00305175781 
-0.00183105469 0.00183105469 
0.0109863281 0.0231933594 
0.000610351562 0.00427246094 
0.0109863281 -0.0231933594 
1000 1000
0.00610351562 0.0231933594 
0.00854492188 0.0207519531 
0.0109863281 0.0207519531 
0.72265625 0.17578125 
0.732421875 0.107421875 
0.751953125 0.087890625 
0.969238281 0.00732421875 
0.987548828 0.00366210938 
-0.00183105469 -0.000610351562 
-0.00183105469 -0.00427246094 
-0.000610351562 -0.00427246094 
0.00854492188 -0.0207519531 
0.0109863281 -0.0207519531 
0.969238281 -0.00732421875 
0.987548828 -0.00366210938 
1000 1000
0.83984375 0.13671875 
0.80078125 0.09765625 
0.83984375 0.09765625 
0.87890625 0.13671875 
0.87890625 0.09765625 
0.83984375 0.05859375 
0.87890625 0.05859375 
0.869140625 0.029296875 
1000 1000
0.80078125 0.17578125 
0.771484375 0.048828125 
0.810546875 0.126953125 
0.830078125 0.146484375 
0.791015625 0.107421875 
0.810546875 0.107421875 
0.791015625 0.087890625 
0.810546875 0.087890625 
0.830078125 0.107421875 
0.830078125 0.087890625 
0.791015625 0.068359375 
0.810546875 0.068359375 
0.791015625 0.048828125 
0.810546875 0.048828125 
0.000610351562 -0.00427246094 
1000 1000
0.771484375 0.146484375 
0.771484375 0.107421875 
0.771484375 0.087890625 
0.771484375 0.068359375 
0.791015625 0.146484375 
0.791015625 0.126953125 
0.786132812 0.102539062 
0.786132812 0.0927734375 
0.786132812 0.0830078125 
0.786132812 0.0732421875 
0.786132812 0.0634765625 
0.786132812 0.0537109375 
1000 1000
0.859375 0.390625 
0.7421875 0.2734375 
0.76171875 0.21484375 
0.8203125 0.2734375 
0.766601562 0.112304688 
0.766601562 0.102539062 
0.776367188 0.102539062 
0.766601562 0.0927734375 
0.776367188 0.0927734375 
0.766601562 0.0830078125 
0.776367188 0.0830078125 
0.756835938 0.0732421875 
0.756835938 0.0634765625 
0.776367188 0.0732421875 
0.766601562 0.0634765625 
0.756835938 0.0537109375 
0.756835938 0.0439453125 
0.766601562 0.0537109375 
0.766601562 0.0439453125 
0.766601562 0.0341796875 
0.786132812 0.112304688 
0.959472656 0.00732421875 
0.996704102 0.00183105469 
0.959472656 -0.00732421875 
1000 1000
-0.000610351562 0.000610351562 
0.7421875 0.3515625 
0.8203125 0.3515625 
0.76171875 0.25390625 
0.732421875 0.185546875 
0.732421875 0.166015625 
0.751953125 0.166015625 
0.80078125 0.29296875 
0.732421875 0.146484375 
0.732421875 0.126953125 
0.751953125 0.146484375 
0.747070312 0.131835938 
0.747070312 0.122070312 
0.712890625 0.087890625 
0.732421875 0.087890625 
0.747070312 0.112304688 
0.747070312 0.0830078125 
0.712890625 0.068359375 
0.732421875 0.068359375 
0.712890625 0.048828125 
0.732421875 0.048828125 
0.747070312 0.0732421875 
0.747070312 0.0634765625 
0.747070312 0.0537109375 
0.747070312 0.0439453125 
0.949707031 0.00732421875 
0.992431641 0.00122070312 
0.998840332 0.000915527344 
0.949707031 -0.00732421875 
1000 1000
0.771484375 0.263671875 
0.771484375 0.185546875 
0.771484375 0.166015625 
0.791015625 0.166015625 
0.766601562 0.151367188 
0.766601562 0.141601562 
0.776367188 0.141601562 
0.756835938 0.131835938 
0.756835938 0.122070312 
0.766601562 0.131835938 
0.776367188 0.131835938 
0.766601562 0.122070312 
0.776367188 0.122070312 
0.756835938 0.112304688 
0.756835938 0.102539062 
0.764160156 0.109863281 
0.764160156 0.104980469 
0.764160156 0.100097656 
0.756835938 0.0927734375 
0.756835938 0.0830078125 
0.764160156 0.0952148438 
0.764160156 0.0903320312 
0.764160156 0.0854492188 
0.764160156 0.0805664062 
0.754394531 0.0659179688 
0.754394531 0.0610351562 
0.759277344 0.0610351562 
0.759277344 0.0561523438 
0.749511719 0.0415039062 
0.756835938 0.0341796875 
0.786132812 0.151367188 
0.997619629 0.000915527344 
1000 1000
0.766601562 0.180664062 
0.747070312 0.161132812 
0.766601562 0.170898438 
0.747070312 0.151367188 
0.756835938 0.151367188 
0.756835938 0.141601562 
0.737304688 0.102539062 
0.737304688 0.0927734375 
0.744628906 0.109863281 
0.747070312 0.102539062 
0.747070312 0.0927734375 
0.744628906 0.0854492188 
0.744628906 0.0805664062 
1000 1000