12 6.7519481866152455 6.751948186615245
17 6.806689008701122 6.806689008701124
24 6.731264305596511 6.731264305596511
29 6.598292309283074 6.598292309283071
51 6.8265228506848725 6.826522850684873
67 6.864395724167401 6.864395724167401
119 7.023799296745029 7.023799296745028
122 6.113906846529641 6.113906846529643
134 6.0619906272022845 6.0619906272022845
135 7.406883076808974 7.406883076808972
136 9.304163208275213 9.304163208275213
147 6.932690435089049 6.932690435089049
148 6.434595886595521 6.43459588659552
149 6.242180065120633 6.242180065120631
161 6.61129938446282 6.611299384462818
162 7.826838842699911 7.826838842699912
163 9.37775700333293 9.377757003332931
164 11.393786831387633 11.393786831387628
179 6.033721806288101 6.033721806288101
181 6.830716406268356 6.830716406268357
182 6.058941669179069 6.0589416691790685
183 7.738775676669078 7.7387756766690785
184 6.75188840252421 6.751888402524209
185 8.767268779716469 8.767268779716469
186 7.490244279070954 7.490244279070954
187 6.745986855274914 6.745986855274913
222 6.538377695930123 6.538377695930124
303 6.934070041432211 6.934070041432212
381 7.184889671420973 7.184889671420975
400 6.7747647738458445 6.7747647738458445
419 6.538377695930122 6.538377695930125
454 6.745986855274914 6.745986855274913
455 7.490244279070953 7.490244279070953
456 11.678550016505211 11.678550016505207
457 6.751888402524213 6.751888402524213
458 10.493743853604554 10.493743853604554
459 6.058941669179071 6.058941669179069
460 9.390442995260019 9.390442995260013
462 8.377640609017659 8.37764060901766
464 7.458403897232171 7.458403897232168
466 6.631479498191879 6.631479498191884
477 11.393786831387633 11.39378683138763
478 9.37775700333293 9.377757003332931
479 7.82683884269991 7.826838842699911
480 6.61129938446282 6.611299384462817
492 6.242180065120631 6.242180065120629
493 6.434595886595521 6.43459588659552
494 6.932690435089049 6.932690435089049
496 7.363927432536832 7.363927432536832
505 9.304163208275217 9.304163208275215
506 7.406883076808975 7.406883076808974
507 6.0619906272022845 6.0619906272022845
519 6.113906846529641 6.113906846529643
539 6.103869886812392 6.103869886812393
540 11.899426923006226 11.899426923006224
541 6.8072368092159286 6.807236809215928
550 10.857937130683329 10.85793713068333
573 9.286699523253578 9.286699523253578
612 6.598292309283074 6.598292309283071
617 6.731264305596513 6.731264305596513
629 6.751948186615246 6.7519481866152455
630 6.0466971690774525 6.046697169077451
