1 1.0 -3.878896e-16 160 2 0 1 8 928 560 930 2 559 927 929 160 
2 0.99961929 -5.4000823e-05 1 3 0 1 8 1 560 929 925 559 926 927 3 
3 0.99847774 -0.00021576597 2 4 0 1 7 925 559 926 915 916 2 4 
4 0.9965771 -0.0004845861 3 5 0 1 12 914 888 913 3 5 918 917 915 919 921 939 920 
5 0.99392025 -0.00085928751 4 6 0 1 10 888 886 887 4 6 885 890 893 889 913 
6 0.99051124 -0.0013382449 5 7 0 1 7 885 889 876 881 882 5 7 
7 0.98635526 -0.0019193984 6 8 0 1 12 875 878 869 877 6 8 872 871 874 879 873 880 
8 0.98145864 -0.0026002754 7 9 0 1 10 869 872 870 871 7 9 864 905 863 877 
9 0.97582885 -0.0033780154 8 10 0 1 12 870 10 863 864 8 871 866 873 865 869 862 905 
10 0.96947444 -0.0042493982 9 11 0 1 10 9 864 11 865 863 870 862 866 868 905 
11 0.9624051 -0.0052108746 10 12 0 1 6 10 863 12 862 865 864 
12 0.95463159 -0.0062585983 11 13 0 1 12 11 865 13 861 862 863 843 866 867 864 845 870 
13 0.94616576 -0.0073884592 12 14 0 1 12 12 862 14 843 861 865 867 863 845 866 844 864 
14 0.93702048 -0.0085961165 13 15 0 1 12 13 861 15 843 845 862 844 867 842 865 847 863 
15 0.9272097 -0.0098770308 14 16 0 1 12 843 14 845 16 844 861 842 862 847 867 841 865 
16 0.91674835 -0.011226495 15 17 0 1 12 15 845 17 844 842 843 847 861 841 867 846 862 
17 0.90565236 -0.012639665 16 18 0 1 12 16 844 18 842 841 843 846 845 840 861 837 867 
18 0.89393863 -0.014111582 17 19 0 1 12 17 844 19 842 841 845 846 843 840 861 837 847 
19 0.88162499 -0.015637198 18 20 0 1 6 18 842 20 841 846 844 
20 0.8687302 -0.017211397 19 21 0 1 10 19 21 841 840 842 844 837 846 839 845 
21 0.8552739 -0.018829006 20 22 0 1 6 20 841 22 840 837 842 
22 0.84127657 -0.020484809 21 23 0 1 6 841 846 23 840 21 837 
23 0.82675954 -0.022173553 22 24 0 1 12 22 840 24 837 836 841 839 842 822 846 838 849 
24 0.8117449 -0.02388995 23 25 0 1 12 23 840 25 836 837 841 822 846 839 842 821 849 
25 0.79625553 -0.025628679 24 26 0 1 6 24 837 26 822 836 839 
26 0.78031501 -0.027384378 25 27 0 1 12 25 836 27 821 822 837 825 838 824 839 827 840 
27 0.76394762 -0.029151639 26 28 0 1 10 26 822 28 824 821 826 823 825 833 836 
28 0.74717827 -0.030924997 27 29 0 1 12 27 821 29 823 824 820 832 822 829 825 819 826 
29 0.73003252 -0.03269892 28 30 0 1 10 28 824 30 823 820 821 832 826 829 825 
30 0.71253646 -0.034467793 29 31 0 1 12 29 823 31 820 819 824 829 826 818 821 828 825 
31 0.69471675 -0.036225908 30 32 0 1 12 30 823 32 820 819 824 829 826 818 832 828 821 
32 0.67660051 -0.03796745 31 33 0 1 10 31 820 33 819 818 823 828 829 793 832 
33 0.65821535 -0.039686488 32 34 0 1 6 820 829 34 818 819 32 
34 0.63958924 -0.041376966 33 35 0 1 12 33 819 35 793 818 820 792 829 828 823 799 832 
35 0.62075057 -0.043032695 34 36 0 1 6 34 818 36 792 793 819 
36 0.60172801 -0.044647355 35 37 0 1 6 35 793 37 791 792 818 
37 0.58255053 -0.046214499 36 38 0 1 12 36 792 38 790 791 793 789 799 798 818 788 819 
38 0.56324735 -0.047727556 37 39 0 1 12 37 791 39 789 790 792 798 793 788 799 795 818 
39 0.54384785 -0.049179848 38 40 0 1 12 38 790 40 788 789 791 787 798 795 792 786 793 
40 0.52438157 -0.050564611 39 41 0 1 12 39 789 41 787 788 790 795 791 786 798 794 792 
41 0.50487817 -0.051875017 40 42 0 1 12 40 788 42 786 787 789 794 795 771 790 770 791 
42 0.48536734 -0.053104207 41 43 0 1 10 41 787 43 771 786 788 770 794 783 789 
43 0.46587879 -0.054245327 42 44 0 1 12 42 786 44 770 771 787 783 794 769 788 768 789 
44 0.44644221 -0.055291571 43 45 0 1 10 43 771 45 769 770 786 768 783 782 787 
45 0.42708718 -0.056236231 44 46 0 1 12 44 770 46 768 769 771 782 783 767 786 777 787 
46 0.40784319 -0.057072742 45 47 0 1 10 45 769 47 767 768 770 777 782 766 771 
47 0.38873953 -0.057794743 46 48 0 1 10 46 768 48 766 767 769 777 782 776 770 
48 0.36980531 -0.058396132 47 49 0 1 8 47 767 49 766 765 777 776 768 
49 0.35106935 -0.058871124 48 50 0 1 6 766 48 776 50 764 765 
50 0.33256019 -0.059214312 49 51 0 1 6 49 765 51 772 764 774 
51 0.31430602 -0.059420723 50 52 0 1 12 50 764 52 753 772 752 755 765 747 773 754 766 
52 0.29633462 -0.059485877 51 53 0 1 6 51 772 53 753 752 764 
53 0.27867337 -0.059405838 52 54 0 1 6 52 753 54 752 747 772 
54 0.26134917 -0.059177261 53 55 0 1 6 53 753 55 752 747 772 
55 0.24438839 -0.058797436 54 56 0 1 10 54 752 747 56 749 753 746 754 745 772 
56 0.22781687 -0.058264324 55 57 0 1 12 55 57 747 746 752 753 749 754 745 772 744 755 
57 0.21165984 -0.057576583 56 58 0 1 6 56 747 58 746 745 749 
58 0.1959419 -0.056733589 57 59 0 1 12 57 746 59 745 744 747 748 749 735 752 734 751 
59 0.18068699 -0.055735444 58 60 0 1 12 58 60 744 745 735 746 748 747 734 749 741 750 
60 0.16591835 -0.054582975 59 61 0 1 12 59 745 61 744 735 734 741 746 731 748 733 747 
61 0.15165845 -0.053277727 60 62 0 1 12 60 744 62 735 734 745 731 748 733 746 741 747 
62 0.13792902 -0.051821935 61 63 0 1 10 61 735 63 734 731 744 733 741 730 745 
63 0.12475097 -0.050218499 62 64 0 1 12 62 64 731 734 730 735 733 744 732 741 727 745 
64 0.11214435 -0.048470941 63 65 0 1 6 63 734 65 730 731 733 
65 0.10012838 -0.046583347 64 66 0 1 12 64 731 66 732 730 727 726 733 729 734 723 740 
66 0.088721349 -0.044560316 65 67 0 1 6 65 730 67 727 732 726 
67 0.077940625 -0.042406886 66 68 0 1 12 66 732 68 726 727 730 723 731 725 733 729 734 
68 0.067802628 -0.040128457 67 69 0 1 7 67 727 723 69 725 726 729 
69 0.058322796 -0.037730713 68 70 0 1 12 68 70 723 722 726 727 725 729 724 732 719 730 
70 0.049515566 -0.035219534 69 71 0 1 6 69 723 71 722 719 725 
71 0.041394349 -0.032600908 70 72 0 1 6 70 72 719 722 717 723 
72 0.033971513 -0.029880838 71 73 0 1 12 71 722 717 73 719 716 715 723 714 724 713 725 
73 0.027258362 -0.027065253 72 74 0 1 6 72 716 74 717 715 719 
74 0.021265118 -0.024159922 73 75 0 1 12 73 75 715 716 713 717 714 719 712 718 711 722 
75 0.016000908 -0.02117036 74 76 0 1 6 74 716 713 714 76 715 
76 0.011473749 -0.01810176 75 77 0 1 6 75 77 713 711 716 715 
77 0.0076905349 -0.014958905 76 78 0 1 12 76 712 710 713 711 78 716 714 709 715 708 663 
78 0.004657027 -0.011746112 77 79 0 1 7 711 708 707 709 710 77 79 
79 0.0023778447 -0.0084671713 78 80 0 1 10 705 704 706 707 78 80 708 654 650 709 
80 0.00085645882 -0.0051252956 79 81 0 1 10 648 645 650 704 79 81 643 647 644 705 
81 9.5186251e-05 -0.0017230882 80 82 0 1 8 643 233 645 82 80 644 642 648 
82 9.5186251e-05 0.0017230882 81 83 0 1 8 233 231 643 81 83 230 228 232 
83 0.00085645882 0.0051252956 82 84 0 1 10 228 226 231 315 82 84 233 227 314 230 
84 0.0023778447 0.0084671713 83 85 0 1 10 314 312 315 313 83 85 310 222 308 226 
85 0.004657027 0.011746112 84 86 0 1 7 311 310 308 313 309 84 86 
86 0.0076905349 0.014958905 85 87 0 1 12 87 307 304 309 311 85 302 303 306 308 211 310 
87 0.011473749 0.01810176 86 88 0 1 6 88 86 304 306 303 311 
88 0.016000908 0.02117036 87 89 0 1 6 306 89 304 302 303 87 
89 0.021265118 0.024159922 88 90 0 1 10 90 88 303 306 305 304 293 302 292 307 
90 0.027258362 0.027065253 89 91 0 1 12 91 306 305 89 293 303 298 304 299 302 296 307 
91 0.033971513 0.029880838 90 92 0 1 12 92 298 305 293 90 306 299 303 296 302 297 304 
92 0.041394349 0.032600908 91 93 0 1 6 93 91 293 298 299 305 
93 0.049515566 0.035219534 92 94 0 1 6 94 299 92 298 297 293 
94 0.058322796 0.037730713 93 95 0 1 12 95 93 299 300 301 298 295 297 316 296 318 293 
95 0.067802628 0.040128457 94 96 0 1 7 96 301 299 297 94 300 295 
96 0.077940625 0.042406886 95 97 0 1 12 97 316 95 300 301 318 319 299 317 297 320 295 
97 0.088721349 0.044560316 96 98 0 1 6 318 98 301 96 316 300 
98 0.10012838 0.046583347 97 99 0 1 12 99 319 97 316 318 301 317 300 320 295 288 299 
99 0.11214435 0.048470941 98 100 0 1 6 100 320 98 318 319 317 
100 0.12475097 0.050218499 99 101 0 1 12 101 319 99 320 321 318 330 317 289 316 331 301 
101 0.13792902 0.051821935 100 102 0 1 12 102 321 100 320 330 319 289 317 331 318 324 316 
102 0.15165845 0.053277727 101 103 0 1 12 103 330 101 321 331 320 324 319 332 317 333 289 
103 0.16591835 0.054582975 102 104 0 1 12 104 331 102 330 321 320 332 289 324 319 333 317 
104 0.18068699 0.055735444 103 105 0 1 10 105 103 330 331 332 321 333 324 325 320 
105 0.1959419 0.056733589 104 106 0 1 10 106 332 104 331 333 330 325 324 328 321 
106 0.21165984 0.057576583 105 107 0 1 6 107 333 105 332 325 331 
107 0.22781687 0.058264324 106 108 0 1 12 108 106 333 328 332 329 326 325 346 331 327 330 
108 0.24438839 0.058797436 107 109 0 1 12 109 328 333 325 107 329 326 332 346 331 344 324 
109 0.26134917 0.059177261 108 110 0 1 6 110 329 108 328 346 333 
110 0.27867337 0.059405838 109 111 0 1 6 111 329 109 328 346 333 
111 0.29633462 0.059485877 110 112 0 1 6 112 346 110 329 356 328 
112 0.31430602 0.059420723 111 113 0 1 10 356 113 111 329 346 328 357 327 347 333 
113 0.33256019 0.059214312 112 114 0 1 6 114 357 112 346 356 344 
114 0.35106935 0.058871124 113 115 0 1 6 358 350 115 113 356 357 
115 0.36980531 0.058396132 114 116 0 1 10 116 359 114 358 351 357 360 350 349 356 
116 0.38873953 0.057794743 115 117 0 1 12 117 360 115 358 359 361 354 351 362 350 363 357 
117 0.40784319 0.057072742 116 118 0 1 12 118 361 116 359 360 362 354 351 363 358 355 350 
118 0.42708718 0.056236231 117 119 0 1 12 119 362 117 360 361 363 355 354 372 359 373 351 
119 0.44644221 0.055291571 118 120 0 1 12 120 363 118 361 362 372 355 360 373 354 366 359 
120 0.46587879 0.054245327 119 121 0 1 10 121 372 119 362 363 373 366 355 374 361 
121 0.48536734 0.053104207 120 122 0 1 12 122 373 120 363 372 374 366 362 375 355 367 361 
122 0.50487817 0.051875017 121 123 0 1 10 123 374 121 372 373 375 367 366 376 363 
123 0.52438157 0.050564611 122 124 0 1 10 124 375 122 373 374 376 377 367 370 372 
124 0.54384785 0.049179848 123 125 0 1 12 125 376 123 374 375 377 370 373 378 367 379 372 
125 0.56324735 0.047727556 124 126 0 1 10 126 377 124 375 376 378 379 370 371 374 
126 0.58255053 0.046214499 125 127 0 1 12 127 378 125 376 377 379 371 375 404 370 405 374 
127 0.60172801 0.044647355 126 128 0 1 6 128 379 126 377 378 404 
128 0.62075057 0.043032695 127 129 0 1 6 129 404 127 378 379 405 
129 0.63958924 0.041376966 128 130 0 1 12 130 405 128 379 404 406 399 378 407 398 402 371 
130 0.65821535 0.039686488 129 131 0 1 6 406 399 129 404 405 131 
131 0.67660051 0.03796745 130 132 0 1 12 132 406 130 407 405 404 399 398 402 379 410 378 
132 0.69471675 0.036225908 131 133 0 1 10 133 407 131 406 410 405 408 399 402 404 
133 0.71253646 0.034467793 132 134 0 1 12 134 407 132 406 410 405 408 399 412 404 411 398 
134 0.73003252 0.03269892 133 135 0 1 12 135 410 133 407 412 406 408 402 411 399 413 405 
135 0.74717827 0.030924997 134 136 0 1 12 412 136 134 407 410 406 413 402 411 399 408 405 
136 0.76394762 0.029151639 135 137 0 1 12 137 413 135 410 412 408 411 407 424 403 409 402 
137 0.78031501 0.027384378 136 138 0 1 10 138 424 136 412 413 425 422 411 423 410 
138 0.79625553 0.025628679 137 139 0 1 6 139 425 413 137 424 423 
139 0.8117449 0.02388995 138 140 0 1 12 140 426 138 424 425 429 427 413 430 423 417 412 
140 0.82675954 0.022173553 139 141 0 1 12 141 426 139 425 429 424 430 423 427 413 417 422 
141 0.84127657 0.020484809 140 142 0 1 6 429 427 140 426 142 425 
142 0.8552739 0.018829006 141 143 0 1 6 143 429 141 430 426 425 
143 0.8687302 0.017211397 142 144 0 1 6 144 142 429 430 427 426 
144 0.88162499 0.015637198 143 145 0 1 6 145 430 143 429 431 427 
145 0.89393863 0.014111582 144 146 0 1 12 146 431 144 430 432 429 433 427 463 426 428 420 
146 0.90565236 0.012639665 145 147 0 1 12 147 431 145 430 433 429 432 427 463 426 458 420 
147 0.91674835 0.011226495 146 148 0 1 10 148 432 146 431 433 430 463 428 458 429 
148 0.9272097 0.0098770308 147 149 0 1 12 433 432 149 147 431 463 464 430 458 428 465 429 
149 0.93702048 0.0085961165 148 150 0 1 12 150 463 148 433 464 432 458 431 465 430 461 428 
150 0.94616576 0.0073884592 149 151 0 1 10 151 464 149 433 463 465 467 458 461 432 
151 0.95463159 0.0062585983 150 152 0 1 12 152 465 150 463 464 467 466 433 468 458 461 432 
152 0.9624051 0.0052108746 151 153 0 1 6 467 153 151 464 465 468 
153 0.96947444 0.0042493982 152 154 0 1 12 154 468 152 465 467 485 466 464 479 462 488 461 
154 0.97582885 0.0033780154 153 155 0 1 12 485 153 467 468 155 488 486 466 490 465 479 462 
155 0.98145864 0.0026002754 154 156 0 1 10 490 489 485 488 154 156 468 479 501 467 
156 0.98635526 0.0019193984 155 157 0 1 12 507 502 490 501 155 157 489 488 499 487 500 486 
157 0.99051124 0.0013382449 156 158 0 1 7 517 511 508 505 506 156 158 
158 0.99392025 0.00085928751 157 159 0 1 12 520 518 519 157 159 517 515 512 553 511 547 513 
159 0.9965771 0.0004845861 158 160 0 1 12 554 520 553 158 160 548 555 547 551 545 546 539 
160 0.99847774 0.00021576597 159 1 0 1 6 559 557 555 556 159 1 
161 -7.5 7.5 166 162 2 1 8 162 164 166 165 163 167 172 631 
162 -3.75 8.75 161 163 2 1 8 163 165 161 166 164 168 234 167 
163 -1.25 8.75 162 234 2 1 7 234 236 162 164 165 169 168 
164 -3.75 6.25 0 0 1 1 7 165 163 168 161 166 162 167 
165 -1.25 6.25 0 0 1 1 9 236 234 242 164 162 167 163 168 169 
166 -7.5 2.5 631 161 2 1 8 167 172 161 631 164 170 632 173 
167 -3.75 3.75 0 0 1 1 7 168 170 166 161 631 164 172 
168 -1.875 4.375 0 0 1 1 7 169 165 171 167 164 172 170 
169 -0.625 4.375 0 0 1 1 7 242 236 244 168 165 170 171 
170 -1.875 3.125 0 0 1 1 8 171 169 174 167 164 172 168 173 
171 -0.625 3.125 0 0 1 1 9 244 242 250 170 168 173 169 174 175 
172 -3.75 1.25 0 0 1 1 7 173 178 166 161 631 167 632 
173 -1.875 1.875 0 0 1 1 7 174 176 172 167 632 170 178 
174 -0.9375 2.1875 0 0 1 1 7 175 171 177 173 170 178 176 
175 -0.3125 2.1875 0 0 1 1 7 250 244 252 174 171 176 177 
176 -0.9375 1.5625 0 0 1 1 8 177 175 180 173 170 178 174 179 
177 -0.3125 1.5625 0 0 1 1 9 252 250 258 176 174 179 175 180 181 
178 -1.875 0.625 0 0 1 1 7 179 184 172 167 632 173 633 
179 -0.9375 0.9375 0 0 1 1 7 180 182 178 173 633 176 184 
180 -0.46875 1.09375 0 0 1 1 7 181 177 183 179 176 184 182 
181 -0.15625 1.09375 0 0 1 1 7 258 252 260 180 177 182 183 
182 -0.46875 0.78125 0 0 1 1 8 183 181 186 179 176 184 180 185 
183 -0.15625 0.78125 0 0 1 1 9 260 258 266 182 180 185 181 186 187 
184 -0.9375 0.3125 0 0 1 1 7 185 190 178 173 633 179 634 
185 -0.46875 0.46875 0 0 1 1 7 186 188 184 179 634 182 190 
186 -0.234375 0.546875 0 0 1 1 7 187 183 189 185 182 190 188 
187 -0.078125 0.546875 0 0 1 1 7 266 260 268 186 183 188 189 
188 -0.234375 0.390625 0 0 1 1 8 189 187 192 185 182 190 186 191 
189 -0.078125 0.390625 0 0 1 1 9 268 266 274 188 186 191 187 192 193 
190 -0.46875 0.15625 0 0 1 1 7 191 196 184 179 634 185 635 
191 -0.234375 0.234375 0 0 1 1 7 192 194 190 185 635 188 196 
192 -0.1171875 0.2734375 0 0 1 1 7 193 189 195 191 188 196 194 
193 -0.0390625 0.2734375 0 0 1 1 7 274 268 276 192 189 194 195 
194 -0.1171875 0.1953125 0 0 1 1 8 195 193 198 191 188 196 192 197 
195 -0.0390625 0.1953125 0 0 1 1 9 276 274 282 194 192 197 193 198 199 
196 -0.234375 0.078125 0 0 1 1 7 197 202 190 185 635 191 636 
197 -0.1171875 0.1171875 0 0 1 1 7 198 200 196 191 636 194 202 
198 -0.05859375 0.13671875 0 0 1 1 7 199 195 201 197 194 202 200 
199 -0.01953125 0.13671875 0 0 1 1 7 282 276 284 198 195 200 201 
200 -0.05859375 0.09765625 0 0 1 1 8 201 199 204 197 194 202 198 203 
201 -0.01953125 0.09765625 0 0 1 1 9 284 282 290 200 198 203 199 204 205 
202 -0.1171875 0.0390625 0 0 1 1 7 203 208 196 191 636 197 637 
203 -0.05859375 0.05859375 0 0 1 1 7 204 206 202 197 637 200 208 
204 -0.029296875 0.068359375 0 0 1 1 7 205 201 207 203 200 208 206 
205 -0.009765625 0.068359375 0 0 1 1 7 290 284 292 204 201 206 207 
206 -0.029296875 0.048828125 0 0 1 1 8 207 205 210 203 200 208 204 209 
207 -0.009765625 0.048828125 0 0 1 1 9 292 290 302 206 204 209 205 210 211 
208 -0.05859375 0.01953125 0 0 1 1 7 209 214 202 197 637 203 638 
209 -0.029296875 0.029296875 0 0 1 1 7 210 212 208 203 638 206 214 
210 -0.0146484375 0.0341796875 0 0 1 1 7 211 207 213 209 206 214 212 
211 -0.0048828125 0.0341796875 0 0 1 1 7 302 292 304 210 207 212 213 
212 -0.0146484375 0.0244140625 0 0 1 1 8 213 211 216 209 206 214 210 215 
213 -0.0048828125 0.0244140625 0 0 1 1 9 304 302 307 212 210 215 211 216 217 
214 -0.029296875 0.009765625 0 0 1 1 7 215 223 208 203 638 209 639 
215 -0.0146484375 0.0146484375 0 0 1 1 7 216 218 214 209 639 212 223 
216 -0.00732421875 0.0170898438 0 0 1 1 7 217 213 219 215 212 223 218 
217 -0.00244140625 0.0170898438 0 0 1 1 8 307 304 308 216 213 218 219 220 
218 -0.00732421875 0.0122070312 0 0 1 1 7 219 221 215 212 223 216 224 
219 -0.00366210938 0.0134277344 0 0 1 1 7 220 217 222 218 216 224 221 
220 -0.00122070312 0.0134277344 0 0 1 1 7 308 307 310 219 217 221 222 
221 -0.00366210938 0.0109863281 0 0 1 1 8 222 220 226 218 216 224 219 225 
222 -0.00122070312 0.0109863281 0 0 1 1 8 310 308 312 221 219 225 220 226 
223 -0.0146484375 0.0048828125 0 0 1 1 7 224 229 214 209 639 215 640 
224 -0.00732421875 0.00732421875 0 0 1 1 7 225 227 223 215 640 218 229 
225 -0.00366210938 0.00854492188 0 0 1 1 8 226 222 228 224 218 229 221 227 
226 -0.00122070312 0.00854492188 0 0 1 1 7 312 314 225 221 227 222 228 
227 -0.00366210938 0.00610351562 0 0 1 1 8 228 226 231 224 218 229 225 230 
228 -0.00122070312 0.00610351562 0 0 1 1 7 315 83 227 225 230 226 231 
229 -0.00732421875 0.00244140625 0 0 1 1 7 230 232 223 215 640 224 641 
230 -0.00366210938 0.00366210938 0 0 1 1 8 231 228 233 229 224 641 227 232 
231 -0.00122070312 0.00366210938 0 0 1 1 7 83 82 230 227 232 228 233 
232 -0.00366210938 0.00122070312 0 0 1 1 8 233 231 643 229 224 641 230 642 
233 -0.00122070312 0.00122070312 0 0 1 1 7 82 81 232 230 642 231 643 
234 1.25 8.75 163 235 2 1 7 235 237 163 165 236 243 242 
235 3.75 8.75 234 238 2 1 7 238 240 234 236 237 247 246 
236 1.25 6.25 0 0 1 1 9 237 235 246 165 163 169 234 242 243 
237 3.75 6.25 0 0 1 1 9 240 238 627 236 234 243 235 246 247 
238 6.25 8.75 235 239 2 1 7 239 241 235 237 240 627 247 
239 8.75 8.75 238 241 2 1 7 238 240 241 628 627 235 237 
240 6.25 6.25 0 0 1 1 8 241 239 628 237 235 247 238 627 
241 8.75 6.25 239 628 2 1 7 240 238 627 239 628 247 237 
242 0.625 4.375 0 0 1 1 7 243 236 245 169 165 171 244 
243 1.875 4.375 0 0 1 1 7 246 237 248 242 236 244 245 
244 0.625 3.125 0 0 1 1 9 245 243 254 171 169 175 242 250 251 
245 1.875 3.125 0 0 1 1 9 248 246 623 244 242 251 243 254 255 
246 3.125 4.375 0 0 1 1 7 247 237 249 243 236 245 248 
247 4.375 4.375 0 0 1 1 7 627 240 629 246 237 248 249 
248 3.125 3.125 0 0 1 1 8 249 247 624 245 243 255 246 623 
249 4.375 3.125 0 0 1 1 8 627 240 629 248 246 623 247 624 
250 0.3125 2.1875 0 0 1 1 7 251 244 253 175 171 177 252 
251 0.9375 2.1875 0 0 1 1 7 254 245 256 250 244 252 253 
252 0.3125 1.5625 0 0 1 1 9 253 251 262 177 175 181 250 258 259 
253 0.9375 1.5625 0 0 1 1 9 256 254 607 252 250 259 251 262 263 
254 1.5625 2.1875 0 0 1 1 7 255 245 257 251 244 253 256 
255 2.1875 2.1875 0 0 1 1 7 623 248 625 254 245 256 257 
256 1.5625 1.5625 0 0 1 1 9 257 255 611 253 251 263 254 607 608 
257 2.1875 1.5625 0 0 1 1 8 623 248 625 256 254 608 255 611 
258 0.15625 1.09375 0 0 1 1 7 259 252 261 181 177 183 260 
259 0.46875 1.09375 0 0 1 1 7 262 253 264 258 252 260 261 
260 0.15625 0.78125 0 0 1 1 9 261 259 270 183 181 187 258 266 267 
261 0.46875 0.78125 0 0 1 1 9 264 262 380 260 258 267 259 270 271 
262 0.78125 1.09375 0 0 1 1 7 263 253 265 259 252 261 264 
263 1.09375 1.09375 0 0 1 1 7 607 256 609 262 253 264 265 
264 0.78125 0.78125 0 0 1 1 9 265 263 384 261 259 271 262 380 381 
265 1.09375 0.78125 0 0 1 1 9 609 607 612 264 262 381 263 384 385 
266 0.078125 0.546875 0 0 1 1 7 267 260 269 187 183 189 268 
267 0.234375 0.546875 0 0 1 1 7 270 261 272 266 260 268 269 
268 0.078125 0.390625 0 0 1 1 9 269 267 278 189 187 193 266 274 275 
269 0.234375 0.390625 0 0 1 1 9 272 270 334 268 266 275 267 278 279 
270 0.390625 0.546875 0 0 1 1 7 271 261 273 267 260 269 272 
271 0.546875 0.546875 0 0 1 1 7 380 264 382 270 261 272 273 
272 0.390625 0.390625 0 0 1 1 9 273 271 338 269 267 279 270 334 335 
273 0.546875 0.390625 0 0 1 1 9 382 380 388 272 270 335 271 338 339 
274 0.0390625 0.2734375 0 0 1 1 7 275 268 277 193 189 195 276 
275 0.1171875 0.2734375 0 0 1 1 7 278 269 280 274 268 276 277 
276 0.0390625 0.1953125 0 0 1 1 9 277 275 286 195 193 199 274 282 283 
277 0.1171875 0.1953125 0 0 1 1 9 280 278 322 276 274 283 275 286 287 
278 0.1953125 0.2734375 0 0 1 1 7 279 269 281 275 268 277 280 
279 0.2734375 0.2734375 0 0 1 1 7 334 272 336 278 269 280 281 
280 0.1953125 0.1953125 0 0 1 1 9 281 279 326 277 275 287 278 322 323 
281 0.2734375 0.1953125 0 0 1 1 9 336 334 342 280 278 323 279 326 327 
282 0.01953125 0.13671875 0 0 1 1 7 283 276 285 199 195 201 284 
283 0.05859375 0.13671875 0 0 1 1 7 286 277 288 282 276 284 285 
284 0.01953125 0.09765625 0 0 1 1 9 285 283 294 201 199 205 282 290 291 
285 0.05859375 0.09765625 0 0 1 1 9 288 286 316 284 282 291 283 294 295 
286 0.09765625 0.13671875 0 0 1 1 7 287 277 289 283 276 285 288 
287 0.13671875 0.13671875 0 0 1 1 7 322 280 324 286 277 288 289 
288 0.09765625 0.09765625 0 0 1 1 9 289 287 320 285 283 295 286 316 317 
289 0.13671875 0.09765625 0 0 1 1 9 324 322 330 288 286 317 287 320 321 
290 0.009765625 0.068359375 0 0 1 1 7 291 284 293 205 201 207 292 
291 0.029296875 0.068359375 0 0 1 1 7 294 285 296 290 284 292 293 
292 0.009765625 0.048828125 0 0 1 1 9 293 291 305 207 205 211 290 302 303 
293 0.029296875 0.048828125 0 0 1 1 8 296 298 292 290 303 291 305 91 
294 0.048828125 0.068359375 0 0 1 1 8 295 285 300 291 284 293 296 297 
295 0.068359375 0.068359375 0 0 1 1 8 316 288 97 294 285 297 300 301 
296 0.0439453125 0.0537109375 0 0 1 1 6 297 294 299 293 291 298 
297 0.0537109375 0.0537109375 0 0 1 1 7 300 295 95 296 294 298 299 
298 0.0439453125 0.0439453125 0 0 1 1 7 299 297 93 293 291 296 92 
299 0.0537109375 0.0439453125 0 0 1 1 8 95 300 298 296 92 297 93 94 
300 0.0634765625 0.0537109375 0 0 1 1 7 301 295 96 297 294 299 95 
301 0.0732421875 0.0537109375 0 0 1 1 6 97 316 300 295 95 96 
302 0.0048828125 0.0341796875 0 0 1 1 7 303 292 88 211 207 213 304 
303 0.0146484375 0.0341796875 0 0 1 1 7 305 293 306 302 292 304 88 
304 0.0048828125 0.0244140625 0 0 1 1 9 88 303 87 213 211 217 302 307 86 
305 0.0244140625 0.0341796875 0 0 1 1 7 91 293 303 292 88 306 90 
306 0.0219726562 0.0268554688 0 0 1 1 5 90 305 88 303 89 
307 0.00244140625 0.0170898438 0 0 1 1 8 86 304 311 217 213 220 308 309 
308 0.00122070312 0.0134277344 0 0 1 1 7 309 307 85 220 217 222 310 
309 0.00366210938 0.0134277344 0 0 1 1 6 311 86 308 307 310 85 
310 0.00122070312 0.0109863281 0 0 1 1 8 85 309 222 220 226 308 312 313 
311 0.00610351562 0.0134277344 0 0 1 1 4 86 309 307 85 
312 0.000610351562 0.00915527344 0 0 1 1 7 313 310 84 226 222 228 314 
313 0.00183105469 0.00915527344 0 0 1 1 5 85 312 310 314 84 
314 0.000610351562 0.00793457031 0 0 1 1 7 84 313 226 222 228 312 315 
315 0.000610351562 0.00671386719 0 0 1 1 6 84 228 226 231 314 83 
316 0.087890625 0.068359375 0 0 1 1 7 317 288 318 295 285 301 97 
317 0.107421875 0.068359375 0 0 1 1 8 320 289 100 316 288 97 318 319 
318 0.102539062 0.0537109375 0 0 1 1 6 319 317 99 97 316 98 
319 0.112304688 0.0537109375 0 0 1 1 6 100 320 318 317 98 99 
320 0.126953125 0.068359375 0 0 1 1 7 321 289 101 317 288 319 100 
321 0.146484375 0.068359375 0 0 1 1 8 330 324 103 320 289 100 101 102 
322 0.17578125 0.13671875 0 0 1 1 7 323 280 325 287 277 289 324 
323 0.21484375 0.13671875 0 0 1 1 7 326 281 328 322 280 324 325 
324 0.17578125 0.09765625 0 0 1 1 9 325 323 332 289 287 321 322 330 331 
325 0.21484375 0.09765625 0 0 1 1 9 328 326 108 324 322 331 323 332 333 
326 0.25390625 0.13671875 0 0 1 1 7 327 281 329 323 280 325 328 
327 0.29296875 0.13671875 0 0 1 1 7 342 336 344 326 281 328 329 
328 0.25390625 0.09765625 0 0 1 1 9 329 327 110 325 323 333 326 108 109 
329 0.29296875 0.09765625 0 0 1 1 8 344 346 328 326 109 327 110 111 
330 0.166015625 0.068359375 0 0 1 1 7 331 324 104 321 289 102 103 
331 0.185546875 0.068359375 0 0 1 1 7 332 325 105 330 324 103 104 
332 0.205078125 0.068359375 0 0 1 1 8 333 325 107 331 324 104 105 106 
333 0.224609375 0.068359375 0 0 1 1 6 108 328 332 325 106 107 
334 0.3515625 0.2734375 0 0 1 1 7 335 272 337 279 269 281 336 
335 0.4296875 0.2734375 0 0 1 1 7 338 273 340 334 272 336 337 
336 0.3515625 0.1953125 0 0 1 1 9 337 335 352 281 279 327 334 342 343 
337 0.4296875 0.1953125 0 0 1 1 9 340 338 364 336 334 343 335 352 353 
338 0.5078125 0.2734375 0 0 1 1 7 339 273 341 335 272 337 340 
339 0.5859375 0.2734375 0 0 1 1 7 388 382 390 338 273 340 341 
340 0.5078125 0.1953125 0 0 1 1 9 341 339 368 337 335 353 338 364 365 
341 0.5859375 0.1953125 0 0 1 1 9 390 388 396 340 338 365 339 368 369 
342 0.33203125 0.13671875 0 0 1 1 8 343 336 348 327 281 329 344 345 
343 0.37109375 0.13671875 0 0 1 1 8 352 337 354 342 336 345 348 349 
344 0.322265625 0.107421875 0 0 1 1 6 345 342 347 329 327 346 
345 0.341796875 0.107421875 0 0 1 1 7 348 343 350 344 342 346 347 
346 0.322265625 0.087890625 0 0 1 1 7 347 345 356 329 327 344 112 
347 0.341796875 0.087890625 0 0 1 1 9 350 348 358 346 344 112 345 356 357 
348 0.361328125 0.107421875 0 0 1 1 7 349 343 351 345 342 347 350 
349 0.380859375 0.107421875 0 0 1 1 6 354 352 348 343 350 351 
350 0.361328125 0.087890625 0 0 1 1 8 351 349 359 347 345 357 348 358 
351 0.380859375 0.087890625 0 0 1 1 7 354 352 350 348 358 349 359 
352 0.41015625 0.13671875 0 0 1 1 7 353 337 355 343 336 349 354 
353 0.44921875 0.13671875 0 0 1 1 7 364 340 366 352 337 354 355 
354 0.41015625 0.09765625 0 0 1 1 8 355 353 362 349 351 352 360 361 
355 0.44921875 0.09765625 0 0 1 1 9 366 364 372 354 352 361 353 362 363 
356 0.336914062 0.0732421875 0 0 1 1 6 357 347 114 112 346 113 
357 0.346679688 0.0732421875 0 0 1 1 7 358 350 115 356 347 113 114 
358 0.361328125 0.068359375 0 0 1 1 7 359 351 116 357 114 350 115 
359 0.380859375 0.068359375 0 0 1 1 8 360 354 117 358 350 115 351 116 
360 0.400390625 0.068359375 0 0 1 1 7 361 354 118 359 351 116 117 
361 0.419921875 0.068359375 0 0 1 1 7 362 355 119 360 354 117 118 
362 0.439453125 0.068359375 0 0 1 1 7 363 355 120 361 354 118 119 
363 0.458984375 0.068359375 0 0 1 1 7 372 366 121 362 355 119 120 
364 0.48828125 0.13671875 0 0 1 1 7 365 340 367 353 337 355 366 
365 0.52734375 0.13671875 0 0 1 1 7 368 341 370 364 340 366 367 
366 0.48828125 0.09765625 0 0 1 1 9 367 365 374 355 353 363 364 372 373 
367 0.52734375 0.09765625 0 0 1 1 9 370 368 376 366 364 373 365 374 375 
368 0.56640625 0.13671875 0 0 1 1 7 369 341 371 365 340 367 370 
369 0.60546875 0.13671875 0 0 1 1 7 396 390 398 368 341 370 371 
370 0.56640625 0.09765625 0 0 1 1 9 371 369 378 367 365 375 368 376 377 
371 0.60546875 0.09765625 0 0 1 1 9 398 396 404 370 368 377 369 378 379 
372 0.478515625 0.068359375 0 0 1 1 7 373 366 122 363 355 120 121 
373 0.498046875 0.068359375 0 0 1 1 7 374 367 123 372 366 121 122 
374 0.517578125 0.068359375 0 0 1 1 7 375 367 124 373 366 122 123 
375 0.537109375 0.068359375 0 0 1 1 7 376 370 125 374 367 123 124 
376 0.556640625 0.068359375 0 0 1 1 7 377 370 126 375 367 124 125 
377 0.576171875 0.068359375 0 0 1 1 7 378 371 127 376 370 125 126 
378 0.595703125 0.068359375 0 0 1 1 7 379 371 128 377 370 126 127 
379 0.615234375 0.068359375 0 0 1 1 7 404 398 129 378 371 127 128 
380 0.703125 0.546875 0 0 1 1 7 381 264 383 271 261 273 382 
381 0.859375 0.546875 0 0 1 1 7 384 265 386 380 264 382 383 
382 0.703125 0.390625 0 0 1 1 9 383 381 392 273 271 339 380 388 389 
383 0.859375 0.390625 0 0 1 1 9 386 384 434 382 380 389 381 392 393 
384 1.015625 0.546875 0 0 1 1 7 385 265 387 381 264 383 386 
385 1.171875 0.546875 0 0 1 1 7 612 609 614 384 265 386 387 
386 1.015625 0.390625 0 0 1 1 9 387 385 438 383 381 393 384 434 435 
387 1.171875 0.390625 0 0 1 1 9 614 612 617 386 384 435 385 438 439 
388 0.6640625 0.2734375 0 0 1 1 7 389 382 391 339 273 341 390 
389 0.7421875 0.2734375 0 0 1 1 7 392 383 394 388 382 390 391 
390 0.6640625 0.1953125 0 0 1 1 9 391 389 400 341 339 369 388 396 397 
391 0.7421875 0.1953125 0 0 1 1 9 394 392 414 390 388 397 389 400 401 
392 0.8203125 0.2734375 0 0 1 1 7 393 383 395 389 382 391 394 
393 0.8984375 0.2734375 0 0 1 1 7 434 386 436 392 383 394 395 
394 0.8203125 0.1953125 0 0 1 1 9 395 393 418 391 389 401 392 414 415 
395 0.8984375 0.1953125 0 0 1 1 9 436 434 442 394 392 415 393 418 419 
396 0.64453125 0.13671875 0 0 1 1 7 397 390 399 369 341 371 398 
397 0.68359375 0.13671875 0 0 1 1 7 400 391 402 396 390 398 399 
398 0.64453125 0.09765625 0 0 1 1 9 399 397 406 371 369 379 396 404 405 
399 0.68359375 0.09765625 0 0 1 1 8 402 400 407 398 396 405 397 406 
400 0.72265625 0.13671875 0 0 1 1 7 401 391 403 397 390 399 402 
401 0.76171875 0.13671875 0 0 1 1 7 414 394 416 400 391 402 403 
402 0.72265625 0.09765625 0 0 1 1 8 403 401 408 399 397 406 400 407 
403 0.76171875 0.09765625 0 0 1 1 9 416 414 422 402 400 407 401 408 409 
404 0.634765625 0.068359375 0 0 1 1 7 405 398 130 379 371 128 129 
405 0.654296875 0.068359375 0 0 1 1 6 406 399 404 398 129 130 
406 0.68359375 0.05859375 0 0 1 1 8 407 402 133 405 130 399 131 132 
407 0.72265625 0.05859375 0 0 1 1 8 408 410 406 399 132 402 133 134 
408 0.751953125 0.068359375 0 0 1 1 6 409 403 411 407 402 410 
409 0.771484375 0.068359375 0 0 1 1 7 422 416 424 408 403 410 411 
410 0.751953125 0.048828125 0 0 1 1 7 411 409 412 407 402 408 135 
411 0.771484375 0.048828125 0 0 1 1 9 424 422 138 410 408 135 409 412 413 
412 0.766601562 0.0341796875 0 0 1 1 6 413 411 137 135 410 136 
413 0.776367188 0.0341796875 0 0 1 1 6 138 424 412 411 136 137 
414 0.80078125 0.13671875 0 0 1 1 7 415 394 417 401 391 403 416 
415 0.83984375 0.13671875 0 0 1 1 7 418 395 420 414 394 416 417 
416 0.80078125 0.09765625 0 0 1 1 9 417 415 426 403 401 409 414 422 423 
417 0.83984375 0.09765625 0 0 1 1 8 420 418 427 416 414 423 415 426 
418 0.87890625 0.13671875 0 0 1 1 7 419 395 421 415 394 417 420 
419 0.91796875 0.13671875 0 0 1 1 7 442 436 444 418 395 420 421 
420 0.87890625 0.09765625 0 0 1 1 8 421 419 428 417 415 426 418 427 
421 0.91796875 0.09765625 0 0 1 1 8 444 442 450 420 418 427 419 428 
422 0.791015625 0.068359375 0 0 1 1 7 423 416 425 409 403 411 424 
423 0.810546875 0.068359375 0 0 1 1 6 426 417 422 416 424 425 
424 0.791015625 0.048828125 0 0 1 1 8 425 423 139 411 409 413 422 138 
425 0.810546875 0.048828125 0 0 1 1 7 426 417 424 422 138 423 139 
426 0.83984375 0.05859375 0 0 1 1 8 427 420 429 423 425 417 140 141 
427 0.87890625 0.05859375 0 0 1 1 9 428 421 431 426 417 141 420 429 430 
428 0.91796875 0.05859375 0 0 1 1 8 450 452 427 420 430 421 431 432 
429 0.869140625 0.029296875 0 0 1 1 7 430 427 144 141 426 142 143 
430 0.888671875 0.029296875 0 0 1 1 8 431 428 146 429 427 143 144 145 
431 0.908203125 0.029296875 0 0 1 1 8 432 428 148 430 427 145 146 147 
432 0.927734375 0.029296875 0 0 1 1 8 458 452 463 431 428 147 148 433 
433 0.932617188 0.0146484375 0 0 1 1 6 463 458 150 148 432 149 
434 0.9765625 0.2734375 0 0 1 1 7 435 386 437 393 383 395 436 
435 1.0546875 0.2734375 0 0 1 1 7 438 387 440 434 386 436 437 
436 0.9765625 0.1953125 0 0 1 1 9 437 435 446 395 393 419 434 442 443 
437 1.0546875 0.1953125 0 0 1 1 9 440 438 603 436 434 443 435 446 447 
438 1.1328125 0.2734375 0 0 1 1 7 439 387 441 435 386 437 440 
439 1.2109375 0.2734375 0 0 1 1 7 617 614 619 438 387 440 441 
440 1.1328125 0.1953125 0 0 1 1 8 441 439 604 437 435 447 438 603 
441 1.2109375 0.1953125 0 0 1 1 8 617 614 619 440 438 603 439 604 
442 0.95703125 0.13671875 0 0 1 1 7 443 436 445 419 395 421 444 
443 0.99609375 0.13671875 0 0 1 1 7 446 437 448 442 436 444 445 
444 0.95703125 0.09765625 0 0 1 1 9 445 443 454 421 419 428 442 450 451 
445 0.99609375 0.09765625 0 0 1 1 9 448 446 587 444 442 451 443 454 455 
446 1.03515625 0.13671875 0 0 1 1 7 447 437 449 443 436 445 448 
447 1.07421875 0.13671875 0 0 1 1 7 603 440 605 446 437 448 449 
448 1.03515625 0.09765625 0 0 1 1 9 449 447 591 445 443 455 446 587 588 
449 1.07421875 0.09765625 0 0 1 1 8 603 440 605 448 446 588 447 591 
450 0.947265625 0.068359375 0 0 1 1 6 451 444 453 428 421 452 
451 0.966796875 0.068359375 0 0 1 1 7 454 445 456 450 444 452 453 
452 0.947265625 0.048828125 0 0 1 1 7 453 451 459 428 421 450 458 
453 0.966796875 0.048828125 0 0 1 1 9 456 454 469 452 450 458 451 459 460 
454 0.986328125 0.068359375 0 0 1 1 7 455 445 457 451 444 453 456 
455 1.00585938 0.068359375 0 0 1 1 7 587 448 589 454 445 456 457 
456 0.986328125 0.048828125 0 0 1 1 9 457 455 473 453 451 460 454 469 470 
457 1.00585938 0.048828125 0 0 1 1 9 589 587 592 456 454 470 455 473 474 
458 0.947265625 0.029296875 0 0 1 1 8 459 461 432 428 433 452 463 464 
459 0.961914062 0.0341796875 0 0 1 1 6 460 453 462 458 452 461 
460 0.971679688 0.0341796875 0 0 1 1 7 469 456 471 459 453 461 462 
461 0.961914062 0.0244140625 0 0 1 1 7 462 460 466 458 452 459 465 
462 0.971679688 0.0244140625 0 0 1 1 8 471 469 477 461 459 465 460 466 
463 0.942382812 0.0146484375 0 0 1 1 7 464 458 151 433 432 149 150 
464 0.952148438 0.0146484375 0 0 1 1 7 465 461 152 463 458 150 151 
465 0.961914062 0.0146484375 0 0 1 1 8 466 462 467 464 458 151 461 152 
466 0.971679688 0.0146484375 0 0 1 1 8 477 479 465 461 152 462 467 468 
467 0.969238281 0.00732421875 0 0 1 1 7 468 466 154 152 465 11 153 
468 0.974121094 0.00732421875 0 0 1 1 6 485 479 467 466 153 154 
469 0.981445312 0.0341796875 0 0 1 1 7 470 456 472 460 453 462 471 
470 0.991210938 0.0341796875 0 0 1 1 7 473 457 475 469 456 471 472 
471 0.981445312 0.0244140625 0 0 1 1 9 472 470 481 462 460 466 469 477 478 
472 0.991210938 0.0244140625 0 0 1 1 9 475 473 521 471 469 478 470 481 482 
473 1.00097656 0.0341796875 0 0 1 1 7 474 457 476 470 456 472 475 
474 1.01074219 0.0341796875 0 0 1 1 7 592 589 594 473 457 475 476 
475 1.00097656 0.0244140625 0 0 1 1 9 476 474 525 472 470 482 473 521 522 
476 1.01074219 0.0244140625 0 0 1 1 9 594 592 597 475 473 522 474 525 526 
477 0.979003906 0.0170898438 0 0 1 1 6 478 471 480 466 462 479 
478 0.983886719 0.0170898438 0 0 1 1 7 481 472 483 477 471 479 480 
479 0.979003906 0.0122070312 0 0 1 1 7 480 478 486 466 462 477 485 
480 0.983886719 0.0122070312 0 0 1 1 9 483 481 491 479 477 485 478 486 487 
481 0.988769531 0.0170898438 0 0 1 1 7 482 472 484 478 471 480 483 
482 0.993652344 0.0170898438 0 0 1 1 7 521 475 523 481 472 483 484 
483 0.988769531 0.0122070312 0 0 1 1 9 484 482 495 480 478 487 481 491 492 
484 0.993652344 0.0122070312 0 0 1 1 9 523 521 529 483 481 492 482 495 496 
485 0.979003906 0.00732421875 0 0 1 1 7 486 488 468 466 154 479 483 
486 0.982666016 0.00854492188 0 0 1 1 6 487 480 489 485 479 488 
487 0.985107422 0.00854492188 0 0 1 1 7 491 483 493 486 480 488 489 
488 0.982666016 0.00610351562 0 0 1 1 7 489 487 490 485 479 486 155 
489 0.985107422 0.00610351562 0 0 1 1 8 493 491 499 488 486 155 487 490 
490 0.985107422 0.00366210938 0 0 1 1 5 499 501 155 488 489 
491 0.987548828 0.00854492188 0 0 1 1 7 492 483 494 487 480 489 493 
492 0.989990234 0.00854492188 0 0 1 1 7 495 484 497 491 483 493 494 
493 0.987548828 0.00610351562 0 0 1 1 9 494 492 503 489 487 490 491 499 500 
494 0.989990234 0.00610351562 0 0 1 1 9 497 495 509 493 491 500 492 503 504 
495 0.992431641 0.00854492188 0 0 1 1 7 496 484 498 492 483 494 497 
496 0.994873047 0.00854492188 0 0 1 1 7 529 523 531 495 484 497 498 
497 0.992431641 0.00610351562 0 0 1 1 9 498 496 513 494 492 504 495 509 510 
498 0.994873047 0.00610351562 0 0 1 1 9 531 529 537 497 495 510 496 513 514 
499 0.986938477 0.00427246094 0 0 1 1 6 500 493 502 490 489 501 
500 0.98815918 0.00427246094 0 0 1 1 7 503 494 505 499 493 501 502 
501 0.986938477 0.00305175781 0 0 1 1 7 502 500 507 490 489 499 156 
502 0.98815918 0.00305175781 0 0 1 1 8 505 503 508 501 499 156 500 507 
503 0.989379883 0.00427246094 0 0 1 1 7 504 494 506 500 493 502 505 
504 0.990600586 0.00427246094 0 0 1 1 7 509 497 511 503 494 505 506 
505 0.989379883 0.00305175781 0 0 1 1 8 506 504 157 502 500 507 503 508 
506 0.990600586 0.00305175781 0 0 1 1 8 511 509 517 505 503 508 504 157 
507 0.98815918 0.00183105469 0 0 1 1 5 508 505 156 501 502 
508 0.989379883 0.00183105469 0 0 1 1 5 157 506 507 502 505 
509 0.991821289 0.00427246094 0 0 1 1 7 510 497 512 504 494 506 511 
510 0.993041992 0.00427246094 0 0 1 1 7 513 498 515 509 497 511 512 
511 0.991821289 0.00305175781 0 0 1 1 8 512 510 518 506 504 157 509 517 
512 0.993041992 0.00305175781 0 0 1 1 8 515 513 519 511 509 517 510 518 
513 0.994262695 0.00427246094 0 0 1 1 7 514 498 516 510 497 512 515 
514 0.995483398 0.00427246094 0 0 1 1 7 537 531 539 513 498 515 516 
515 0.994262695 0.00305175781 0 0 1 1 8 516 514 520 512 510 518 513 519 
516 0.995483398 0.00305175781 0 0 1 1 8 539 537 545 515 513 519 514 520 
517 0.991821289 0.00183105469 0 0 1 1 5 518 512 157 506 511 
518 0.993041992 0.00183105469 0 0 1 1 6 519 515 158 517 511 512 
519 0.994262695 0.00183105469 0 0 1 1 6 520 516 518 512 515 158 
520 0.995483398 0.00183105469 0 0 1 1 6 545 547 519 515 158 516 
521 0.998535156 0.0170898438 0 0 1 1 7 522 475 524 482 472 484 523 
522 1.00341797 0.0170898438 0 0 1 1 7 525 476 527 521 475 523 524 
523 0.998535156 0.0122070312 0 0 1 1 9 524 522 533 484 482 496 521 529 530 
524 1.00341797 0.0122070312 0 0 1 1 9 527 525 577 523 521 530 522 533 534 
525 1.00830078 0.0170898438 0 0 1 1 7 526 476 528 522 475 524 527 
526 1.01318359 0.0170898438 0 0 1 1 7 597 594 599 525 476 527 528 
527 1.00830078 0.0122070312 0 0 1 1 9 528 526 581 524 522 534 525 577 578 
528 1.01318359 0.0122070312 0 0 1 1 8 597 594 599 527 525 578 526 581 
529 0.997314453 0.00854492188 0 0 1 1 7 530 523 532 496 484 498 531 
530 0.999755859 0.00854492188 0 0 1 1 7 533 524 535 529 523 531 532 
531 0.997314453 0.00610351562 0 0 1 1 9 532 530 541 498 496 514 529 537 538 
532 0.999755859 0.00610351562 0 0 1 1 9 535 533 561 531 529 538 530 541 542 
533 1.00219727 0.00854492188 0 0 1 1 7 534 524 536 530 523 532 535 
534 1.00463867 0.00854492188 0 0 1 1 7 577 527 579 533 524 535 536 
535 1.00219727 0.00610351562 0 0 1 1 9 536 534 565 532 530 542 533 561 562 
536 1.00463867 0.00610351562 0 0 1 1 9 579 577 582 535 533 562 534 565 566 
537 0.996704102 0.00427246094 0 0 1 1 7 538 531 540 514 498 516 539 
538 0.997924805 0.00427246094 0 0 1 1 7 541 532 543 537 531 539 540 
539 0.996704102 0.00305175781 0 0 1 1 9 540 538 549 516 514 520 537 545 546 
540 0.997924805 0.00305175781 0 0 1 1 9 543 541 557 539 537 546 538 549 550 
541 0.999145508 0.00427246094 0 0 1 1 7 542 532 544 538 531 540 543 
542 1.00036621 0.00427246094 0 0 1 1 7 561 535 563 541 532 543 544 
543 0.999145508 0.00305175781 0 0 1 1 8 544 542 558 540 538 550 541 557 
544 1.00036621 0.00305175781 0 0 1 1 8 563 561 569 543 541 557 542 558 
545 0.996398926 0.00213623047 0 0 1 1 6 546 539 548 520 516 547 
546 0.997009277 0.00213623047 0 0 1 1 7 549 540 551 545 539 547 548 
547 0.996398926 0.00152587891 0 0 1 1 7 548 546 554 520 516 545 553 
548 0.997009277 0.00152587891 0 0 1 1 8 551 549 555 547 545 553 546 554 
549 0.997619629 0.00213623047 0 0 1 1 7 550 540 552 546 539 548 551 
550 0.99822998 0.00213623047 0 0 1 1 7 557 543 559 549 540 551 552 
551 0.997619629 0.00152587891 0 0 1 1 8 552 550 556 548 546 554 549 555 
552 0.99822998 0.00152587891 0 0 1 1 8 557 543 559 551 549 555 550 556 
553 0.996398926 0.000915527344 0 0 1 1 5 554 548 520 547 159 
554 0.997009277 0.000915527344 0 0 1 1 6 555 551 553 547 159 548 
555 0.997619629 0.000915527344 0 0 1 1 6 556 552 160 554 548 551 
556 0.99822998 0.000915527344 0 0 1 1 6 559 557 555 551 552 160 
557 0.999145508 0.00183105469 0 0 1 1 7 558 544 560 550 552 543 559 
558 1.00036621 0.00183105469 0 0 1 1 8 569 563 571 557 543 559 544 560 
559 0.999145508 0.000610351562 0 0 1 1 8 560 558 1 556 160 557 925 2 
560 1.00036621 0.000610351562 0 0 1 1 9 571 569 947 559 557 2 558 1 928 
561 1.00158691 0.00427246094 0 0 1 1 7 562 535 564 542 532 544 563 
562 1.00280762 0.00427246094 0 0 1 1 7 565 536 567 561 535 563 564 
563 1.00158691 0.00305175781 0 0 1 1 8 564 562 570 544 542 558 561 569 
564 1.00280762 0.00305175781 0 0 1 1 8 567 565 573 563 561 569 562 570 
565 1.00402832 0.00427246094 0 0 1 1 7 566 536 568 562 535 564 567 
566 1.00524902 0.00427246094 0 0 1 1 7 582 579 584 565 536 567 568 
567 1.00402832 0.00305175781 0 0 1 1 8 568 566 574 564 562 570 565 573 
568 1.00524902 0.00305175781 0 0 1 1 8 582 579 584 567 565 573 566 574 
569 1.00158691 0.00183105469 0 0 1 1 8 570 564 572 558 544 560 563 571 
570 1.00280762 0.00183105469 0 0 1 1 8 573 567 575 569 563 571 564 572 
571 1.00158691 0.000610351562 0 0 1 1 8 572 570 948 560 558 928 569 947 
572 1.00280762 0.000610351562 0 0 1 1 8 575 573 951 571 569 947 570 948 
573 1.00402832 0.00183105469 0 0 1 1 8 574 568 576 570 564 572 567 575 
574 1.00524902 0.00183105469 0 0 1 1 8 584 582 971 573 567 575 568 576 
575 1.00402832 0.000610351562 0 0 1 1 8 576 574 952 572 570 948 573 951 
576 1.00524902 0.000610351562 0 0 1 1 8 584 582 971 575 573 951 574 952 
577 1.00708008 0.00854492188 0 0 1 1 7 578 527 580 534 524 536 579 
578 1.00952148 0.00854492188 0 0 1 1 7 581 528 586 577 527 579 580 
579 1.00708008 0.00610351562 0 0 1 1 8 580 578 583 536 534 566 577 582 
580 1.00952148 0.00610351562 0 0 1 1 8 581 528 586 579 577 582 578 583 
581 1.01318359 0.00732421875 0 0 1 1 7 599 597 1002 578 580 528 586 
582 1.00708008 0.00366210938 0 0 1 1 7 583 580 585 566 568 579 584 
583 1.00952148 0.00366210938 0 0 1 1 8 586 581 975 582 579 584 580 585 
584 1.00708008 0.00122070312 0 0 1 1 7 585 583 972 574 576 582 971 
585 1.00952148 0.00122070312 0 0 1 1 8 586 581 975 584 582 971 583 972 
586 1.01318359 0.00244140625 0 0 1 1 7 599 597 1002 583 585 581 975 
587 1.02539062 0.068359375 0 0 1 1 7 588 448 590 455 445 457 589 
588 1.04492188 0.068359375 0 0 1 1 7 591 449 602 587 448 589 590 
589 1.02539062 0.048828125 0 0 1 1 9 590 588 596 457 455 474 587 592 593 
590 1.04492188 0.048828125 0 0 1 1 8 591 449 602 589 587 593 588 596 
591 1.07421875 0.05859375 0 0 1 1 8 605 603 1026 588 590 449 602 617 
592 1.02050781 0.0341796875 0 0 1 1 7 593 589 595 474 457 476 594 
593 1.03027344 0.0341796875 0 0 1 1 7 596 590 601 592 589 594 595 
594 1.02050781 0.0244140625 0 0 1 1 8 595 593 598 476 474 526 592 597 
595 1.03027344 0.0244140625 0 0 1 1 8 596 590 601 594 592 597 593 598 
596 1.04492188 0.029296875 0 0 1 1 7 602 591 1012 593 595 590 601 
597 1.02050781 0.0146484375 0 0 1 1 7 598 595 600 526 528 594 599 
598 1.03027344 0.0146484375 0 0 1 1 8 601 596 1006 597 594 599 595 600 
599 1.02050781 0.0048828125 0 0 1 1 7 600 598 1003 581 586 597 1002 
600 1.03027344 0.0048828125 0 0 1 1 8 601 596 1006 599 597 1002 598 1003 
601 1.04492188 0.009765625 0 0 1 1 7 602 591 1012 598 600 596 1006 
602 1.07421875 0.01953125 0 0 1 1 7 605 603 1026 596 601 591 1012 
603 1.1328125 0.1171875 0 0 1 1 7 604 441 606 447 449 440 605 
604 1.2109375 0.1171875 0 0 1 1 8 619 617 1054 603 440 605 441 606 
605 1.1328125 0.0390625 0 0 1 1 7 606 604 1027 591 602 603 1026 
606 1.2109375 0.0390625 0 0 1 1 8 619 617 1054 605 603 1026 604 1027 
607 1.40625 1.09375 0 0 1 1 7 608 256 610 263 253 265 609 
608 1.71875 1.09375 0 0 1 1 7 611 257 622 607 256 609 610 
609 1.40625 0.78125 0 0 1 1 9 610 608 616 265 263 385 607 612 613 
610 1.71875 0.78125 0 0 1 1 8 611 257 622 609 607 613 608 616 
611 2.1875 0.9375 0 0 1 1 8 625 623 1078 608 610 257 622 1090 
612 1.328125 0.546875 0 0 1 1 7 613 609 615 385 265 387 614 
613 1.484375 0.546875 0 0 1 1 7 616 610 621 612 609 614 615 
614 1.328125 0.390625 0 0 1 1 8 615 613 618 387 385 439 612 617 
615 1.484375 0.390625 0 0 1 1 8 616 610 621 614 612 617 613 618 
616 1.71875 0.46875 0 0 1 1 7 622 611 1064 613 615 610 621 
617 1.328125 0.234375 0 0 1 1 7 618 615 620 439 441 614 619 
618 1.484375 0.234375 0 0 1 1 8 621 616 1058 617 614 619 615 620 
619 1.328125 0.078125 0 0 1 1 7 620 618 1055 604 606 617 1054 
620 1.484375 0.078125 0 0 1 1 8 621 616 1058 619 617 1054 618 1055 
621 1.71875 0.15625 0 0 1 1 7 622 611 1064 618 620 616 1058 
622 2.1875 0.3125 0 0 1 1 7 625 623 1078 616 621 611 1064 
623 3.125 1.875 0 0 1 1 7 624 249 626 255 257 248 625 
624 4.375 1.875 0 0 1 1 8 629 627 1090 623 248 625 249 626 
625 3.125 0.625 0 0 1 1 7 626 624 1079 611 622 623 1078 
626 4.375 0.625 0 0 1 1 8 629 627 1090 625 623 1078 624 1079 
627 6.25 3.75 0 0 1 1 7 628 241 630 247 249 240 629 
628 8.75 3.75 241 630 2 1 7 627 240 629 241 630 249 247 
629 6.25 1.25 0 0 1 1 7 630 628 1091 624 626 627 1090 
630 8.75 1.25 628 1091 2 1 7 629 627 1090 628 1091 626 624 
631 -7.5 -2.5 699 166 2 1 8 632 694 166 699 172 689 700 695 
632 -3.75 -1.25 0 0 1 1 8 633 689 631 166 699 172 694 679 
633 -1.875 -0.625 0 0 1 1 8 634 684 632 172 694 178 689 679 
634 -0.9375 -0.3125 0 0 1 1 7 635 679 633 178 689 184 684 
635 -0.46875 -0.15625 0 0 1 1 7 636 674 634 184 684 190 679 
636 -0.234375 -0.078125 0 0 1 1 7 637 669 635 190 679 196 674 
637 -0.1171875 -0.0390625 0 0 1 1 7 638 664 636 196 674 202 669 
638 -0.05859375 -0.01953125 0 0 1 1 7 639 659 637 202 669 208 664 
639 -0.029296875 -0.009765625 0 0 1 1 7 640 651 638 208 664 214 659 
640 -0.0146484375 -0.0048828125 0 0 1 1 7 641 646 639 214 659 223 651 
641 -0.00732421875 -0.00244140625 0 0 1 1 7 642 644 640 223 651 229 646 
642 -0.00366210938 -0.00122070312 0 0 1 1 8 643 233 645 641 229 646 232 644 
643 -0.00122070312 -0.00122070312 0 0 1 1 7 81 82 642 232 644 233 645 
644 -0.00366210938 -0.00366210938 0 0 1 1 8 645 643 648 641 229 646 642 647 
645 -0.00122070312 -0.00366210938 0 0 1 1 7 81 80 644 642 647 643 648 
646 -0.00732421875 -0.00732421875 0 0 1 1 7 647 649 640 223 651 641 652 
647 -0.00366210938 -0.00610351562 0 0 1 1 8 648 645 650 646 641 652 644 649 
648 -0.00122070312 -0.00610351562 0 0 1 1 7 80 704 647 644 649 645 650 
649 -0.00366210938 -0.00854492188 0 0 1 1 8 650 648 654 646 641 652 647 653 
650 -0.00122070312 -0.00854492188 0 0 1 1 7 705 706 649 647 653 648 654 
651 -0.0146484375 -0.0146484375 0 0 1 1 7 652 657 639 214 659 640 660 
652 -0.00732421875 -0.0122070312 0 0 1 1 7 653 655 651 640 660 646 657 
653 -0.00366210938 -0.0109863281 0 0 1 1 8 654 650 656 652 646 657 649 655 
654 -0.00122070312 -0.0109863281 0 0 1 1 8 708 706 709 653 649 655 650 656 
655 -0.00366210938 -0.0134277344 0 0 1 1 7 656 654 658 652 646 657 653 
656 -0.00122070312 -0.0134277344 0 0 1 1 7 709 708 712 655 653 658 654 
657 -0.00732421875 -0.0170898438 0 0 1 1 7 658 655 661 651 640 660 652 
658 -0.00244140625 -0.0170898438 0 0 1 1 8 712 709 713 657 652 661 656 655 
659 -0.029296875 -0.029296875 0 0 1 1 7 660 662 638 208 664 639 665 
660 -0.0146484375 -0.0244140625 0 0 1 1 8 661 657 663 659 639 665 651 662 
661 -0.0048828125 -0.0244140625 0 0 1 1 9 713 712 714 660 651 662 658 657 663 
662 -0.0146484375 -0.0341796875 0 0 1 1 7 663 661 666 659 639 665 660 
663 -0.0048828125 -0.0341796875 0 0 1 1 7 714 713 718 662 660 666 661 
664 -0.05859375 -0.05859375 0 0 1 1 7 665 667 637 202 669 638 670 
665 -0.029296875 -0.048828125 0 0 1 1 8 666 662 668 664 638 670 659 667 
666 -0.009765625 -0.048828125 0 0 1 1 9 718 714 720 665 659 667 663 662 668 
667 -0.029296875 -0.068359375 0 0 1 1 7 668 666 671 664 638 670 665 
668 -0.009765625 -0.068359375 0 0 1 1 7 720 718 736 667 665 671 666 
669 -0.1171875 -0.1171875 0 0 1 1 7 670 672 636 196 674 637 675 
670 -0.05859375 -0.09765625 0 0 1 1 8 671 667 673 669 637 675 664 672 
671 -0.01953125 -0.09765625 0 0 1 1 9 736 720 738 670 664 672 668 667 673 
672 -0.05859375 -0.13671875 0 0 1 1 7 673 671 676 669 637 675 670 
673 -0.01953125 -0.13671875 0 0 1 1 7 738 736 756 672 670 676 671 
674 -0.234375 -0.234375 0 0 1 1 7 675 677 635 190 679 636 680 
675 -0.1171875 -0.1953125 0 0 1 1 8 676 672 678 674 636 680 669 677 
676 -0.0390625 -0.1953125 0 0 1 1 9 756 738 758 675 669 677 673 672 678 
677 -0.1171875 -0.2734375 0 0 1 1 7 678 676 681 674 636 680 675 
678 -0.0390625 -0.2734375 0 0 1 1 7 758 756 810 677 675 681 676 
679 -0.46875 -0.46875 0 0 1 1 7 680 682 634 184 684 635 685 
680 -0.234375 -0.390625 0 0 1 1 8 681 677 683 679 635 685 674 682 
681 -0.078125 -0.390625 0 0 1 1 9 810 758 812 680 674 682 678 677 683 
682 -0.234375 -0.546875 0 0 1 1 7 683 681 686 679 635 685 680 
683 -0.078125 -0.546875 0 0 1 1 7 812 810 1046 682 680 686 681 
684 -0.9375 -0.9375 0 0 1 1 7 685 687 633 178 689 634 690 
685 -0.46875 -0.78125 0 0 1 1 8 686 682 688 684 634 690 679 687 
686 -0.15625 -0.78125 0 0 1 1 9 1046 812 1048 685 679 687 683 682 688 
687 -0.46875 -1.09375 0 0 1 1 7 688 686 691 684 634 690 685 
688 -0.15625 -1.09375 0 0 1 1 7 1048 1046 1070 687 685 691 686 
689 -1.875 -1.875 0 0 1 1 7 690 692 632 172 694 633 695 
690 -0.9375 -1.5625 0 0 1 1 8 691 687 693 689 633 695 684 692 
691 -0.3125 -1.5625 0 0 1 1 9 1070 1048 1072 690 684 692 688 687 693 
692 -0.9375 -2.1875 0 0 1 1 7 693 691 696 689 633 695 690 
693 -0.3125 -2.1875 0 0 1 1 7 1072 1070 1082 692 690 696 691 
694 -3.75 -3.75 0 0 1 1 7 695 697 631 166 699 632 700 
695 -1.875 -3.125 0 0 1 1 8 696 692 698 694 632 700 689 697 
696 -0.625 -3.125 0 0 1 1 9 1082 1072 1084 695 689 697 693 692 698 
697 -1.875 -4.375 0 0 1 1 7 698 696 701 694 632 700 695 
698 -0.625 -4.375 0 0 1 1 7 1084 1082 1094 697 695 701 696 
699 -7.5 -7.5 702 631 2 1 8 700 702 631 694 695 632 703 701 
700 -3.75 -6.25 0 0 1 1 7 701 697 703 699 631 694 702 
701 -1.25 -6.25 0 0 1 1 9 1094 1084 1096 700 694 702 698 697 703 
702 -3.75 -8.75 703 699 2 1 8 703 701 699 631 700 694 697 1096 
703 -1.25 -8.75 1096 702 2 1 7 1096 1094 702 700 701 697 698 
704 0.000610351562 -0.00671386719 0 0 1 1 6 79 648 645 650 80 705 
705 0.000610351562 -0.00793457031 0 0 1 1 7 79 707 650 648 654 704 706 
706 0.000610351562 -0.00915527344 0 0 1 1 7 707 79 708 650 648 654 705 
707 0.00183105469 -0.00915527344 0 0 1 1 5 78 706 705 708 79 
708 0.00122070312 -0.0109863281 0 0 1 1 8 78 710 654 650 656 707 706 709 
709 0.00122070312 -0.0134277344 0 0 1 1 7 710 78 712 656 654 658 708 
710 0.00366210938 -0.0134277344 0 0 1 1 6 711 77 709 708 712 78 
711 0.00610351562 -0.0134277344 0 0 1 1 4 77 710 78 712 
712 0.00244140625 -0.0170898438 0 0 1 1 8 77 711 713 658 656 661 710 709 
713 0.0048828125 -0.0244140625 0 0 1 1 9 75 76 715 661 658 663 77 712 714 
714 0.0048828125 -0.0341796875 0 0 1 1 7 715 75 718 663 661 666 713 
715 0.0146484375 -0.0341796875 0 0 1 1 7 717 716 719 714 713 718 75 
716 0.0219726562 -0.0268554688 0 0 1 1 5 73 717 75 715 74 
717 0.0244140625 -0.0341796875 0 0 1 1 7 72 719 715 75 718 73 716 
718 0.009765625 -0.048828125 0 0 1 1 9 719 717 721 666 663 668 715 714 720 
719 0.029296875 -0.048828125 0 0 1 1 8 722 724 718 715 720 72 717 721 
720 0.009765625 -0.068359375 0 0 1 1 7 721 719 736 668 666 671 718 
721 0.029296875 -0.068359375 0 0 1 1 7 728 724 737 720 718 736 719 
722 0.0439453125 -0.0439453125 0 0 1 1 7 723 70 725 719 721 71 724 
723 0.0537109375 -0.0439453125 0 0 1 1 8 68 726 722 71 724 69 70 725 
724 0.0439453125 -0.0537109375 0 0 1 1 6 725 723 728 719 721 722 
725 0.0537109375 -0.0537109375 0 0 1 1 7 726 68 729 724 722 728 723 
726 0.0634765625 -0.0537109375 0 0 1 1 7 727 67 729 725 723 728 68 
727 0.0732421875 -0.0537109375 0 0 1 1 6 66 732 726 68 729 67 
728 0.048828125 -0.068359375 0 0 1 1 8 729 726 737 721 719 736 725 724 
729 0.068359375 -0.068359375 0 0 1 1 8 732 66 740 728 725 737 727 726 
730 0.102539062 -0.0537109375 0 0 1 1 6 731 64 733 66 732 65 
731 0.112304688 -0.0537109375 0 0 1 1 6 63 734 730 65 733 64 
732 0.087890625 -0.068359375 0 0 1 1 7 733 730 740 729 727 737 66 
733 0.107421875 -0.068359375 0 0 1 1 8 734 63 741 732 66 740 731 730 
734 0.126953125 -0.068359375 0 0 1 1 7 735 62 741 733 731 740 63 
735 0.146484375 -0.068359375 0 0 1 1 8 744 60 748 734 63 741 61 62 
736 0.01953125 -0.09765625 0 0 1 1 9 737 728 739 671 668 673 721 720 738 
737 0.05859375 -0.09765625 0 0 1 1 9 740 732 742 736 721 738 729 728 739 
738 0.01953125 -0.13671875 0 0 1 1 7 739 737 756 673 671 676 736 
739 0.05859375 -0.13671875 0 0 1 1 7 742 740 757 738 736 756 737 
740 0.09765625 -0.09765625 0 0 1 1 9 741 734 743 737 729 739 733 732 742 
741 0.13671875 -0.09765625 0 0 1 1 9 748 744 750 740 733 742 735 734 743 
742 0.09765625 -0.13671875 0 0 1 1 7 743 741 757 739 737 756 740 
743 0.13671875 -0.13671875 0 0 1 1 7 750 748 760 742 740 757 741 
744 0.166015625 -0.068359375 0 0 1 1 7 745 59 748 735 61 741 60 
745 0.185546875 -0.068359375 0 0 1 1 7 746 58 749 744 60 748 59 
746 0.205078125 -0.068359375 0 0 1 1 8 747 56 749 745 59 748 57 58 
747 0.224609375 -0.068359375 0 0 1 1 6 55 752 746 57 749 56 
748 0.17578125 -0.09765625 0 0 1 1 9 749 746 751 741 735 743 745 744 750 
749 0.21484375 -0.09765625 0 0 1 1 9 752 55 754 748 745 750 747 746 751 
750 0.17578125 -0.13671875 0 0 1 1 7 751 749 760 743 741 757 748 
751 0.21484375 -0.13671875 0 0 1 1 7 754 752 761 750 748 760 749 
752 0.25390625 -0.09765625 0 0 1 1 9 753 53 755 749 747 751 54 55 754 
753 0.29296875 -0.09765625 0 0 1 1 8 772 774 752 54 754 52 53 755 
754 0.25390625 -0.13671875 0 0 1 1 7 755 753 761 751 749 760 752 
755 0.29296875 -0.13671875 0 0 1 1 7 780 774 802 754 752 761 753 
756 0.0390625 -0.1953125 0 0 1 1 9 757 742 759 676 673 678 739 738 758 
757 0.1171875 -0.1953125 0 0 1 1 9 760 750 762 756 739 758 743 742 759 
758 0.0390625 -0.2734375 0 0 1 1 7 759 757 810 678 676 681 756 
759 0.1171875 -0.2734375 0 0 1 1 7 762 760 811 758 756 810 757 
760 0.1953125 -0.1953125 0 0 1 1 9 761 754 763 757 743 759 751 750 762 
761 0.2734375 -0.1953125 0 0 1 1 9 802 780 804 760 751 762 755 754 763 
762 0.1953125 -0.2734375 0 0 1 1 7 763 761 811 759 757 810 760 
763 0.2734375 -0.2734375 0 0 1 1 7 804 802 814 762 760 811 761 
764 0.336914062 -0.0732421875 0 0 1 1 6 765 49 773 51 772 50 
765 0.346679688 -0.0732421875 0 0 1 1 7 766 48 776 764 50 773 49 
766 0.361328125 -0.068359375 0 0 1 1 7 767 47 777 49 765 48 776 
767 0.380859375 -0.068359375 0 0 1 1 8 768 46 782 766 48 776 47 777 
768 0.400390625 -0.068359375 0 0 1 1 7 769 45 782 767 47 777 46 
769 0.419921875 -0.068359375 0 0 1 1 7 770 44 783 768 46 782 45 
770 0.439453125 -0.068359375 0 0 1 1 7 771 43 783 769 45 782 44 
771 0.458984375 -0.068359375 0 0 1 1 7 786 42 794 770 44 783 43 
772 0.322265625 -0.087890625 0 0 1 1 7 773 764 775 753 755 51 774 
773 0.341796875 -0.087890625 0 0 1 1 9 776 766 778 772 51 774 765 764 775 
774 0.322265625 -0.107421875 0 0 1 1 6 775 773 780 753 755 772 
775 0.341796875 -0.107421875 0 0 1 1 7 778 776 781 774 772 780 773 
776 0.361328125 -0.087890625 0 0 1 1 8 777 767 779 773 765 775 766 778 
777 0.380859375 -0.087890625 0 0 1 1 7 782 784 776 766 778 767 779 
778 0.361328125 -0.107421875 0 0 1 1 7 779 777 781 775 773 780 776 
779 0.380859375 -0.107421875 0 0 1 1 6 782 784 778 776 781 777 
780 0.33203125 -0.13671875 0 0 1 1 8 781 778 802 755 753 761 775 774 
781 0.37109375 -0.13671875 0 0 1 1 8 784 782 803 780 775 802 779 778 
782 0.41015625 -0.09765625 0 0 1 1 8 783 770 785 777 779 769 768 784 
783 0.44921875 -0.09765625 0 0 1 1 9 794 786 796 782 769 784 771 770 785 
784 0.41015625 -0.13671875 0 0 1 1 7 785 783 803 781 779 802 782 
785 0.44921875 -0.13671875 0 0 1 1 7 796 794 806 784 782 803 783 
786 0.478515625 -0.068359375 0 0 1 1 7 787 41 794 771 43 783 42 
787 0.498046875 -0.068359375 0 0 1 1 7 788 40 795 786 42 794 41 
788 0.517578125 -0.068359375 0 0 1 1 7 789 39 795 787 41 794 40 
789 0.537109375 -0.068359375 0 0 1 1 7 790 38 798 788 40 795 39 
790 0.556640625 -0.068359375 0 0 1 1 7 791 37 798 789 39 795 38 
791 0.576171875 -0.068359375 0 0 1 1 7 792 36 799 790 38 798 37 
792 0.595703125 -0.068359375 0 0 1 1 7 793 35 799 791 37 798 36 
793 0.615234375 -0.068359375 0 0 1 1 7 818 34 828 792 36 799 35 
794 0.48828125 -0.09765625 0 0 1 1 9 795 788 797 783 771 785 787 786 796 
795 0.52734375 -0.09765625 0 0 1 1 9 798 790 800 794 787 796 789 788 797 
796 0.48828125 -0.13671875 0 0 1 1 7 797 795 806 785 783 803 794 
797 0.52734375 -0.13671875 0 0 1 1 7 800 798 807 796 794 806 795 
798 0.56640625 -0.09765625 0 0 1 1 9 799 792 801 795 789 797 791 790 800 
799 0.60546875 -0.09765625 0 0 1 1 9 828 818 830 798 791 800 793 792 801 
800 0.56640625 -0.13671875 0 0 1 1 7 801 799 807 797 795 806 798 
801 0.60546875 -0.13671875 0 0 1 1 7 830 828 853 800 798 807 799 
802 0.3515625 -0.1953125 0 0 1 1 9 803 784 805 761 755 763 781 780 804 
803 0.4296875 -0.1953125 0 0 1 1 9 806 796 808 802 781 804 785 784 805 
804 0.3515625 -0.2734375 0 0 1 1 7 805 803 814 763 761 811 802 
805 0.4296875 -0.2734375 0 0 1 1 7 808 806 815 804 802 814 803 
806 0.5078125 -0.1953125 0 0 1 1 9 807 800 809 803 785 805 797 796 808 
807 0.5859375 -0.1953125 0 0 1 1 9 853 830 855 806 797 808 801 800 809 
808 0.5078125 -0.2734375 0 0 1 1 7 809 807 815 805 803 814 806 
809 0.5859375 -0.2734375 0 0 1 1 7 855 853 1038 808 806 815 807 
810 0.078125 -0.390625 0 0 1 1 9 811 762 813 681 678 683 759 758 812 
811 0.234375 -0.390625 0 0 1 1 9 814 804 816 810 759 812 763 762 813 
812 0.078125 -0.546875 0 0 1 1 7 813 811 1046 683 681 686 810 
813 0.234375 -0.546875 0 0 1 1 7 816 814 1047 812 810 1046 811 
814 0.390625 -0.390625 0 0 1 1 9 815 808 817 811 763 813 805 804 816 
815 0.546875 -0.390625 0 0 1 1 9 1038 855 1040 814 805 816 809 808 817 
816 0.390625 -0.546875 0 0 1 1 7 817 815 1047 813 811 1046 814 
817 0.546875 -0.546875 0 0 1 1 7 1040 1038 1050 816 814 1047 815 
818 0.634765625 -0.068359375 0 0 1 1 7 819 33 828 793 35 799 34 
819 0.654296875 -0.068359375 0 0 1 1 6 820 829 818 34 828 33 
820 0.68359375 -0.05859375 0 0 1 1 8 823 30 832 33 819 31 32 829 
821 0.766601562 -0.0341796875 0 0 1 1 6 822 26 825 28 824 27 
822 0.776367188 -0.0341796875 0 0 1 1 6 25 836 821 27 825 26 
823 0.72265625 -0.05859375 0 0 1 1 8 824 826 820 31 829 29 30 832 
824 0.751953125 -0.048828125 0 0 1 1 7 825 821 827 823 832 28 826 
825 0.771484375 -0.048828125 0 0 1 1 9 836 25 838 824 28 826 822 821 827 
826 0.751953125 -0.068359375 0 0 1 1 6 827 825 833 823 832 824 
827 0.771484375 -0.068359375 0 0 1 1 7 838 836 848 826 824 833 825 
828 0.64453125 -0.09765625 0 0 1 1 9 829 820 831 799 793 801 819 818 830 
829 0.68359375 -0.09765625 0 0 1 1 8 832 823 834 828 819 830 820 831 
830 0.64453125 -0.13671875 0 0 1 1 7 831 829 853 801 799 807 828 
831 0.68359375 -0.13671875 0 0 1 1 7 834 832 854 830 828 853 829 
832 0.72265625 -0.09765625 0 0 1 1 8 833 826 835 829 820 831 823 834 
833 0.76171875 -0.09765625 0 0 1 1 9 848 838 850 832 823 834 827 826 835 
834 0.72265625 -0.13671875 0 0 1 1 7 835 833 854 831 829 853 832 
835 0.76171875 -0.13671875 0 0 1 1 7 850 848 857 834 832 854 833 
836 0.791015625 -0.048828125 0 0 1 1 8 837 24 839 825 822 827 25 838 
837 0.810546875 -0.048828125 0 0 1 1 7 840 849 836 25 838 24 839 
838 0.791015625 -0.068359375 0 0 1 1 7 839 837 848 827 825 833 836 
839 0.810546875 -0.068359375 0 0 1 1 6 840 849 838 836 848 837 
840 0.83984375 -0.05859375 0 0 1 1 8 846 841 852 837 839 22 23 849 
841 0.869140625 -0.029296875 0 0 1 1 7 842 19 846 22 21 840 20 
842 0.888671875 -0.029296875 0 0 1 1 8 844 17 847 841 20 846 18 19 
843 0.932617188 -0.0146484375 0 0 1 1 6 861 13 867 15 845 14 
844 0.908203125 -0.029296875 0 0 1 1 8 845 15 847 842 18 846 16 17 
845 0.927734375 -0.029296875 0 0 1 1 8 867 861 997 844 16 847 843 15 
846 0.87890625 -0.05859375 0 0 1 1 8 847 844 852 840 22 849 842 841 
847 0.91796875 -0.05859375 0 0 1 1 8 997 867 1018 846 842 852 845 844 
848 0.80078125 -0.09765625 0 0 1 1 9 849 840 851 833 827 835 839 838 850 
849 0.83984375 -0.09765625 0 0 1 1 8 852 858 848 839 850 840 851 860 
850 0.80078125 -0.13671875 0 0 1 1 7 851 849 857 835 833 854 848 
851 0.83984375 -0.13671875 0 0 1 1 6 852 858 850 848 857 849 
852 0.8984375 -0.1171875 0 0 1 1 7 1018 1020 849 851 847 846 858 
853 0.6640625 -0.1953125 0 0 1 1 9 854 834 856 807 801 809 831 830 855 
854 0.7421875 -0.1953125 0 0 1 1 9 857 850 859 853 831 855 835 834 856 
855 0.6640625 -0.2734375 0 0 1 1 7 856 854 1038 809 807 815 853 
856 0.7421875 -0.2734375 0 0 1 1 7 859 857 1039 855 853 1038 854 
857 0.8203125 -0.1953125 0 0 1 1 9 858 852 860 854 835 856 851 850 859 
858 0.8984375 -0.1953125 0 0 1 1 8 1030 1020 1032 857 851 859 852 860 
859 0.8203125 -0.2734375 0 0 1 1 7 860 858 1039 856 854 1038 857 
860 0.8984375 -0.2734375 0 0 1 1 7 1032 1030 1042 859 857 1039 858 
861 0.942382812 -0.0146484375 0 0 1 1 7 862 12 867 843 14 845 13 
862 0.952148438 -0.0146484375 0 0 1 1 7 865 11 868 861 13 867 12 
863 0.969238281 -0.00732421875 0 0 1 1 7 864 9 866 11 152 865 10 
864 0.974121094 -0.00732421875 0 0 1 1 6 870 905 863 10 866 9 
865 0.961914062 -0.0146484375 0 0 1 1 7 866 863 868 862 12 867 11 
866 0.971679688 -0.0146484375 0 0 1 1 7 905 907 865 11 868 864 863 
867 0.947265625 -0.029296875 0 0 1 1 8 868 865 997 845 843 847 862 861 
868 0.966796875 -0.029296875 0 0 1 1 7 989 991 867 862 997 866 865 
869 0.985107422 -0.00366210938 0 0 1 1 5 877 879 8 871 872 
870 0.979003906 -0.00732421875 0 0 1 1 6 871 873 864 9 866 905 
871 0.982666016 -0.00610351562 0 0 1 1 7 872 869 874 870 905 8 873 
872 0.985107422 -0.00610351562 0 0 1 1 8 897 879 899 871 8 873 869 874 
873 0.982666016 -0.00854492188 0 0 1 1 6 874 872 906 870 905 871 
874 0.985107422 -0.00854492188 0 0 1 1 7 899 897 909 873 871 906 872 
875 0.98815918 -0.00183105469 0 0 1 1 5 876 881 7 877 878 
876 0.989379883 -0.00183105469 0 0 1 1 5 6 882 875 878 881 
877 0.986938477 -0.00305175781 0 0 1 1 7 878 875 880 869 872 7 879 
878 0.98815918 -0.00305175781 0 0 1 1 8 881 876 883 877 7 879 875 880 
879 0.986938477 -0.00427246094 0 0 1 1 6 880 878 897 869 872 877 
880 0.98815918 -0.00427246094 0 0 1 1 7 883 881 898 879 877 897 878 
881 0.989379883 -0.00305175781 0 0 1 1 8 882 6 884 878 875 880 876 883 
882 0.990600586 -0.00305175781 0 0 1 1 8 889 885 891 881 876 883 6 884 
883 0.989379883 -0.00427246094 0 0 1 1 7 884 882 898 880 878 897 881 
884 0.990600586 -0.00427246094 0 0 1 1 7 891 889 901 883 881 898 882 
885 0.991821289 -0.00183105469 0 0 1 1 5 886 890 6 882 889 
886 0.993041992 -0.00183105469 0 0 1 1 6 887 5 893 885 889 890 
887 0.994262695 -0.00183105469 0 0 1 1 6 888 894 886 890 5 893 
888 0.995483398 -0.00183105469 0 0 1 1 6 917 919 887 5 893 894 
889 0.991821289 -0.00305175781 0 0 1 1 8 890 886 892 882 6 884 885 891 
890 0.993041992 -0.00305175781 0 0 1 1 8 893 887 895 889 885 891 886 892 
891 0.991821289 -0.00427246094 0 0 1 1 7 892 890 901 884 882 898 889 
892 0.993041992 -0.00427246094 0 0 1 1 7 895 893 902 891 889 901 890 
893 0.994262695 -0.00305175781 0 0 1 1 8 894 888 896 890 886 892 887 895 
894 0.995483398 -0.00305175781 0 0 1 1 8 939 919 941 893 887 895 888 896 
895 0.994262695 -0.00427246094 0 0 1 1 7 896 894 902 892 890 901 893 
896 0.995483398 -0.00427246094 0 0 1 1 7 941 939 963 895 893 902 894 
897 0.987548828 -0.00610351562 0 0 1 1 9 898 883 900 872 869 874 880 879 899 
898 0.989990234 -0.00610351562 0 0 1 1 9 901 891 903 897 880 899 884 883 900 
899 0.987548828 -0.00854492188 0 0 1 1 7 900 898 909 874 872 906 897 
900 0.989990234 -0.00854492188 0 0 1 1 7 903 901 910 899 897 909 898 
901 0.992431641 -0.00610351562 0 0 1 1 9 902 895 904 898 884 900 892 891 903 
902 0.994873047 -0.00610351562 0 0 1 1 9 963 941 965 901 892 903 896 895 904 
903 0.992431641 -0.00854492188 0 0 1 1 7 904 902 910 900 898 909 901 
904 0.994873047 -0.00854492188 0 0 1 1 7 965 963 981 903 901 910 902 
905 0.979003906 -0.0122070312 0 0 1 1 8 906 873 908 866 868 870 907 865 
906 0.983886719 -0.0122070312 0 0 1 1 9 909 899 911 905 870 907 874 873 908 
907 0.979003906 -0.0170898438 0 0 1 1 6 908 906 989 866 868 905 
908 0.983886719 -0.0170898438 0 0 1 1 7 911 909 990 907 905 989 906 
909 0.988769531 -0.0122070312 0 0 1 1 9 910 903 912 906 874 908 900 899 911 
910 0.993652344 -0.0122070312 0 0 1 1 9 981 965 983 909 900 911 904 903 912 
911 0.988769531 -0.0170898438 0 0 1 1 7 912 910 990 908 906 989 909 
912 0.993652344 -0.0170898438 0 0 1 1 7 983 981 993 911 909 990 910 
913 0.996398926 -0.000915527344 0 0 1 1 5 914 918 888 4 917 
914 0.997009277 -0.000915527344 0 0 1 1 6 915 921 913 4 917 918 
915 0.997619629 -0.000915527344 0 0 1 1 6 916 3 922 914 918 921 
916 0.99822998 -0.000915527344 0 0 1 1 7 926 925 931 915 921 3 922 
917 0.996398926 -0.00152587891 0 0 1 1 7 918 914 920 888 894 913 919 
918 0.997009277 -0.00152587891 0 0 1 1 8 921 915 923 917 913 919 914 920 
919 0.996398926 -0.00213623047 0 0 1 1 6 920 918 939 888 894 917 
920 0.997009277 -0.00213623047 0 0 1 1 7 923 921 940 919 917 939 918 
921 0.997619629 -0.00152587891 0 0 1 1 8 922 916 924 918 914 920 915 923 
922 0.99822998 -0.00152587891 0 0 1 1 8 931 926 933 921 915 923 916 924 
923 0.997619629 -0.00213623047 0 0 1 1 7 924 922 940 920 918 939 921 
924 0.99822998 -0.00213623047 0 0 1 1 7 933 931 943 923 921 940 922 
925 0.998840332 -0.000305175781 0 0 1 1 7 2 559 927 3 160 916 926 
926 0.998840332 -0.000915527344 0 0 1 1 8 927 2 932 916 3 922 925 931 
927 0.999450684 -0.000915527344 0 0 1 1 8 929 1 935 926 925 931 2 932 
928 1.00067139 -0.000305175781 0 0 1 1 8 947 571 949 1 560 929 930 953 
929 1.00006104 -0.000915527344 0 0 1 1 8 930 928 936 927 2 932 1 935 
930 1.00067139 -0.000915527344 0 0 1 1 8 947 571 949 929 1 935 928 936 
931 0.998840332 -0.00152587891 0 0 1 1 8 932 927 934 922 916 924 926 933 
932 0.999450684 -0.00152587891 0 0 1 1 8 935 929 937 931 926 933 927 934 
933 0.998840332 -0.00213623047 0 0 1 1 7 934 932 943 924 922 940 931 
934 0.999450684 -0.00213623047 0 0 1 1 7 937 935 944 933 931 943 932 
935 1.00006104 -0.00152587891 0 0 1 1 8 936 930 938 932 927 934 929 937 
936 1.00067139 -0.00152587891 0 0 1 1 8 949 947 955 935 929 937 930 938 
937 1.00006104 -0.00213623047 0 0 1 1 7 938 936 944 934 932 943 935 
938 1.00067139 -0.00213623047 0 0 1 1 7 949 947 955 937 935 944 936 
939 0.996704102 -0.00305175781 0 0 1 1 9 940 923 942 894 888 896 920 919 941 
940 0.997924805 -0.00305175781 0 0 1 1 9 943 933 945 939 920 941 924 923 942 
941 0.996704102 -0.00427246094 0 0 1 1 7 942 940 963 896 894 902 939 
942 0.997924805 -0.00427246094 0 0 1 1 7 945 943 964 941 939 963 940 
943 0.999145508 -0.00305175781 0 0 1 1 9 944 937 946 940 924 942 934 933 945 
944 1.00036621 -0.00305175781 0 0 1 1 9 955 949 957 943 934 945 938 937 946 
945 0.999145508 -0.00427246094 0 0 1 1 7 946 944 964 942 940 963 943 
946 1.00036621 -0.00427246094 0 0 1 1 7 957 955 967 945 943 964 944 
947 1.00158691 -0.000610351562 0 0 1 1 7 948 572 950 928 930 571 949 
948 1.00280762 -0.000610351562 0 0 1 1 8 951 575 953 947 571 949 572 950 
949 1.00158691 -0.00183105469 0 0 1 1 7 950 948 956 936 938 947 955 
950 1.00280762 -0.00183105469 0 0 1 1 8 953 951 959 949 947 955 948 956 
951 1.00402832 -0.000610351562 0 0 1 1 8 952 576 954 948 572 950 575 953 
952 1.00524902 -0.000610351562 0 0 1 1 8 971 584 973 951 575 953 576 954 
953 1.00402832 -0.00183105469 0 0 1 1 8 954 952 960 950 948 956 951 959 
954 1.00524902 -0.00183105469 0 0 1 1 8 971 584 973 953 951 959 952 960 
955 1.00158691 -0.00305175781 0 0 1 1 8 956 950 958 944 938 946 949 957 
956 1.00280762 -0.00305175781 0 0 1 1 8 959 953 961 955 949 957 950 958 
957 1.00158691 -0.00427246094 0 0 1 1 7 958 956 967 946 944 964 955 
958 1.00280762 -0.00427246094 0 0 1 1 7 961 959 968 957 955 967 956 
959 1.00402832 -0.00305175781 0 0 1 1 8 960 954 962 956 950 958 953 961 
960 1.00524902 -0.00305175781 0 0 1 1 8 973 971 976 959 953 961 954 962 
961 1.00402832 -0.00427246094 0 0 1 1 7 962 960 968 958 956 967 959 
962 1.00524902 -0.00427246094 0 0 1 1 7 973 971 976 961 959 968 960 
963 0.997314453 -0.00610351562 0 0 1 1 9 964 945 966 902 896 904 942 941 965 
964 0.999755859 -0.00610351562 0 0 1 1 9 967 957 969 963 942 965 946 945 966 
965 0.997314453 -0.00854492188 0 0 1 1 7 966 964 981 904 902 910 963 
966 0.999755859 -0.00854492188 0 0 1 1 7 969 967 982 965 963 981 964 
967 1.00219727 -0.00610351562 0 0 1 1 9 968 961 970 964 946 966 958 957 969 
968 1.00463867 -0.00610351562 0 0 1 1 9 976 973 978 967 958 969 962 961 970 
969 1.00219727 -0.00854492188 0 0 1 1 7 970 968 982 966 964 981 967 
970 1.00463867 -0.00854492188 0 0 1 1 7 978 976 985 969 967 982 968 
971 1.00708008 -0.00122070312 0 0 1 1 7 972 585 974 952 954 584 973 
972 1.00952148 -0.00122070312 0 0 1 1 8 975 586 980 971 584 973 585 974 
973 1.00708008 -0.00366210938 0 0 1 1 7 974 972 977 960 962 971 976 
974 1.00952148 -0.00366210938 0 0 1 1 8 975 586 980 973 971 976 972 977 
975 1.01318359 -0.00244140625 0 0 1 1 7 1002 599 1004 972 974 586 980 
976 1.00708008 -0.00610351562 0 0 1 1 8 977 974 979 968 962 970 973 978 
977 1.00952148 -0.00610351562 0 0 1 1 8 980 975 986 976 973 978 974 979 
978 1.00708008 -0.00854492188 0 0 1 1 7 979 977 985 970 968 982 976 
979 1.00952148 -0.00854492188 0 0 1 1 7 980 975 986 978 976 985 977 
980 1.01318359 -0.00732421875 0 0 1 1 7 1002 599 1004 977 979 975 986 
981 0.998535156 -0.0122070312 0 0 1 1 9 982 969 984 910 904 912 966 965 983 
982 1.00341797 -0.0122070312 0 0 1 1 9 985 978 987 981 966 983 970 969 984 
983 0.998535156 -0.0170898438 0 0 1 1 7 984 982 993 912 910 990 981 
984 1.00341797 -0.0170898438 0 0 1 1 7 987 985 994 983 981 993 982 
985 1.00830078 -0.0122070312 0 0 1 1 9 986 980 988 982 970 984 979 978 987 
986 1.01318359 -0.0122070312 0 0 1 1 8 1004 1002 1007 985 979 987 980 988 
987 1.00830078 -0.0170898438 0 0 1 1 7 988 986 994 984 982 993 985 
988 1.01318359 -0.0170898438 0 0 1 1 7 1004 1002 1007 987 985 994 986 
989 0.981445312 -0.0244140625 0 0 1 1 8 990 911 992 868 997 908 907 991 
990 0.991210938 -0.0244140625 0 0 1 1 9 993 983 995 989 908 991 912 911 992 
991 0.981445312 -0.0341796875 0 0 1 1 6 992 990 998 868 997 989 
992 0.991210938 -0.0341796875 0 0 1 1 7 995 993 999 991 989 998 990 
993 1.00097656 -0.0244140625 0 0 1 1 9 994 987 996 990 912 992 984 983 995 
994 1.01074219 -0.0244140625 0 0 1 1 9 1007 1004 1009 993 984 995 988 987 996 
995 1.00097656 -0.0341796875 0 0 1 1 7 996 994 999 992 990 998 993 
996 1.01074219 -0.0341796875 0 0 1 1 7 1009 1007 1013 995 993 999 994 
997 0.95703125 -0.05859375 0 0 1 1 8 998 1000 847 845 852 868 867 1018 
998 0.986328125 -0.048828125 0 0 1 1 8 999 995 1001 997 1018 992 991 1000 
999 1.00585938 -0.048828125 0 0 1 1 9 1013 1009 1015 998 992 1000 996 995 1001 
1000 0.986328125 -0.068359375 0 0 1 1 6 1001 999 1019 997 1018 998 
1001 1.00585938 -0.068359375 0 0 1 1 7 1015 1013 1022 1000 998 1019 999 
1002 1.02050781 -0.0048828125 0 0 1 1 7 1003 600 1005 975 980 599 1004 
1003 1.03027344 -0.0048828125 0 0 1 1 8 1006 601 1011 1002 599 1004 600 1005 
1004 1.02050781 -0.0146484375 0 0 1 1 7 1005 1003 1008 986 988 1002 1007 
1005 1.03027344 -0.0146484375 0 0 1 1 8 1006 601 1011 1004 1002 1007 1003 1008 
1006 1.04492188 -0.009765625 0 0 1 1 7 1012 602 1017 1003 1005 601 1011 
1007 1.02050781 -0.0244140625 0 0 1 1 8 1008 1005 1010 994 988 996 1004 1009 
1008 1.03027344 -0.0244140625 0 0 1 1 8 1011 1006 1014 1007 1004 1009 1005 1010 
1009 1.02050781 -0.0341796875 0 0 1 1 7 1010 1008 1013 996 994 999 1007 
1010 1.03027344 -0.0341796875 0 0 1 1 7 1011 1006 1014 1009 1007 1013 1008 
1011 1.04492188 -0.029296875 0 0 1 1 7 1012 602 1017 1008 1010 1006 1014 
1012 1.07421875 -0.01953125 0 0 1 1 8 1026 605 1028 1006 1011 602 1017 1029 
1013 1.02539062 -0.048828125 0 0 1 1 9 1014 1011 1016 999 996 1001 1010 1009 1015 
1014 1.04492188 -0.048828125 0 0 1 1 8 1017 1012 1023 1013 1010 1015 1011 1016 
1015 1.02539062 -0.068359375 0 0 1 1 7 1016 1014 1022 1001 999 1019 1013 
1016 1.04492188 -0.068359375 0 0 1 1 7 1017 1012 1023 1015 1013 1022 1014 
1017 1.07421875 -0.05859375 0 0 1 1 7 1026 605 1028 1014 1016 1012 1023 
1018 0.95703125 -0.09765625 0 0 1 1 8 1019 1000 1021 852 858 997 1020 1030 
1019 0.99609375 -0.09765625 0 0 1 1 9 1022 1015 1024 1018 997 1020 1001 1000 1021 
1020 0.95703125 -0.13671875 0 0 1 1 6 1021 1019 1030 852 858 1018 
1021 0.99609375 -0.13671875 0 0 1 1 7 1024 1022 1031 1020 1018 1030 1019 
1022 1.03515625 -0.09765625 0 0 1 1 9 1023 1017 1025 1019 1001 1021 1016 1015 1024 
1023 1.07421875 -0.09765625 0 0 1 1 8 1028 1026 1034 1022 1016 1024 1017 1025 
1024 1.03515625 -0.13671875 0 0 1 1 7 1025 1023 1031 1021 1019 1030 1022 
1025 1.07421875 -0.13671875 0 0 1 1 7 1028 1026 1034 1024 1022 1031 1023 
1026 1.1328125 -0.0390625 0 0 1 1 7 1027 606 1029 1012 1017 605 1028 
1027 1.2109375 -0.0390625 0 0 1 1 8 1054 619 1056 1026 605 1028 606 1029 
1028 1.1328125 -0.1171875 0 0 1 1 7 1029 1027 1035 1023 1025 1026 1034 
1029 1.2109375 -0.1171875 0 0 1 1 8 1054 619 1056 1028 1026 1034 1027 1035 
1030 0.9765625 -0.1953125 0 0 1 1 9 1031 1024 1033 858 852 860 1021 1020 1032 
1031 1.0546875 -0.1953125 0 0 1 1 9 1034 1028 1036 1030 1021 1032 1025 1024 1033 
1032 0.9765625 -0.2734375 0 0 1 1 7 1033 1031 1042 860 858 1039 1030 
1033 1.0546875 -0.2734375 0 0 1 1 7 1036 1034 1043 1032 1030 1042 1031 
1034 1.1328125 -0.1953125 0 0 1 1 8 1035 1029 1037 1031 1025 1033 1028 1036 
1035 1.2109375 -0.1953125 0 0 1 1 8 1056 1054 1059 1034 1028 1036 1029 1037 
1036 1.1328125 -0.2734375 0 0 1 1 7 1037 1035 1043 1033 1031 1042 1034 
1037 1.2109375 -0.2734375 0 0 1 1 7 1056 1054 1059 1036 1034 1043 1035 
1038 0.703125 -0.390625 0 0 1 1 9 1039 859 1041 815 809 817 856 855 1040 
1039 0.859375 -0.390625 0 0 1 1 9 1042 1032 1044 1038 856 1040 860 859 1041 
1040 0.703125 -0.546875 0 0 1 1 7 1041 1039 1050 817 815 1047 1038 
1041 0.859375 -0.546875 0 0 1 1 7 1044 1042 1051 1040 1038 1050 1039 
1042 1.015625 -0.390625 0 0 1 1 9 1043 1036 1045 1039 860 1041 1033 1032 1044 
1043 1.171875 -0.390625 0 0 1 1 9 1059 1056 1061 1042 1033 1044 1037 1036 1045 
1044 1.015625 -0.546875 0 0 1 1 7 1045 1043 1051 1041 1039 1050 1042 
1045 1.171875 -0.546875 0 0 1 1 7 1061 1059 1065 1044 1042 1051 1043 
1046 0.15625 -0.78125 0 0 1 1 9 1047 816 1049 686 683 688 813 812 1048 
1047 0.46875 -0.78125 0 0 1 1 9 1050 1040 1052 1046 813 1048 817 816 1049 
1048 0.15625 -1.09375 0 0 1 1 7 1049 1047 1070 688 686 691 1046 
1049 0.46875 -1.09375 0 0 1 1 7 1052 1050 1071 1048 1046 1070 1047 
1050 0.78125 -0.78125 0 0 1 1 9 1051 1044 1053 1047 817 1049 1041 1040 1052 
1051 1.09375 -0.78125 0 0 1 1 9 1065 1061 1067 1050 1041 1052 1045 1044 1053 
1052 0.78125 -1.09375 0 0 1 1 7 1053 1051 1071 1049 1047 1070 1050 
1053 1.09375 -1.09375 0 0 1 1 7 1067 1065 1074 1052 1050 1071 1051 
1054 1.328125 -0.078125 0 0 1 1 7 1055 620 1057 1027 1029 619 1056 
1055 1.484375 -0.078125 0 0 1 1 8 1058 621 1063 1054 619 1056 620 1057 
1056 1.328125 -0.234375 0 0 1 1 7 1057 1055 1060 1035 1037 1054 1059 
1057 1.484375 -0.234375 0 0 1 1 8 1058 621 1063 1056 1054 1059 1055 1060 
1058 1.71875 -0.15625 0 0 1 1 7 1064 622 1069 1055 1057 621 1063 
1059 1.328125 -0.390625 0 0 1 1 8 1060 1057 1062 1043 1037 1045 1056 1061 
1060 1.484375 -0.390625 0 0 1 1 8 1063 1058 1066 1059 1056 1061 1057 1062 
1061 1.328125 -0.546875 0 0 1 1 7 1062 1060 1065 1045 1043 1051 1059 
1062 1.484375 -0.546875 0 0 1 1 7 1063 1058 1066 1061 1059 1065 1060 
1063 1.71875 -0.46875 0 0 1 1 7 1064 622 1069 1060 1062 1058 1066 
1064 2.1875 -0.3125 0 0 1 1 8 1078 625 1080 1058 1063 622 1069 1090 
1065 1.40625 -0.78125 0 0 1 1 9 1066 1063 1068 1051 1045 1053 1062 1061 1067 
1066 1.71875 -0.78125 0 0 1 1 8 1069 1064 1075 1065 1062 1067 1063 1068 
1067 1.40625 -1.09375 0 0 1 1 7 1068 1066 1074 1053 1051 1071 1065 
1068 1.71875 -1.09375 0 0 1 1 7 1069 1064 1075 1067 1065 1074 1066 
1069 2.1875 -0.9375 0 0 1 1 7 1078 625 1080 1066 1068 1064 1075 
1070 0.3125 -1.5625 0 0 1 1 9 1071 1052 1073 691 688 693 1049 1048 1072 
1071 0.9375 -1.5625 0 0 1 1 9 1074 1067 1076 1070 1049 1072 1053 1052 1073 
1072 0.3125 -2.1875 0 0 1 1 7 1073 1071 1082 693 691 696 1070 
1073 0.9375 -2.1875 0 0 1 1 7 1076 1074 1083 1072 1070 1082 1071 
1074 1.5625 -1.5625 0 0 1 1 9 1075 1069 1077 1071 1053 1073 1068 1067 1076 
1075 2.1875 -1.5625 0 0 1 1 8 1080 1078 1086 1074 1068 1076 1069 1077 
1076 1.5625 -2.1875 0 0 1 1 7 1077 1075 1083 1073 1071 1082 1074 
1077 2.1875 -2.1875 0 0 1 1 7 1080 1078 1086 1076 1074 1083 1075 
1078 3.125 -0.625 0 0 1 1 7 1079 626 1081 1064 1069 625 1080 
1079 4.375 -0.625 0 0 1 1 8 1090 629 1092 1078 625 1080 626 1081 
1080 3.125 -1.875 0 0 1 1 7 1081 1079 1087 1075 1077 1078 1086 
1081 4.375 -1.875 0 0 1 1 8 1090 629 1092 1080 1078 1086 1079 1087 
1082 0.625 -3.125 0 0 1 1 9 1083 1076 1085 696 693 698 1073 1072 1084 
1083 1.875 -3.125 0 0 1 1 9 1086 1080 1088 1082 1073 1084 1077 1076 1085 
1084 0.625 -4.375 0 0 1 1 7 1085 1083 1094 698 696 701 1082 
1085 1.875 -4.375 0 0 1 1 7 1088 1086 1095 1084 1082 1094 1083 
1086 3.125 -3.125 0 0 1 1 8 1087 1081 1089 1083 1077 1085 1080 1088 
1087 4.375 -3.125 0 0 1 1 8 1092 1090 1098 1086 1080 1088 1081 1089 
1088 3.125 -4.375 0 0 1 1 7 1089 1087 1095 1085 1083 1094 1086 
1089 4.375 -4.375 0 0 1 1 7 1092 1090 1098 1088 1086 1095 1087 
1090 6.25 -1.25 0 0 1 1 7 1091 630 1093 1079 1081 629 1092 
1091 8.75 -1.25 630 1093 2 1 7 1090 629 1092 630 1093 1081 1079 
1092 6.25 -3.75 0 0 1 1 7 1093 1091 1099 1087 1089 1090 1098 
1093 8.75 -3.75 1091 1099 2 1 7 1092 1090 1098 1091 1099 1089 1087 
1094 1.25 -6.25 0 0 1 1 9 1095 1088 1097 701 698 703 1085 1084 1096 
1095 3.75 -6.25 0 0 1 1 9 1098 1092 1100 1094 1085 1096 1089 1088 1097 
1096 1.25 -8.75 1097 703 2 1 7 1097 1095 703 701 1094 1084 1085 
1097 3.75 -8.75 1100 1096 2 1 7 1100 1098 1096 1094 1095 1088 1089 
1098 6.25 -6.25 0 0 1 1 8 1099 1093 1101 1095 1089 1097 1092 1100 
1099 8.75 -6.25 1093 1101 2 1 7 1098 1092 1100 1093 1101 1095 1089 
1100 6.25 -8.75 1101 1097 2 1 7 1101 1099 1097 1095 1098 1089 1092 
1101 8.75 -8.75 1099 1100 2 1 7 1100 1098 1099 1097 1095 1093 1092 
