1.0 -3.878896e-16 
-0.078125 0.546875 
-0.078125 0.390625 
-0.0390625 0.2734375 
-0.0390625 0.1953125 
-0.1171875 0.1171875 
-0.05859375 0.13671875 
-0.01953125 0.13671875 
-0.05859375 0.09765625 
-0.01953125 0.09765625 
-0.1171875 0.0390625 
-0.05859375 0.05859375 
-0.029296875 0.068359375 
-0.009765625 0.068359375 
-0.029296875 0.048828125 
-0.009765625 0.048828125 
-0.05859375 0.01953125 
-0.029296875 0.029296875 
-0.0146484375 0.0341796875 
-0.0048828125 0.0341796875 
-0.0146484375 0.0244140625 
-0.00732421875 0.0268554688 
-0.00244140625 0.0268554688 
-0.00732421875 0.0219726562 
-0.00244140625 0.0219726562 
-0.029296875 0.009765625 
-0.0146484375 0.0146484375 
-0.00732421875 0.0170898438 
-0.00244140625 0.0170898438 
-0.00732421875 0.0122070312 
-0.00244140625 0.0122070312 
-0.0146484375 0.0048828125 
-0.00732421875 0.00732421875 
-0.00366210938 0.00854492188 
-0.00122070312 0.00854492188 
-0.00366210938 0.00610351562 
-0.00122070312 0.00610351562 
-0.00732421875 0.00244140625 
-0.00366210938 0.00366210938 
-0.00122070312 0.00366210938 
-0.00366210938 0.00122070312 
-0.00122070312 0.00122070312 
0.15625 1.09375 
0.15625 0.78125 
0.46875 0.78125 
0.78125 1.09375 
0.78125 0.78125 
1.09375 0.78125 
0.078125 0.546875 
0.234375 0.546875 
0.078125 0.390625 
0.234375 0.390625 
0.390625 0.546875 
0.546875 0.546875 
0.390625 0.390625 
0.546875 0.390625 
0.0390625 0.2734375 
0.1171875 0.2734375 
0.0390625 0.1953125 
0.1171875 0.1953125 
0.1953125 0.2734375 
0.2734375 0.2734375 
0.1953125 0.1953125 
0.2734375 0.1953125 
0.01953125 0.13671875 
0.05859375 0.13671875 
0.01953125 0.09765625 
0.05859375 0.09765625 
0.09765625 0.13671875 
0.087890625 0.107421875 
0.087890625 0.087890625 
0.009765625 0.068359375 
0.029296875 0.068359375 
0.0048828125 0.0537109375 
0.0146484375 0.0537109375 
0.0048828125 0.0439453125 
0.0146484375 0.0439453125 
0.0244140625 0.0537109375 
0.0244140625 0.0439453125 
0.048828125 0.068359375 
0.0048828125 0.0341796875 
0.0146484375 0.0341796875 
0.00244140625 0.0268554688 
0.00732421875 0.0268554688 
0.00244140625 0.0219726562 
0.00732421875 0.0219726562 
0.0122070312 0.0268554688 
0.0170898438 0.0268554688 
0.0122070312 0.0219726562 
0.0268554688 0.0317382812 
0.00122070312 0.0183105469 
0.00366210938 0.0183105469 
0.00122070312 0.0158691406 
0.00366210938 0.0158691406 
0.00854492188 0.0183105469 
0.00610351562 0.0158691406 
0.00122070312 0.0134277344 
0.00366210938 0.0134277344 
0.00122070312 0.0109863281 
0.17578125 0.13671875 
0.25390625 0.13671875 
0.3515625 0.2734375 
0.3515625 0.1953125 
0.5078125 0.2734375 
0.5859375 0.2734375 
0.703125 0.546875 
0.859375 0.546875 
0.703125 0.390625 
0.859375 0.390625 
1.015625 0.546875 
1.015625 0.390625 
0.7421875 0.2734375 
0.6640625 0.1953125 
0.7421875 0.1953125 
0.8203125 0.2734375 
0.8984375 0.2734375 
0.8203125 0.1953125 
0.8984375 0.1953125 
0.72265625 0.13671875 
0.76171875 0.13671875 
0.72265625 0.09765625 
0.76171875 0.09765625 
0.732421875 0.068359375 
0.751953125 0.068359375 
0.771484375 0.068359375 
0.751953125 0.048828125 
0.771484375 0.048828125 
0.766601562 0.0341796875 
0.776367188 0.0341796875 
0.80078125 0.13671875 
0.83984375 0.13671875 
0.80078125 0.09765625 
0.83984375 0.09765625 
0.87890625 0.13671875 
0.791015625 0.068359375 
0.791015625 0.048828125 
0.830078125 0.068359375 
0.786132812 0.0341796875 
0.9765625 0.2734375 
0.999298096 0.000457763672 
0.999298096 0.000152587891 
-0.1171875 -0.0390625 
-0.05859375 -0.01953125 
-0.029296875 -0.009765625 
-0.0146484375 -0.0048828125 
-0.00732421875 -0.00244140625 
-0.00366210938 -0.00122070312 
-0.00122070312 -0.00122070312 
-0.00366210938 -0.00366210938 
-0.00122070312 -0.00366210938 
-0.00732421875 -0.00732421875 
-0.00366210938 -0.00610351562 
-0.00122070312 -0.00610351562 
-0.00366210938 -0.00854492188 
-0.00122070312 -0.00854492188 
-0.0146484375 -0.0146484375 
-0.00732421875 -0.0122070312 
-0.00244140625 -0.0122070312 
-0.00732421875 -0.0170898438 
-0.00244140625 -0.0170898438 
-0.029296875 -0.029296875 
-0.0146484375 -0.0244140625 
-0.0048828125 -0.0244140625 
-0.0146484375 -0.0341796875 
-0.0048828125 -0.0341796875 
-0.05859375 -0.05859375 
-0.029296875 -0.048828125 
-0.009765625 -0.048828125 
-0.029296875 -0.068359375 
-0.009765625 -0.068359375 
-0.1171875 -0.1171875 
-0.05859375 -0.09765625 
-0.01953125 -0.09765625 
-0.05859375 -0.13671875 
-0.01953125 -0.13671875 
-0.0390625 -0.1953125 
-0.0390625 -0.2734375 
0.00122070312 -0.0109863281 
0.00122070312 -0.0134277344 
0.00366210938 -0.0134277344 
0.00122070312 -0.0158691406 
0.00366210938 -0.0158691406 
0.00122070312 -0.0183105469 
0.00366210938 -0.0183105469 
0.00610351562 -0.0158691406 
0.00854492188 -0.0183105469 
0.00244140625 -0.0219726562 
0.00732421875 -0.0219726562 
0.00244140625 -0.0268554688 
0.00732421875 -0.0268554688 
0.0122070312 -0.0219726562 
0.0122070312 -0.0268554688 
0.0170898438 -0.0268554688 
0.0048828125 -0.0341796875 
0.0146484375 -0.0341796875 
0.0219726562 -0.0317382812 
0.0268554688 -0.0317382812 
0.009765625 -0.048828125 
0.0244140625 -0.0439453125 
0.0244140625 -0.0537109375 
0.009765625 -0.068359375 
0.029296875 -0.068359375 
0.048828125 -0.068359375 
0.01953125 -0.09765625 
0.05859375 -0.09765625 
0.01953125 -0.13671875 
0.05859375 -0.13671875 
0.09765625 -0.09765625 
0.09765625 -0.13671875 
0.17578125 -0.13671875 
0.0390625 -0.1953125 
0.1171875 -0.1953125 
0.0390625 -0.2734375 
0.1171875 -0.2734375 
0.1953125 -0.1953125 
0.2734375 -0.1953125 
0.1953125 -0.2734375 
0.2734375 -0.2734375 
0.60546875 -0.09765625 
0.60546875 -0.13671875 
0.3515625 -0.1953125 
0.3515625 -0.2734375 
0.5859375 -0.1953125 
0.5078125 -0.2734375 
0.5859375 -0.2734375 
0.078125 -0.390625 
0.234375 -0.390625 
0.234375 -0.546875 
0.390625 -0.390625 
0.546875 -0.390625 
0.390625 -0.546875 
0.634765625 -0.068359375 
0.64453125 -0.09765625 
0.64453125 -0.13671875 
0.6640625 -0.1953125 
0.6640625 -0.2734375 
0.999298096 -0.000152587891 
0.999298096 -0.000457763672 
0.999832153 -0.000228881836 
0.703125 -0.390625 
0.703125 -0.546875 
0.15625 -0.78125 
1000 1000
