1 1.0 -3.878896e-16 160 2 0 1 8 958 566 960 2 565 957 959 160 
2 0.99961929 -5.4000823e-05 1 3 0 1 8 1 566 959 955 565 956 957 3 
3 0.99847774 -0.00021576597 2 4 0 1 6 955 956 4 953 954 2 
4 0.9965771 -0.0004845861 3 5 0 1 5 3 954 5 942 953 
5 0.99392025 -0.00085928751 4 6 0 1 7 4 953 940 554 941 942 6 
6 0.99051124 -0.0013382449 5 7 0 1 7 940 554 941 7 938 939 5 
7 0.98635526 -0.0019193984 6 8 0 1 5 6 939 8 937 938 
8 0.98145864 -0.0026002754 7 9 0 1 5 7 938 936 937 9 
9 0.97582885 -0.0033780154 8 10 0 1 5 936 10 930 931 8 
10 0.96947444 -0.0042493982 9 11 0 1 5 9 931 11 932 930 
11 0.9624051 -0.0052108746 10 12 0 1 6 10 930 12 929 932 933 
12 0.95463159 -0.0062585983 11 13 0 1 5 11 932 13 928 929 
13 0.94616576 -0.0073884592 12 14 0 1 6 12 929 14 910 928 934 
14 0.93702048 -0.0085961165 13 15 0 1 4 13 928 15 910 
15 0.9272097 -0.0098770308 14 16 0 1 5 910 14 912 16 911 
16 0.91674835 -0.011226495 15 17 0 1 4 15 912 17 911 
17 0.90565236 -0.012639665 16 18 0 1 5 16 911 18 909 19 
18 0.89393863 -0.014111582 17 19 0 1 4 17 911 19 909 
19 0.88162499 -0.015637198 18 20 0 1 4 18 909 20 908 
20 0.8687302 -0.017211397 19 21 0 1 5 19 21 908 909 913 
21 0.8552739 -0.018829006 20 22 0 1 5 20 908 22 907 23 
22 0.84127657 -0.020484809 21 23 0 1 6 908 913 23 907 21 19 
23 0.82675954 -0.022173553 22 24 0 1 4 22 907 24 904 
24 0.8117449 -0.02388995 23 25 0 1 6 23 907 25 903 904 22 
25 0.79625553 -0.025628679 24 26 0 1 5 24 904 26 889 903 
26 0.78031501 -0.027384378 25 27 0 1 6 25 903 27 888 889 892 
27 0.76394762 -0.029151639 26 28 0 1 5 26 889 28 891 888 
28 0.74717827 -0.030924997 27 29 0 1 7 27 888 29 890 891 893 30 
29 0.73003252 -0.03269892 28 30 0 1 4 28 891 30 890 
30 0.71253646 -0.034467793 29 31 0 1 8 29 890 31 887 899 28 33 32 
31 0.69471675 -0.036225908 30 32 0 1 5 30 890 32 887 29 
32 0.67660051 -0.03796745 31 33 0 1 4 31 887 33 886 
33 0.65821535 -0.039686488 32 34 0 1 6 887 896 34 885 886 32 
34 0.63958924 -0.041376966 33 35 0 1 5 33 886 35 860 885 
35 0.62075057 -0.043032695 34 36 0 1 5 34 885 36 859 860 
36 0.60172801 -0.044647355 35 37 0 1 5 35 860 37 858 859 
37 0.58255053 -0.046214499 36 38 0 1 5 36 859 38 857 858 
38 0.56324735 -0.047727556 37 39 0 1 5 37 858 39 856 857 
39 0.54384785 -0.049179848 38 40 0 1 5 38 857 40 855 856 
40 0.52438157 -0.050564611 39 41 0 1 5 39 856 41 854 855 
41 0.50487817 -0.051875017 40 42 0 1 5 40 855 42 853 854 
42 0.48536734 -0.053104207 41 43 0 1 5 41 854 43 838 853 
43 0.46587879 -0.054245327 42 44 0 1 5 42 853 44 837 838 
44 0.44644221 -0.055291571 43 45 0 1 8 43 838 45 836 837 850 46 849 
45 0.42708718 -0.056236231 44 46 0 1 7 44 837 46 835 836 850 849 
46 0.40784319 -0.057072742 45 47 0 1 8 45 836 47 834 835 849 48 844 
47 0.38873953 -0.057794743 46 48 0 1 8 46 835 48 833 834 849 843 844 
48 0.36980531 -0.058396132 47 49 0 1 4 47 834 49 833 
49 0.35106935 -0.058871124 48 50 0 1 6 833 48 843 50 831 832 
50 0.33256019 -0.059214312 49 51 0 1 5 49 832 51 839 831 
51 0.31430602 -0.059420723 50 52 0 1 5 50 831 52 820 839 
52 0.29633462 -0.059485877 51 53 0 1 5 51 839 53 820 50 
53 0.27867337 -0.059405838 52 54 0 1 5 52 820 54 819 55 
54 0.26134917 -0.059177261 53 55 0 1 5 53 820 55 819 52 
55 0.24438839 -0.058797436 54 56 0 1 6 54 819 814 56 816 57 
56 0.22781687 -0.058264324 55 57 0 1 6 55 57 814 816 54 819 
57 0.21165984 -0.057576583 56 58 0 1 4 56 814 58 813 
58 0.1959419 -0.056733589 57 59 0 1 4 57 813 59 812 
59 0.18068699 -0.055735444 58 60 0 1 4 58 60 811 812 
60 0.16591835 -0.054582975 59 61 0 1 7 59 812 61 811 802 815 801 
61 0.15165845 -0.053277727 60 62 0 1 4 60 811 62 802 
62 0.13792902 -0.051821935 61 63 0 1 4 61 802 63 801 
63 0.12475097 -0.050218499 62 64 0 1 5 62 64 798 801 800 
64 0.11214435 -0.048470941 63 65 0 1 5 63 801 65 797 798 
65 0.10012838 -0.046583347 64 66 0 1 5 64 798 66 799 797 
66 0.088721349 -0.044560316 65 67 0 1 5 65 797 67 794 799 
67 0.077940625 -0.042406886 66 68 0 1 5 66 799 68 793 794 
68 0.067802628 -0.040128457 67 69 0 1 6 67 794 790 69 792 793 
69 0.058322796 -0.037730713 68 70 0 1 6 68 70 790 792 67 793 
70 0.049515566 -0.035219534 69 71 0 1 4 69 790 71 789 
71 0.041394349 -0.032600908 70 72 0 1 4 70 72 784 789 
72 0.033971513 -0.029880838 71 73 0 1 6 71 789 776 778 784 73 
73 0.027258362 -0.027065253 72 74 0 1 6 72 772 774 776 74 775 
74 0.021265118 -0.024159922 73 75 0 1 7 73 75 765 771 772 768 774 
75 0.016000908 -0.02117036 74 76 0 1 6 74 771 761 763 765 76 
76 0.011473749 -0.01810176 75 77 0 1 5 75 77 757 760 761 
77 0.0076905349 -0.014958905 76 78 0 1 7 76 760 755 754 756 757 78 
78 0.004657027 -0.011746112 77 79 0 1 5 77 752 79 753 754 
79 0.0023778447 -0.0084671713 78 80 0 1 5 78 675 677 80 752 
80 0.00085645882 -0.0051252956 79 81 0 1 4 670 672 79 81 
81 9.5186251e-05 -0.0017230882 80 82 0 1 6 658 317 661 82 80 660 
82 9.5186251e-05 0.0017230882 81 83 0 1 6 317 315 658 81 83 314 
83 0.00085645882 0.0051252956 82 84 0 1 4 304 306 84 82 
84 0.0023778447 0.0084671713 83 85 0 1 5 85 299 301 412 83 
85 0.004657027 0.011746112 84 86 0 1 5 86 412 410 84 411 
86 0.0076905349 0.014958905 85 87 0 1 5 87 409 397 411 85 
87 0.011473749 0.01810176 86 88 0 1 4 86 88 400 397 
88 0.016000908 0.02117036 87 89 0 1 6 89 407 400 398 87 399 
89 0.021265118 0.024159922 88 90 0 1 7 90 88 399 408 407 396 406 
90 0.027258362 0.027065253 89 91 0 1 6 91 406 408 404 89 403 
91 0.033971513 0.029880838 90 92 0 1 6 92 388 402 404 383 90 
92 0.041394349 0.032600908 91 93 0 1 4 93 91 383 388 
93 0.049515566 0.035219534 92 94 0 1 4 94 389 92 388 
94 0.058322796 0.037730713 93 95 0 1 6 95 93 389 387 96 390 
95 0.067802628 0.040128457 94 96 0 1 6 96 391 389 387 94 390 
96 0.077940625 0.042406886 95 97 0 1 5 97 413 95 390 391 
97 0.088721349 0.044560316 96 98 0 1 5 415 98 391 96 413 
98 0.10012838 0.046583347 97 99 0 1 5 99 416 97 413 415 
99 0.11214435 0.048470941 98 100 0 1 5 100 417 98 415 416 
100 0.12475097 0.050218499 99 101 0 1 5 101 416 99 417 414 
101 0.13792902 0.051821935 100 102 0 1 4 102 418 100 417 
102 0.15165845 0.053277727 101 103 0 1 4 103 427 101 418 
103 0.16591835 0.054582975 102 104 0 1 7 104 428 102 427 418 421 417 
104 0.18068699 0.055735444 103 105 0 1 4 105 103 427 428 
105 0.1959419 0.056733589 104 106 0 1 4 106 429 104 428 
106 0.21165984 0.057576583 105 107 0 1 4 107 430 105 429 
107 0.22781687 0.058264324 106 108 0 1 6 108 106 430 422 109 425 
108 0.24438839 0.058797436 107 109 0 1 6 109 425 430 422 107 106 
109 0.26134917 0.059177261 108 110 0 1 5 110 426 108 425 111 
110 0.27867337 0.059405838 109 111 0 1 5 111 426 109 425 108 
111 0.29633462 0.059485877 110 112 0 1 5 112 443 110 426 113 
112 0.31430602 0.059420723 111 113 0 1 5 453 113 111 426 443 
113 0.33256019 0.059214312 112 114 0 1 5 114 454 112 443 453 
114 0.35106935 0.058871124 113 115 0 1 6 455 447 115 113 453 454 
115 0.36980531 0.058396132 114 116 0 1 4 116 456 114 455 
116 0.38873953 0.057794743 115 117 0 1 8 117 457 115 455 456 451 447 448 
117 0.40784319 0.057072742 116 118 0 1 8 118 458 116 456 457 451 115 448 
118 0.42708718 0.056236231 117 119 0 1 7 119 459 117 457 458 452 451 
119 0.44644221 0.055291571 118 120 0 1 8 120 460 118 458 459 452 117 451 
120 0.46587879 0.054245327 119 121 0 1 5 121 469 119 459 460 
121 0.48536734 0.053104207 120 122 0 1 5 122 470 120 460 469 
122 0.50487817 0.051875017 121 123 0 1 5 123 471 121 469 470 
123 0.52438157 0.050564611 122 124 0 1 5 124 472 122 470 471 
124 0.54384785 0.049179848 123 125 0 1 5 125 473 123 471 472 
125 0.56324735 0.047727556 124 126 0 1 5 126 474 124 472 473 
126 0.58255053 0.046214499 125 127 0 1 5 127 475 125 473 474 
127 0.60172801 0.044647355 126 128 0 1 5 128 476 126 474 475 
128 0.62075057 0.043032695 127 129 0 1 5 129 501 127 475 476 
129 0.63958924 0.041376966 128 130 0 1 5 130 502 128 476 501 
130 0.65821535 0.039686488 129 131 0 1 6 503 496 129 501 502 131 
131 0.67660051 0.03796745 130 132 0 1 4 132 503 130 502 
132 0.69471675 0.036225908 131 133 0 1 5 133 504 131 503 134 
133 0.71253646 0.034467793 132 134 0 1 8 134 504 132 503 499 130 135 131 
134 0.73003252 0.03269892 133 135 0 1 4 135 507 133 504 
135 0.74717827 0.030924997 134 136 0 1 7 509 136 134 504 507 505 133 
136 0.76394762 0.029151639 135 137 0 1 5 137 510 135 507 509 
137 0.78031501 0.027384378 136 138 0 1 6 138 518 136 509 510 508 
138 0.79625553 0.025628679 137 139 0 1 5 139 519 510 137 518 
139 0.8117449 0.02388995 138 140 0 1 6 140 520 138 518 519 141 
140 0.82675954 0.022173553 139 141 0 1 4 141 520 139 519 
141 0.84127657 0.020484809 140 142 0 1 6 523 521 140 520 142 144 
142 0.8552739 0.018829006 141 143 0 1 5 143 523 141 520 140 
143 0.8687302 0.017211397 142 144 0 1 5 144 142 523 524 521 
144 0.88162499 0.015637198 143 145 0 1 4 145 524 143 523 
145 0.89393863 0.014111582 144 146 0 1 4 146 525 144 524 
146 0.90565236 0.012639665 145 147 0 1 5 147 525 145 524 144 
147 0.91674835 0.011226495 146 148 0 1 4 148 526 146 525 
148 0.9272097 0.0098770308 147 149 0 1 5 527 526 149 147 525 
149 0.93702048 0.0085961165 148 150 0 1 4 150 536 148 527 
150 0.94616576 0.0073884592 149 151 0 1 6 151 537 149 527 536 534 
151 0.95463159 0.0062585983 150 152 0 1 5 152 538 150 536 537 
152 0.9624051 0.0052108746 151 153 0 1 6 540 153 151 537 538 539 
153 0.96947444 0.0042493982 152 154 0 1 5 154 541 152 538 540 
154 0.97582885 0.0033780154 153 155 0 1 5 546 153 540 541 155 
155 0.98145864 0.0026002754 154 156 0 1 5 550 156 546 547 154 
156 0.98635526 0.0019193984 155 157 0 1 5 157 551 155 547 550 
157 0.99051124 0.0013382449 156 158 0 1 7 554 552 940 156 550 551 158 
158 0.99392025 0.00085928751 157 159 0 1 7 561 159 554 552 940 553 157 
159 0.9965771 0.0004845861 158 160 0 1 5 160 562 158 553 561 
160 0.99847774 0.00021576597 159 1 0 1 7 565 563 955 159 561 562 1 
161 -8.75 8.75 163 162 2 1 3 162 164 163 
162 -6.25 8.75 161 165 2 1 5 165 167 161 163 164 
163 -8.75 6.25 169 161 2 1 5 164 162 170 161 169 
164 -6.25 6.25 0 0 1 1 8 167 165 173 163 161 169 162 170 
165 -3.75 8.75 162 166 2 1 5 166 168 162 164 167 
166 -1.25 8.75 165 318 2 1 5 318 320 165 167 168 
167 -3.75 6.25 0 0 1 1 9 168 166 177 164 162 170 165 173 174 
168 -1.25 6.25 0 0 1 1 9 320 318 326 167 165 174 166 177 178 
169 -8.75 3.75 171 163 2 1 5 170 164 172 163 171 
170 -6.25 3.75 0 0 1 1 7 173 175 169 163 171 164 172 
171 -8.75 1.25 613 169 2 1 5 172 170 614 169 613 
172 -6.25 1.25 0 0 1 1 7 181 183 171 169 613 170 614 
173 -4.375 4.375 0 0 1 1 7 174 167 176 170 164 172 175 
174 -3.125 4.375 0 0 1 1 7 177 168 179 173 167 175 176 
175 -4.375 3.125 0 0 1 1 8 176 174 182 170 164 172 173 181 
176 -3.125 3.125 0 0 1 1 8 179 177 185 175 173 181 174 182 
177 -1.875 4.375 0 0 1 1 7 178 168 180 174 167 176 179 
178 -0.625 4.375 0 0 1 1 7 326 320 328 177 168 179 180 
179 -1.875 3.125 0 0 1 1 9 180 178 189 176 174 182 177 185 186 
180 -0.625 3.125 0 0 1 1 9 328 326 334 179 177 186 178 189 190 
181 -4.375 1.875 0 0 1 1 8 182 176 184 172 170 614 175 183 
182 -3.125 1.875 0 0 1 1 7 185 187 181 175 183 176 184 
183 -4.375 0.625 0 0 1 1 8 184 182 618 172 170 614 181 617 
184 -3.125 0.625 0 0 1 1 7 193 195 183 181 617 182 618 
185 -2.1875 2.1875 0 0 1 1 7 186 179 188 182 176 184 187 
186 -1.5625 2.1875 0 0 1 1 7 189 180 191 185 179 187 188 
187 -2.1875 1.5625 0 0 1 1 8 188 186 194 182 176 184 185 193 
188 -1.5625 1.5625 0 0 1 1 8 191 189 197 187 185 193 186 194 
189 -0.9375 2.1875 0 0 1 1 7 190 180 192 186 179 188 191 
190 -0.3125 2.1875 0 0 1 1 7 334 328 336 189 180 191 192 
191 -0.9375 1.5625 0 0 1 1 9 192 190 201 188 186 194 189 197 198 
192 -0.3125 1.5625 0 0 1 1 9 336 334 342 191 189 198 190 201 202 
193 -2.1875 0.9375 0 0 1 1 8 194 188 196 184 182 618 187 195 
194 -1.5625 0.9375 0 0 1 1 7 197 199 193 187 195 188 196 
195 -2.1875 0.3125 0 0 1 1 8 196 194 622 184 182 618 193 621 
196 -1.5625 0.3125 0 0 1 1 7 205 207 195 193 621 194 622 
197 -1.09375 1.09375 0 0 1 1 7 198 191 200 194 188 196 199 
198 -0.78125 1.09375 0 0 1 1 7 201 192 203 197 191 199 200 
199 -1.09375 0.78125 0 0 1 1 8 200 198 206 194 188 196 197 205 
200 -0.78125 0.78125 0 0 1 1 8 203 201 209 199 197 205 198 206 
201 -0.46875 1.09375 0 0 1 1 7 202 192 204 198 191 200 203 
202 -0.15625 1.09375 0 0 1 1 7 342 336 344 201 192 203 204 
203 -0.46875 0.78125 0 0 1 1 9 204 202 213 200 198 206 201 209 210 
204 -0.15625 0.78125 0 0 1 1 9 344 342 350 203 201 210 202 213 214 
205 -1.09375 0.46875 0 0 1 1 8 206 200 208 196 194 622 199 207 
206 -0.78125 0.46875 0 0 1 1 7 209 211 205 199 207 200 208 
207 -1.09375 0.15625 0 0 1 1 8 208 206 626 196 194 622 205 625 
208 -0.78125 0.15625 0 0 1 1 7 217 219 207 205 625 206 626 
209 -0.546875 0.546875 0 0 1 1 7 210 203 212 206 200 208 211 
210 -0.390625 0.546875 0 0 1 1 7 213 204 215 209 203 211 212 
211 -0.546875 0.390625 0 0 1 1 8 212 210 218 206 200 208 209 217 
212 -0.390625 0.390625 0 0 1 1 8 215 213 221 211 209 217 210 218 
213 -0.234375 0.546875 0 0 1 1 7 214 204 216 210 203 212 215 
214 -0.078125 0.546875 0 0 1 1 7 350 344 352 213 204 215 216 
215 -0.234375 0.390625 0 0 1 1 9 216 214 225 212 210 218 213 221 222 
216 -0.078125 0.390625 0 0 1 1 9 352 350 358 215 213 222 214 225 226 
217 -0.546875 0.234375 0 0 1 1 8 218 212 220 208 206 626 211 219 
218 -0.390625 0.234375 0 0 1 1 7 221 223 217 211 219 212 220 
219 -0.546875 0.078125 0 0 1 1 8 220 218 630 208 206 626 217 629 
220 -0.390625 0.078125 0 0 1 1 7 229 231 219 217 629 218 630 
221 -0.2734375 0.2734375 0 0 1 1 7 222 215 224 218 212 220 223 
222 -0.1953125 0.2734375 0 0 1 1 7 225 216 227 221 215 223 224 
223 -0.2734375 0.1953125 0 0 1 1 8 224 222 230 218 212 220 221 229 
224 -0.1953125 0.1953125 0 0 1 1 8 227 225 233 223 221 229 222 230 
225 -0.1171875 0.2734375 0 0 1 1 7 226 216 228 222 215 224 227 
226 -0.0390625 0.2734375 0 0 1 1 7 358 352 360 225 216 227 228 
227 -0.1171875 0.1953125 0 0 1 1 9 228 226 237 224 222 230 225 233 234 
228 -0.0390625 0.1953125 0 0 1 1 9 360 358 366 227 225 234 226 237 238 
229 -0.2734375 0.1171875 0 0 1 1 8 230 224 232 220 218 630 223 231 
230 -0.1953125 0.1171875 0 0 1 1 7 233 235 229 223 231 224 232 
231 -0.2734375 0.0390625 0 0 1 1 8 232 230 634 220 218 630 229 633 
232 -0.1953125 0.0390625 0 0 1 1 7 241 243 231 229 633 230 634 
233 -0.13671875 0.13671875 0 0 1 1 7 234 227 236 230 224 232 235 
234 -0.09765625 0.13671875 0 0 1 1 7 237 228 239 233 227 235 236 
235 -0.13671875 0.09765625 0 0 1 1 8 236 234 242 230 224 232 233 241 
236 -0.09765625 0.09765625 0 0 1 1 8 239 237 245 235 233 241 234 242 
237 -0.05859375 0.13671875 0 0 1 1 7 238 228 240 234 227 236 239 
238 -0.01953125 0.13671875 0 0 1 1 7 366 360 368 237 228 239 240 
239 -0.05859375 0.09765625 0 0 1 1 9 240 238 249 236 234 242 237 245 246 
240 -0.01953125 0.09765625 0 0 1 1 9 368 366 374 239 237 246 238 249 250 
241 -0.13671875 0.05859375 0 0 1 1 8 242 236 244 232 230 634 235 243 
242 -0.09765625 0.05859375 0 0 1 1 7 245 247 241 235 243 236 244 
243 -0.13671875 0.01953125 0 0 1 1 8 244 242 638 232 230 634 241 637 
244 -0.09765625 0.01953125 0 0 1 1 7 253 255 243 241 637 242 638 
245 -0.068359375 0.068359375 0 0 1 1 7 246 239 248 242 236 244 247 
246 -0.048828125 0.068359375 0 0 1 1 7 249 240 251 245 239 247 248 
247 -0.068359375 0.048828125 0 0 1 1 8 248 246 254 242 236 244 245 253 
248 -0.048828125 0.048828125 0 0 1 1 8 251 249 257 247 245 253 246 254 
249 -0.029296875 0.068359375 0 0 1 1 7 250 240 252 246 239 248 251 
250 -0.009765625 0.068359375 0 0 1 1 7 374 368 376 249 240 251 252 
251 -0.029296875 0.048828125 0 0 1 1 9 252 250 261 248 246 254 249 257 258 
252 -0.009765625 0.048828125 0 0 1 1 8 376 378 251 249 258 250 261 262 
253 -0.068359375 0.029296875 0 0 1 1 8 254 248 256 244 242 638 247 255 
254 -0.048828125 0.029296875 0 0 1 1 7 257 259 253 247 255 248 256 
255 -0.068359375 0.009765625 0 0 1 1 8 256 254 642 244 242 638 253 641 
256 -0.048828125 0.009765625 0 0 1 1 7 271 273 255 253 641 254 642 
257 -0.0341796875 0.0341796875 0 0 1 1 7 258 251 260 254 248 256 259 
258 -0.0244140625 0.0341796875 0 0 1 1 7 261 252 263 257 251 259 260 
259 -0.0341796875 0.0244140625 0 0 1 1 8 260 258 272 254 248 256 257 271 
260 -0.0244140625 0.0244140625 0 0 1 1 7 263 265 259 257 271 258 272 
261 -0.0146484375 0.0341796875 0 0 1 1 8 262 252 267 258 251 260 263 264 
262 -0.0048828125 0.0341796875 0 0 1 1 8 392 378 397 261 252 264 267 268 
263 -0.0170898438 0.0268554688 0 0 1 1 7 264 261 266 260 258 272 265 
264 -0.0122070312 0.0268554688 0 0 1 1 7 267 262 269 263 261 265 266 
265 -0.0170898438 0.0219726562 0 0 1 1 8 266 264 276 260 258 272 263 275 
266 -0.0122070312 0.0219726562 0 0 1 1 8 269 267 279 265 263 275 264 276 
267 -0.00732421875 0.0268554688 0 0 1 1 7 268 262 270 264 261 266 269 
268 -0.00244140625 0.0268554688 0 0 1 1 6 397 392 267 262 269 270 
269 -0.00732421875 0.0219726562 0 0 1 1 9 270 268 283 266 264 276 267 279 280 
270 -0.00244140625 0.0219726562 0 0 1 1 7 397 392 269 267 280 268 283 
271 -0.0341796875 0.0146484375 0 0 1 1 8 272 260 274 256 254 642 259 273 
272 -0.0244140625 0.0146484375 0 0 1 1 7 275 277 271 259 273 260 274 
273 -0.0341796875 0.0048828125 0 0 1 1 8 274 272 646 256 254 642 271 645 
274 -0.0244140625 0.0048828125 0 0 1 1 7 289 291 273 271 645 272 646 
275 -0.0170898438 0.0170898438 0 0 1 1 8 276 266 278 272 260 274 265 277 
276 -0.0122070312 0.0170898438 0 0 1 1 7 279 281 275 265 277 266 278 
277 -0.0170898438 0.0122070312 0 0 1 1 8 278 276 290 272 260 274 275 289 
278 -0.0122070312 0.0122070312 0 0 1 1 8 284 281 293 277 275 289 276 290 
279 -0.00854492188 0.0183105469 0 0 1 1 7 280 269 282 276 266 278 281 
280 -0.00610351562 0.0183105469 0 0 1 1 6 283 270 279 269 281 282 
281 -0.00854492188 0.0158691406 0 0 1 1 7 282 280 284 276 266 278 279 
282 -0.00610351562 0.0158691406 0 0 1 1 6 283 270 281 279 284 280 
283 -0.00244140625 0.0170898438 0 0 1 1 8 409 397 410 280 282 270 285 286 
284 -0.00732421875 0.0122070312 0 0 1 1 9 285 287 278 276 290 282 281 293 294 
285 -0.00366210938 0.0134277344 0 0 1 1 5 286 283 288 284 287 
286 -0.00122070312 0.0134277344 0 0 1 1 7 410 409 412 285 283 287 288 
287 -0.00366210938 0.0109863281 0 0 1 1 6 288 286 298 284 285 297 
288 -0.00122070312 0.0109863281 0 0 1 1 9 412 410 84 287 285 297 286 298 299 
289 -0.0170898438 0.00732421875 0 0 1 1 8 290 278 292 274 272 646 277 291 
290 -0.0122070312 0.00732421875 0 0 1 1 7 293 295 289 277 291 278 292 
291 -0.0170898438 0.00244140625 0 0 1 1 8 292 290 650 274 272 646 289 649 
292 -0.0122070312 0.00244140625 0 0 1 1 7 307 309 291 289 649 290 650 
293 -0.00854492188 0.00854492188 0 0 1 1 7 294 284 296 290 278 292 295 
294 -0.00610351562 0.00854492188 0 0 1 1 7 297 287 302 293 284 295 296 
295 -0.00854492188 0.00610351562 0 0 1 1 8 296 294 308 290 278 292 293 307 
296 -0.00610351562 0.00610351562 0 0 1 1 8 302 297 311 295 293 307 294 308 
297 -0.00366210938 0.00854492188 0 0 1 1 7 298 300 294 284 296 287 302 
298 -0.00183105469 0.00915527344 0 0 1 1 7 299 288 301 297 287 302 300 
299 -0.000610351562 0.00915527344 0 0 1 1 7 84 412 83 298 288 300 301 
300 -0.00183105469 0.00793457031 0 0 1 1 8 301 299 304 297 287 302 298 303 
301 -0.000610351562 0.00793457031 0 0 1 1 8 84 412 83 300 298 303 299 304 
302 -0.00366210938 0.00610351562 0 0 1 1 7 303 305 296 294 308 297 311 
303 -0.00183105469 0.00671386719 0 0 1 1 8 304 301 306 302 297 311 300 305 
304 -0.000610351562 0.00671386719 0 0 1 1 7 83 84 303 300 305 301 306 
305 -0.00183105469 0.00549316406 0 0 1 1 8 306 304 313 302 297 311 303 312 
306 -0.000610351562 0.00549316406 0 0 1 1 7 83 84 305 303 312 304 313 
307 -0.00854492188 0.00366210938 0 0 1 1 8 308 296 310 292 290 650 295 309 
308 -0.00610351562 0.00366210938 0 0 1 1 8 311 302 316 307 295 309 296 310 
309 -0.00854492188 0.00122070312 0 0 1 1 8 310 308 654 292 290 650 307 653 
310 -0.00610351562 0.00122070312 0 0 1 1 8 316 311 657 309 307 653 308 654 
311 -0.00366210938 0.00366210938 0 0 1 1 7 312 314 308 296 310 302 316 
312 -0.00183105469 0.00427246094 0 0 1 1 8 313 306 315 311 302 316 305 314 
313 -0.000610351562 0.00427246094 0 0 1 1 7 83 82 312 305 314 306 315 
314 -0.00183105469 0.00305175781 0 0 1 1 7 315 313 317 311 302 316 312 
315 -0.000610351562 0.00305175781 0 0 1 1 6 83 82 314 312 317 313 
316 -0.00366210938 0.00122070312 0 0 1 1 8 317 314 658 310 308 654 311 657 
317 -0.00122070312 0.00122070312 0 0 1 1 8 82 81 316 311 657 315 314 658 
318 1.25 8.75 166 319 2 1 5 319 321 166 168 320 
319 3.75 8.75 318 322 2 1 5 322 324 318 320 321 
320 1.25 6.25 0 0 1 1 9 321 319 330 168 166 178 318 326 327 
321 3.75 6.25 0 0 1 1 9 324 322 609 320 318 327 319 330 331 
322 6.25 8.75 319 323 2 1 5 323 325 319 321 324 
323 8.75 8.75 322 325 2 1 3 322 324 325 
324 6.25 6.25 0 0 1 1 8 325 323 610 321 319 331 322 609 
325 8.75 6.25 323 610 2 1 5 324 322 609 323 610 
326 0.625 4.375 0 0 1 1 7 327 320 329 178 168 180 328 
327 1.875 4.375 0 0 1 1 7 330 321 332 326 320 328 329 
328 0.625 3.125 0 0 1 1 9 329 327 338 180 178 190 326 334 335 
329 1.875 3.125 0 0 1 1 9 332 330 605 328 326 335 327 338 339 
330 3.125 4.375 0 0 1 1 7 331 321 333 327 320 329 332 
331 4.375 4.375 0 0 1 1 7 609 324 611 330 321 332 333 
332 3.125 3.125 0 0 1 1 8 333 331 606 329 327 339 330 605 
333 4.375 3.125 0 0 1 1 8 609 324 611 332 330 605 331 606 
334 0.3125 2.1875 0 0 1 1 7 335 328 337 190 180 192 336 
335 0.9375 2.1875 0 0 1 1 7 338 329 340 334 328 336 337 
336 0.3125 1.5625 0 0 1 1 9 337 335 346 192 190 202 334 342 343 
337 0.9375 1.5625 0 0 1 1 9 340 338 592 336 334 343 335 346 347 
338 1.5625 2.1875 0 0 1 1 7 339 329 341 335 328 337 340 
339 2.1875 2.1875 0 0 1 1 7 605 332 607 338 329 340 341 
340 1.5625 1.5625 0 0 1 1 9 341 339 596 337 335 347 338 592 593 
341 2.1875 1.5625 0 0 1 1 8 605 332 607 340 338 593 339 596 
342 0.15625 1.09375 0 0 1 1 7 343 336 345 202 192 204 344 
343 0.46875 1.09375 0 0 1 1 7 346 337 348 342 336 344 345 
344 0.15625 0.78125 0 0 1 1 9 345 343 354 204 202 214 342 350 351 
345 0.46875 0.78125 0 0 1 1 9 348 346 477 344 342 351 343 354 355 
346 0.78125 1.09375 0 0 1 1 7 347 337 349 343 336 345 348 
347 1.09375 1.09375 0 0 1 1 7 592 340 594 346 337 348 349 
348 0.78125 0.78125 0 0 1 1 9 349 347 481 345 343 355 346 477 478 
349 1.09375 0.78125 0 0 1 1 9 594 592 597 348 346 478 347 481 482 
350 0.078125 0.546875 0 0 1 1 7 351 344 353 214 204 216 352 
351 0.234375 0.546875 0 0 1 1 7 354 345 356 350 344 352 353 
352 0.078125 0.390625 0 0 1 1 9 353 351 362 216 214 226 350 358 359 
353 0.234375 0.390625 0 0 1 1 9 356 354 431 352 350 359 351 362 363 
354 0.390625 0.546875 0 0 1 1 7 355 345 357 351 344 353 356 
355 0.546875 0.546875 0 0 1 1 7 477 348 479 354 345 356 357 
356 0.390625 0.390625 0 0 1 1 9 357 355 435 353 351 363 354 431 432 
357 0.546875 0.390625 0 0 1 1 9 479 477 485 356 354 432 355 435 436 
358 0.0390625 0.2734375 0 0 1 1 7 359 352 361 226 216 228 360 
359 0.1171875 0.2734375 0 0 1 1 7 362 353 364 358 352 360 361 
360 0.0390625 0.1953125 0 0 1 1 9 361 359 370 228 226 238 358 366 367 
361 0.1171875 0.1953125 0 0 1 1 9 364 362 419 360 358 367 359 370 371 
362 0.1953125 0.2734375 0 0 1 1 7 363 353 365 359 352 361 364 
363 0.2734375 0.2734375 0 0 1 1 7 431 356 433 362 353 364 365 
364 0.1953125 0.1953125 0 0 1 1 9 365 363 423 361 359 371 362 419 420 
365 0.2734375 0.1953125 0 0 1 1 9 433 431 439 364 362 420 363 423 424 
366 0.01953125 0.13671875 0 0 1 1 7 367 360 369 238 228 240 368 
367 0.05859375 0.13671875 0 0 1 1 7 370 361 372 366 360 368 369 
368 0.01953125 0.09765625 0 0 1 1 9 369 367 384 240 238 250 366 374 375 
369 0.05859375 0.09765625 0 0 1 1 9 372 370 413 368 366 375 367 384 385 
370 0.09765625 0.13671875 0 0 1 1 7 371 361 373 367 360 369 372 
371 0.13671875 0.13671875 0 0 1 1 7 419 364 421 370 361 372 373 
372 0.09765625 0.09765625 0 0 1 1 9 373 371 417 369 367 385 370 413 414 
373 0.13671875 0.09765625 0 0 1 1 9 421 419 427 372 370 414 371 417 418 
374 0.009765625 0.068359375 0 0 1 1 8 375 368 380 250 240 252 376 377 
375 0.029296875 0.068359375 0 0 1 1 8 384 369 386 374 368 377 380 381 
376 0.0048828125 0.0537109375 0 0 1 1 6 377 374 379 252 250 378 
377 0.0146484375 0.0537109375 0 0 1 1 7 380 375 382 376 374 378 379 
378 0.0048828125 0.0439453125 0 0 1 1 7 379 377 393 252 250 376 392 
379 0.0146484375 0.0439453125 0 0 1 1 9 382 380 401 378 376 392 377 393 394 
380 0.0244140625 0.0537109375 0 0 1 1 7 381 375 383 377 374 379 382 
381 0.0341796875 0.0537109375 0 0 1 1 7 386 384 388 380 375 382 383 
382 0.0244140625 0.0439453125 0 0 1 1 9 383 381 91 379 377 394 380 401 402 
383 0.0341796875 0.0439453125 0 0 1 1 8 388 386 92 382 380 402 381 91 
384 0.048828125 0.068359375 0 0 1 1 8 385 369 390 375 368 381 386 387 
385 0.068359375 0.068359375 0 0 1 1 8 413 372 97 384 369 387 390 391 
386 0.0439453125 0.0537109375 0 0 1 1 7 387 384 389 381 375 383 388 
387 0.0537109375 0.0537109375 0 0 1 1 7 390 385 95 386 384 388 389 
388 0.0439453125 0.0439453125 0 0 1 1 8 389 387 93 383 381 91 386 92 
389 0.0537109375 0.0439453125 0 0 1 1 8 95 390 388 386 92 387 93 94 
390 0.0634765625 0.0537109375 0 0 1 1 7 391 385 96 387 384 389 95 
391 0.0732421875 0.0537109375 0 0 1 1 6 97 413 390 385 95 96 
392 0.0048828125 0.0341796875 0 0 1 1 7 393 395 262 252 268 378 397 
393 0.0122070312 0.0366210938 0 0 1 1 7 394 379 396 392 378 397 395 
394 0.0170898438 0.0366210938 0 0 1 1 7 401 382 403 393 379 395 396 
395 0.0122070312 0.0317382812 0 0 1 1 8 396 394 399 392 378 397 393 398 
396 0.0170898438 0.0317382812 0 0 1 1 8 403 401 405 395 393 398 394 399 
397 0.0048828125 0.0244140625 0 0 1 1 7 398 400 268 270 392 409 86 
398 0.0122070312 0.0268554688 0 0 1 1 7 399 396 88 397 392 395 400 
399 0.0170898438 0.0268554688 0 0 1 1 7 405 407 398 395 400 396 88 
400 0.0122070312 0.0219726562 0 0 1 1 6 88 399 87 397 392 398 
401 0.0219726562 0.0366210938 0 0 1 1 7 402 382 404 394 379 396 403 
402 0.0268554688 0.0366210938 0 0 1 1 6 91 383 401 382 403 404 
403 0.0219726562 0.0317382812 0 0 1 1 9 404 402 90 396 394 399 401 405 406 
404 0.0268554688 0.0317382812 0 0 1 1 7 91 383 403 401 406 402 90 
405 0.0207519531 0.0280761719 0 0 1 1 7 406 403 408 399 396 88 407 
406 0.0231933594 0.0280761719 0 0 1 1 6 90 404 405 403 407 408 
407 0.0207519531 0.0256347656 0 0 1 1 7 408 406 89 399 396 88 405 
408 0.0231933594 0.0256347656 0 0 1 1 6 90 404 407 405 89 406 
409 0.00244140625 0.0170898438 0 0 1 1 7 86 397 283 270 286 410 411 
410 0.00122070312 0.0134277344 0 0 1 1 7 411 409 85 286 283 288 412 
411 0.00366210938 0.0134277344 0 0 1 1 5 86 410 409 412 85 
412 0.00122070312 0.0109863281 0 0 1 1 7 85 411 288 286 299 410 84 
413 0.087890625 0.068359375 0 0 1 1 7 414 372 415 385 369 391 97 
414 0.107421875 0.068359375 0 0 1 1 8 417 373 100 413 372 97 415 416 
415 0.102539062 0.0537109375 0 0 1 1 6 416 414 99 97 413 98 
416 0.112304688 0.0537109375 0 0 1 1 6 100 417 415 414 98 99 
417 0.126953125 0.068359375 0 0 1 1 7 418 373 101 414 372 416 100 
418 0.146484375 0.068359375 0 0 1 1 8 427 421 103 417 373 100 101 102 
419 0.17578125 0.13671875 0 0 1 1 7 420 364 422 371 361 373 421 
420 0.21484375 0.13671875 0 0 1 1 7 423 365 425 419 364 421 422 
421 0.17578125 0.09765625 0 0 1 1 9 422 420 429 373 371 418 419 427 428 
422 0.21484375 0.09765625 0 0 1 1 9 425 423 108 421 419 428 420 429 430 
423 0.25390625 0.13671875 0 0 1 1 7 424 365 426 420 364 422 425 
424 0.29296875 0.13671875 0 0 1 1 7 439 433 441 423 365 425 426 
425 0.25390625 0.09765625 0 0 1 1 9 426 424 110 422 420 430 423 108 109 
426 0.29296875 0.09765625 0 0 1 1 8 441 443 425 423 109 424 110 111 
427 0.166015625 0.068359375 0 0 1 1 7 428 421 104 418 373 102 103 
428 0.185546875 0.068359375 0 0 1 1 7 429 422 105 427 421 103 104 
429 0.205078125 0.068359375 0 0 1 1 8 430 422 107 428 421 104 105 106 
430 0.224609375 0.068359375 0 0 1 1 6 108 425 429 422 106 107 
431 0.3515625 0.2734375 0 0 1 1 7 432 356 434 363 353 365 433 
432 0.4296875 0.2734375 0 0 1 1 7 435 357 437 431 356 433 434 
433 0.3515625 0.1953125 0 0 1 1 9 434 432 449 365 363 424 431 439 440 
434 0.4296875 0.1953125 0 0 1 1 9 437 435 461 433 431 440 432 449 450 
435 0.5078125 0.2734375 0 0 1 1 7 436 357 438 432 356 434 437 
436 0.5859375 0.2734375 0 0 1 1 7 485 479 487 435 357 437 438 
437 0.5078125 0.1953125 0 0 1 1 9 438 436 465 434 432 450 435 461 462 
438 0.5859375 0.1953125 0 0 1 1 9 487 485 493 437 435 462 436 465 466 
439 0.33203125 0.13671875 0 0 1 1 8 440 433 445 424 365 426 441 442 
440 0.37109375 0.13671875 0 0 1 1 8 449 434 451 439 433 442 445 446 
441 0.322265625 0.107421875 0 0 1 1 6 442 439 444 426 424 443 
442 0.341796875 0.107421875 0 0 1 1 7 445 440 447 441 439 443 444 
443 0.322265625 0.087890625 0 0 1 1 7 444 442 453 426 424 441 112 
444 0.341796875 0.087890625 0 0 1 1 9 447 445 455 443 441 112 442 453 454 
445 0.361328125 0.107421875 0 0 1 1 7 446 440 448 442 439 444 447 
446 0.380859375 0.107421875 0 0 1 1 6 451 449 445 440 447 448 
447 0.361328125 0.087890625 0 0 1 1 8 448 446 456 444 442 454 445 455 
448 0.380859375 0.087890625 0 0 1 1 7 451 449 447 445 455 446 456 
449 0.41015625 0.13671875 0 0 1 1 7 450 434 452 440 433 446 451 
450 0.44921875 0.13671875 0 0 1 1 7 461 437 463 449 434 451 452 
451 0.41015625 0.09765625 0 0 1 1 8 452 450 459 446 448 449 457 458 
452 0.44921875 0.09765625 0 0 1 1 9 463 461 469 451 449 458 450 459 460 
453 0.336914062 0.0732421875 0 0 1 1 6 454 444 114 112 443 113 
454 0.346679688 0.0732421875 0 0 1 1 7 455 447 115 453 444 113 114 
455 0.361328125 0.068359375 0 0 1 1 7 456 448 116 454 114 447 115 
456 0.380859375 0.068359375 0 0 1 1 8 457 451 117 455 447 115 448 116 
457 0.400390625 0.068359375 0 0 1 1 7 458 451 118 456 448 116 117 
458 0.419921875 0.068359375 0 0 1 1 7 459 452 119 457 451 117 118 
459 0.439453125 0.068359375 0 0 1 1 7 460 452 120 458 451 118 119 
460 0.458984375 0.068359375 0 0 1 1 7 469 463 121 459 452 119 120 
461 0.48828125 0.13671875 0 0 1 1 7 462 437 464 450 434 452 463 
462 0.52734375 0.13671875 0 0 1 1 7 465 438 467 461 437 463 464 
463 0.48828125 0.09765625 0 0 1 1 9 464 462 471 452 450 460 461 469 470 
464 0.52734375 0.09765625 0 0 1 1 9 467 465 473 463 461 470 462 471 472 
465 0.56640625 0.13671875 0 0 1 1 7 466 438 468 462 437 464 467 
466 0.60546875 0.13671875 0 0 1 1 7 493 487 495 465 438 467 468 
467 0.56640625 0.09765625 0 0 1 1 9 468 466 475 464 462 472 465 473 474 
468 0.60546875 0.09765625 0 0 1 1 9 495 493 501 467 465 474 466 475 476 
469 0.478515625 0.068359375 0 0 1 1 7 470 463 122 460 452 120 121 
470 0.498046875 0.068359375 0 0 1 1 7 471 464 123 469 463 121 122 
471 0.517578125 0.068359375 0 0 1 1 7 472 464 124 470 463 122 123 
472 0.537109375 0.068359375 0 0 1 1 7 473 467 125 471 464 123 124 
473 0.556640625 0.068359375 0 0 1 1 7 474 467 126 472 464 124 125 
474 0.576171875 0.068359375 0 0 1 1 7 475 468 127 473 467 125 126 
475 0.595703125 0.068359375 0 0 1 1 7 476 468 128 474 467 126 127 
476 0.615234375 0.068359375 0 0 1 1 7 501 495 129 475 468 127 128 
477 0.703125 0.546875 0 0 1 1 7 478 348 480 355 345 357 479 
478 0.859375 0.546875 0 0 1 1 7 481 349 483 477 348 479 480 
479 0.703125 0.390625 0 0 1 1 9 480 478 489 357 355 436 477 485 486 
480 0.859375 0.390625 0 0 1 1 9 483 481 528 479 477 486 478 489 490 
481 1.015625 0.546875 0 0 1 1 7 482 349 484 478 348 480 483 
482 1.171875 0.546875 0 0 1 1 6 597 594 481 349 483 484 
483 1.015625 0.390625 0 0 1 1 8 484 482 529 480 478 490 481 528 
484 1.171875 0.390625 0 0 1 1 7 597 594 483 481 528 482 529 
485 0.6640625 0.2734375 0 0 1 1 7 486 479 488 436 357 438 487 
486 0.7421875 0.2734375 0 0 1 1 7 489 480 491 485 479 487 488 
487 0.6640625 0.1953125 0 0 1 1 9 488 486 497 438 436 466 485 493 494 
488 0.7421875 0.1953125 0 0 1 1 9 491 489 511 487 485 494 486 497 498 
489 0.8203125 0.2734375 0 0 1 1 7 490 480 492 486 479 488 491 
490 0.8984375 0.2734375 0 0 1 1 6 528 483 489 480 491 492 
491 0.8203125 0.1953125 0 0 1 1 9 492 490 515 488 486 498 489 511 512 
492 0.8984375 0.1953125 0 0 1 1 7 528 483 491 489 512 490 515 
493 0.64453125 0.13671875 0 0 1 1 7 494 487 496 466 438 468 495 
494 0.68359375 0.13671875 0 0 1 1 7 497 488 499 493 487 495 496 
495 0.64453125 0.09765625 0 0 1 1 9 496 494 503 468 466 476 493 501 502 
496 0.68359375 0.09765625 0 0 1 1 8 499 497 504 495 493 502 494 503 
497 0.72265625 0.13671875 0 0 1 1 7 498 488 500 494 487 496 499 
498 0.76171875 0.13671875 0 0 1 1 7 511 491 513 497 488 499 500 
499 0.72265625 0.09765625 0 0 1 1 8 500 498 505 496 494 503 497 504 
500 0.76171875 0.09765625 0 0 1 1 9 513 511 516 499 497 504 498 505 506 
501 0.634765625 0.068359375 0 0 1 1 7 502 495 130 476 468 128 129 
502 0.654296875 0.068359375 0 0 1 1 6 503 496 501 495 129 130 
503 0.68359375 0.05859375 0 0 1 1 8 504 499 133 502 130 496 131 132 
504 0.72265625 0.05859375 0 0 1 1 8 505 507 503 496 132 499 133 134 
505 0.751953125 0.068359375 0 0 1 1 6 506 500 508 504 499 507 
506 0.771484375 0.068359375 0 0 1 1 7 516 513 518 505 500 507 508 
507 0.751953125 0.048828125 0 0 1 1 7 508 506 509 504 499 505 135 
508 0.771484375 0.048828125 0 0 1 1 9 518 516 138 507 505 135 506 509 510 
509 0.766601562 0.0341796875 0 0 1 1 6 510 508 137 135 507 136 
510 0.776367188 0.0341796875 0 0 1 1 6 138 518 509 508 136 137 
511 0.80078125 0.13671875 0 0 1 1 7 512 491 514 498 488 500 513 
512 0.83984375 0.13671875 0 0 1 1 6 515 492 511 491 513 514 
513 0.80078125 0.09765625 0 0 1 1 9 514 512 520 500 498 506 511 516 517 
514 0.83984375 0.09765625 0 0 1 1 7 515 492 513 511 517 512 520 
515 0.8984375 0.1171875 0 0 1 1 8 530 528 532 512 514 492 521 522 
516 0.791015625 0.068359375 0 0 1 1 7 517 513 519 506 500 508 518 
517 0.810546875 0.068359375 0 0 1 1 6 520 514 516 513 518 519 
518 0.791015625 0.048828125 0 0 1 1 8 519 517 139 508 506 510 516 138 
519 0.810546875 0.048828125 0 0 1 1 7 520 514 518 516 138 517 139 
520 0.83984375 0.05859375 0 0 1 1 8 521 515 523 517 519 514 140 141 
521 0.87890625 0.05859375 0 0 1 1 8 522 515 525 520 514 141 523 524 
522 0.91796875 0.05859375 0 0 1 1 8 532 530 534 521 515 524 525 526 
523 0.869140625 0.029296875 0 0 1 1 7 524 521 144 141 520 142 143 
524 0.888671875 0.029296875 0 0 1 1 8 525 522 146 523 521 143 144 145 
525 0.908203125 0.029296875 0 0 1 1 8 526 522 148 524 521 145 146 147 
526 0.927734375 0.029296875 0 0 1 1 8 534 532 536 525 522 147 148 527 
527 0.932617188 0.0146484375 0 0 1 1 6 536 534 150 148 526 149 
528 1.015625 0.234375 0 0 1 1 8 529 484 588 490 492 483 530 531 
529 1.171875 0.234375 0 0 1 1 9 599 597 601 528 483 531 484 588 589 
530 0.9765625 0.1171875 0 0 1 1 8 531 528 578 515 492 522 532 533 
531 1.0546875 0.1171875 0 0 1 1 8 588 529 590 530 528 533 578 579 
532 0.95703125 0.05859375 0 0 1 1 8 533 530 542 522 515 526 534 535 
533 0.99609375 0.05859375 0 0 1 1 8 578 531 580 532 530 535 542 543 
534 0.947265625 0.029296875 0 0 1 1 8 535 532 538 526 522 527 536 537 
535 0.966796875 0.029296875 0 0 1 1 8 542 533 544 534 532 537 538 539 
536 0.942382812 0.0146484375 0 0 1 1 7 537 534 151 527 526 149 150 
537 0.952148438 0.0146484375 0 0 1 1 7 538 535 152 536 534 150 151 
538 0.961914062 0.0146484375 0 0 1 1 7 539 535 540 537 534 151 152 
539 0.971679688 0.0146484375 0 0 1 1 8 544 542 546 538 535 152 540 541 
540 0.969238281 0.00732421875 0 0 1 1 7 541 539 154 152 538 11 153 
541 0.974121094 0.00732421875 0 0 1 1 6 546 544 540 539 153 154 
542 0.986328125 0.029296875 0 0 1 1 8 543 533 555 535 532 539 544 545 
543 1.00585938 0.029296875 0 0 1 1 8 580 578 582 542 533 545 555 556 
544 0.981445312 0.0146484375 0 0 1 1 8 545 542 548 539 535 541 546 547 
545 0.991210938 0.0146484375 0 0 1 1 8 555 543 557 544 542 547 548 549 
546 0.979003906 0.00732421875 0 0 1 1 6 547 544 155 541 539 154 
547 0.983886719 0.00732421875 0 0 1 1 6 548 545 550 546 544 155 
548 0.988769531 0.00732421875 0 0 1 1 8 549 545 552 547 544 155 550 551 
549 0.993652344 0.00732421875 0 0 1 1 8 557 555 559 548 545 551 552 553 
550 0.987548828 0.00366210938 0 0 1 1 7 551 548 157 155 547 8 156 
551 0.989990234 0.00366210938 0 0 1 1 7 552 549 554 550 548 156 157 
552 0.992431641 0.00366210938 0 0 1 1 7 553 549 158 551 548 157 554 
553 0.994873047 0.00366210938 0 0 1 1 7 559 557 561 552 549 554 158 
554 0.992431641 0.00122070312 0 0 1 1 8 158 553 5 157 551 6 552 940 
555 1.00097656 0.0146484375 0 0 1 1 8 556 543 574 545 542 549 557 558 
556 1.01074219 0.0146484375 0 0 1 1 8 582 580 584 555 543 558 574 575 
557 0.998535156 0.00732421875 0 0 1 1 8 558 555 567 549 545 553 559 560 
558 1.00341797 0.00732421875 0 0 1 1 8 574 556 576 557 555 560 567 568 
559 0.997314453 0.00366210938 0 0 1 1 8 560 557 563 553 549 158 561 562 
560 0.999755859 0.00366210938 0 0 1 1 8 567 558 569 559 557 562 563 564 
561 0.996704102 0.00183105469 0 0 1 1 7 562 559 160 158 553 5 159 
562 0.997924805 0.00183105469 0 0 1 1 7 563 560 565 561 559 159 160 
563 0.999145508 0.00183105469 0 0 1 1 7 564 560 566 562 559 160 565 
564 1.00036621 0.00183105469 0 0 1 1 7 569 567 571 563 560 565 566 
565 0.999145508 0.000610351562 0 0 1 1 9 566 564 1 160 562 3 563 955 2 
566 1.00036621 0.000610351562 0 0 1 1 9 571 569 980 565 563 2 564 1 958 
567 1.00219727 0.00366210938 0 0 1 1 8 568 558 573 560 557 564 569 570 
568 1.00463867 0.00366210938 0 0 1 1 7 576 574 998 567 558 570 573 
569 1.00158691 0.00183105469 0 0 1 1 7 570 567 572 564 560 566 571 
570 1.00280762 0.00183105469 0 0 1 1 7 573 568 984 569 567 571 572 
571 1.00158691 0.000610351562 0 0 1 1 8 572 570 981 566 564 958 569 980 
572 1.00280762 0.000610351562 0 0 1 1 8 573 568 984 571 569 980 570 981 
573 1.00463867 0.00122070312 0 0 1 1 7 576 574 998 570 572 568 984 
574 1.00830078 0.00732421875 0 0 1 1 7 575 556 577 558 555 568 576 
575 1.01318359 0.00732421875 0 0 1 1 7 584 582 1023 574 556 576 577 
576 1.00830078 0.00244140625 0 0 1 1 7 577 575 999 568 573 574 998 
577 1.01318359 0.00244140625 0 0 1 1 8 584 582 1023 576 574 998 575 999 
578 1.03515625 0.05859375 0 0 1 1 8 579 531 587 533 530 543 580 581 
579 1.07421875 0.05859375 0 0 1 1 7 590 588 1047 578 531 581 587 
580 1.02539062 0.029296875 0 0 1 1 8 581 578 586 543 533 556 582 583 
581 1.04492188 0.029296875 0 0 1 1 7 587 579 1033 580 578 583 586 
582 1.02050781 0.0146484375 0 0 1 1 7 583 580 585 556 543 575 584 
583 1.03027344 0.0146484375 0 0 1 1 7 586 581 1027 582 580 584 585 
584 1.02050781 0.0048828125 0 0 1 1 7 585 583 1024 575 577 582 1023 
585 1.03027344 0.0048828125 0 0 1 1 8 586 581 1027 584 582 1023 583 1024 
586 1.04492188 0.009765625 0 0 1 1 7 587 579 1033 583 585 581 1027 
587 1.07421875 0.01953125 0 0 1 1 7 590 588 1047 581 586 579 1033 
588 1.1328125 0.1171875 0 0 1 1 7 589 529 591 531 528 579 590 
589 1.2109375 0.1171875 0 0 1 1 7 601 599 1075 588 529 590 591 
590 1.1328125 0.0390625 0 0 1 1 7 591 589 1048 579 587 588 1047 
591 1.2109375 0.0390625 0 0 1 1 8 601 599 1075 590 588 1047 589 1048 
592 1.40625 1.09375 0 0 1 1 7 593 340 595 347 337 349 594 
593 1.71875 1.09375 0 0 1 1 7 596 341 604 592 340 594 595 
594 1.40625 0.78125 0 0 1 1 8 595 593 598 349 347 482 592 597 
595 1.71875 0.78125 0 0 1 1 8 596 341 604 594 592 597 593 598 
596 2.1875 0.9375 0 0 1 1 7 607 605 1099 593 595 341 604 
597 1.40625 0.46875 0 0 1 1 8 598 595 603 482 484 594 599 600 
598 1.71875 0.46875 0 0 1 1 8 604 596 1085 597 594 600 595 603 
599 1.328125 0.234375 0 0 1 1 7 600 597 602 529 484 589 601 
600 1.484375 0.234375 0 0 1 1 7 603 598 1079 599 597 601 602 
601 1.328125 0.078125 0 0 1 1 7 602 600 1076 589 591 599 1075 
602 1.484375 0.078125 0 0 1 1 8 603 598 1079 601 599 1075 600 1076 
603 1.71875 0.15625 0 0 1 1 7 604 596 1085 600 602 598 1079 
604 2.1875 0.3125 0 0 1 1 7 607 605 1099 598 603 596 1085 
605 3.125 1.875 0 0 1 1 7 606 333 608 339 341 332 607 
606 4.375 1.875 0 0 1 1 8 611 609 1111 605 332 607 333 608 
607 3.125 0.625 0 0 1 1 7 608 606 1100 596 604 605 1099 
608 4.375 0.625 0 0 1 1 8 611 609 1111 607 605 1099 606 1100 
609 6.25 3.75 0 0 1 1 7 610 325 612 331 333 324 611 
610 8.75 3.75 325 612 2 1 5 609 324 611 325 612 
611 6.25 1.25 0 0 1 1 7 612 610 1112 606 608 609 1111 
612 8.75 1.25 610 1112 2 1 5 611 609 1111 610 1112 
613 -8.75 -1.25 615 171 2 1 5 614 172 616 171 615 
614 -6.25 -1.25 0 0 1 1 7 617 619 613 171 615 172 616 
615 -8.75 -3.75 747 613 2 1 4 616 614 747 613 
616 -6.25 -3.75 0 0 1 1 7 742 619 748 615 613 747 614 
617 -4.375 -0.625 0 0 1 1 8 618 184 620 614 172 616 183 619 
618 -3.125 -0.625 0 0 1 1 7 621 623 617 183 619 184 620 
619 -4.375 -1.875 0 0 1 1 7 620 618 742 614 172 616 617 
620 -3.125 -1.875 0 0 1 1 7 737 623 743 619 617 742 618 
621 -2.1875 -0.3125 0 0 1 1 8 622 196 624 618 184 620 195 623 
622 -1.5625 -0.3125 0 0 1 1 7 625 627 621 195 623 196 624 
623 -2.1875 -0.9375 0 0 1 1 7 624 622 737 618 184 620 621 
624 -1.5625 -0.9375 0 0 1 1 7 732 627 738 623 621 737 622 
625 -1.09375 -0.15625 0 0 1 1 8 626 208 628 622 196 624 207 627 
626 -0.78125 -0.15625 0 0 1 1 7 629 631 625 207 627 208 628 
627 -1.09375 -0.46875 0 0 1 1 7 628 626 732 622 196 624 625 
628 -0.78125 -0.46875 0 0 1 1 7 727 631 733 627 625 732 626 
629 -0.546875 -0.078125 0 0 1 1 8 630 220 632 626 208 628 219 631 
630 -0.390625 -0.078125 0 0 1 1 7 633 635 629 219 631 220 632 
631 -0.546875 -0.234375 0 0 1 1 7 632 630 727 626 208 628 629 
632 -0.390625 -0.234375 0 0 1 1 7 722 635 728 631 629 727 630 
633 -0.2734375 -0.0390625 0 0 1 1 8 634 232 636 630 220 632 231 635 
634 -0.1953125 -0.0390625 0 0 1 1 7 637 639 633 231 635 232 636 
635 -0.2734375 -0.1171875 0 0 1 1 7 636 634 722 630 220 632 633 
636 -0.1953125 -0.1171875 0 0 1 1 7 717 639 723 635 633 722 634 
637 -0.13671875 -0.01953125 0 0 1 1 8 638 244 640 634 232 636 243 639 
638 -0.09765625 -0.01953125 0 0 1 1 7 641 643 637 243 639 244 640 
639 -0.13671875 -0.05859375 0 0 1 1 7 640 638 717 634 232 636 637 
640 -0.09765625 -0.05859375 0 0 1 1 6 709 711 639 637 717 638 
641 -0.068359375 -0.009765625 0 0 1 1 8 642 256 644 638 244 640 255 643 
642 -0.048828125 -0.009765625 0 0 1 1 7 645 647 641 255 643 256 644 
643 -0.068359375 -0.029296875 0 0 1 1 8 644 642 710 638 244 640 641 709 
644 -0.048828125 -0.029296875 0 0 1 1 7 695 697 643 641 709 642 710 
645 -0.0341796875 -0.0048828125 0 0 1 1 8 646 274 648 642 256 644 273 647 
646 -0.0244140625 -0.0048828125 0 0 1 1 7 649 651 645 273 647 274 648 
647 -0.0341796875 -0.0146484375 0 0 1 1 8 648 646 696 642 256 644 645 695 
648 -0.0244140625 -0.0146484375 0 0 1 1 7 678 680 647 645 695 646 696 
649 -0.0170898438 -0.00244140625 0 0 1 1 8 650 292 652 646 274 648 291 651 
650 -0.0122070312 -0.00244140625 0 0 1 1 7 653 655 649 291 651 292 652 
651 -0.0170898438 -0.00732421875 0 0 1 1 8 652 650 679 646 274 648 649 678 
652 -0.0122070312 -0.00732421875 0 0 1 1 7 664 666 651 649 678 650 679 
653 -0.00854492188 -0.00122070312 0 0 1 1 8 654 310 656 650 292 652 309 655 
654 -0.00610351562 -0.00122070312 0 0 1 1 8 657 316 659 653 309 655 310 656 
655 -0.00854492188 -0.00366210938 0 0 1 1 8 656 654 665 650 292 652 653 664 
656 -0.00610351562 -0.00366210938 0 0 1 1 8 659 657 668 655 653 664 654 665 
657 -0.00366210938 -0.00122070312 0 0 1 1 8 658 317 660 654 310 656 316 659 
658 -0.00122070312 -0.00122070312 0 0 1 1 8 81 82 657 316 659 317 660 661 
659 -0.00366210938 -0.00366210938 0 0 1 1 7 660 662 656 654 665 657 668 
660 -0.00183105469 -0.00305175781 0 0 1 1 7 661 658 663 659 657 668 662 
661 -0.000610351562 -0.00305175781 0 0 1 1 6 81 80 660 658 662 663 
662 -0.00183105469 -0.00427246094 0 0 1 1 8 663 661 670 659 657 668 660 669 
663 -0.000610351562 -0.00427246094 0 0 1 1 7 81 80 662 660 669 661 670 
664 -0.00854492188 -0.00610351562 0 0 1 1 8 665 656 667 652 650 679 655 666 
665 -0.00610351562 -0.00610351562 0 0 1 1 8 668 659 673 664 655 666 656 667 
666 -0.00854492188 -0.00854492188 0 0 1 1 7 667 665 682 652 650 679 664 
667 -0.00610351562 -0.00854492188 0 0 1 1 7 673 668 683 666 664 682 665 
668 -0.00366210938 -0.00610351562 0 0 1 1 7 669 671 665 656 667 659 673 
669 -0.00183105469 -0.00549316406 0 0 1 1 8 670 663 672 668 659 673 662 671 
670 -0.000610351562 -0.00549316406 0 0 1 1 7 80 79 669 662 671 663 672 
671 -0.00183105469 -0.00671386719 0 0 1 1 8 672 670 675 668 659 673 669 674 
672 -0.000610351562 -0.00671386719 0 0 1 1 7 80 79 671 669 674 670 675 
673 -0.00366210938 -0.00854492188 0 0 1 1 7 674 676 667 665 682 668 683 
674 -0.00183105469 -0.00793457031 0 0 1 1 8 675 672 677 673 668 683 671 676 
675 -0.000610351562 -0.00793457031 0 0 1 1 8 79 80 752 674 671 676 672 677 
676 -0.00183105469 -0.00915527344 0 0 1 1 7 677 675 684 673 668 683 674 
677 -0.000610351562 -0.00915527344 0 0 1 1 7 79 80 752 676 674 684 675 
678 -0.0170898438 -0.0122070312 0 0 1 1 8 679 652 681 648 646 696 651 680 
679 -0.0122070312 -0.0122070312 0 0 1 1 8 682 666 687 678 651 680 652 681 
680 -0.0170898438 -0.0170898438 0 0 1 1 8 681 679 700 648 646 696 678 699 
681 -0.0122070312 -0.0170898438 0 0 1 1 7 687 689 680 678 699 679 700 
682 -0.00732421875 -0.0122070312 0 0 1 1 9 683 685 679 652 681 667 666 687 688 
683 -0.00366210938 -0.0109863281 0 0 1 1 6 684 676 686 682 673 685 
684 -0.00122070312 -0.0109863281 0 0 1 1 9 752 79 753 683 673 685 677 676 686 
685 -0.00366210938 -0.0134277344 0 0 1 1 6 686 684 692 682 683 691 
686 -0.00122070312 -0.0134277344 0 0 1 1 8 753 752 755 685 683 691 684 692 
687 -0.00854492188 -0.0158691406 0 0 1 1 7 688 682 690 681 679 700 689 
688 -0.00610351562 -0.0158691406 0 0 1 1 7 691 685 693 687 682 689 690 
689 -0.00854492188 -0.0183105469 0 0 1 1 7 690 688 703 681 679 700 687 
690 -0.00610351562 -0.0183105469 0 0 1 1 7 693 691 704 689 687 703 688 
691 -0.00366210938 -0.0158691406 0 0 1 1 8 692 686 694 688 682 690 685 693 
692 -0.00122070312 -0.0158691406 0 0 1 1 7 755 756 691 685 693 686 694 
693 -0.00366210938 -0.0183105469 0 0 1 1 7 694 692 704 690 688 703 691 
694 -0.00122070312 -0.0183105469 0 0 1 1 6 755 756 693 691 704 692 
695 -0.0341796875 -0.0244140625 0 0 1 1 8 696 648 698 644 642 710 647 697 
696 -0.0244140625 -0.0244140625 0 0 1 1 7 699 701 695 647 697 648 698 
697 -0.0341796875 -0.0341796875 0 0 1 1 7 698 696 713 644 642 710 695 
698 -0.0244140625 -0.0341796875 0 0 1 1 7 707 701 714 697 695 713 696 
699 -0.0170898438 -0.0219726562 0 0 1 1 8 700 681 702 696 648 698 680 701 
700 -0.0122070312 -0.0219726562 0 0 1 1 8 703 689 705 699 680 701 681 702 
701 -0.0170898438 -0.0268554688 0 0 1 1 7 702 700 707 696 648 698 699 
702 -0.0122070312 -0.0268554688 0 0 1 1 7 705 703 708 701 699 707 700 
703 -0.00732421875 -0.0219726562 0 0 1 1 9 704 693 706 700 681 702 690 689 705 
704 -0.00244140625 -0.0219726562 0 0 1 1 9 756 755 758 703 690 705 694 693 706 
705 -0.00732421875 -0.0268554688 0 0 1 1 7 706 704 708 702 700 707 703 
706 -0.00244140625 -0.0268554688 0 0 1 1 7 758 756 766 705 703 708 704 
707 -0.0146484375 -0.0341796875 0 0 1 1 8 708 705 714 698 696 713 702 701 
708 -0.0048828125 -0.0341796875 0 0 1 1 8 766 758 779 707 702 714 706 705 
709 -0.068359375 -0.048828125 0 0 1 1 8 710 644 712 640 638 717 643 711 
710 -0.048828125 -0.048828125 0 0 1 1 8 713 697 715 709 643 711 644 712 
711 -0.068359375 -0.068359375 0 0 1 1 7 712 710 718 640 638 717 709 
712 -0.048828125 -0.068359375 0 0 1 1 7 715 713 719 711 709 718 710 
713 -0.029296875 -0.048828125 0 0 1 1 9 714 707 716 710 644 712 698 697 715 
714 -0.009765625 -0.048828125 0 0 1 1 8 779 781 713 698 715 708 707 716 
715 -0.029296875 -0.068359375 0 0 1 1 7 716 714 719 712 710 718 713 
716 -0.009765625 -0.068359375 0 0 1 1 7 787 781 803 715 713 719 714 
717 -0.1171875 -0.1171875 0 0 1 1 8 718 720 636 634 722 640 639 723 
718 -0.05859375 -0.09765625 0 0 1 1 8 719 715 721 717 723 712 711 720 
719 -0.01953125 -0.09765625 0 0 1 1 9 803 787 805 718 712 720 716 715 721 
720 -0.05859375 -0.13671875 0 0 1 1 6 721 719 724 717 723 718 
721 -0.01953125 -0.13671875 0 0 1 1 7 805 803 823 720 718 724 719 
722 -0.234375 -0.234375 0 0 1 1 8 723 725 632 630 727 636 635 728 
723 -0.1171875 -0.1953125 0 0 1 1 7 724 720 726 722 728 717 725 
724 -0.0390625 -0.1953125 0 0 1 1 9 823 805 825 723 717 725 721 720 726 
725 -0.1171875 -0.2734375 0 0 1 1 6 726 724 729 722 728 723 
726 -0.0390625 -0.2734375 0 0 1 1 7 825 823 877 725 723 729 724 
727 -0.46875 -0.46875 0 0 1 1 8 728 730 628 626 732 632 631 733 
728 -0.234375 -0.390625 0 0 1 1 7 729 725 731 727 733 722 730 
729 -0.078125 -0.390625 0 0 1 1 9 877 825 879 728 722 730 726 725 731 
730 -0.234375 -0.546875 0 0 1 1 6 731 729 734 727 733 728 
731 -0.078125 -0.546875 0 0 1 1 7 879 877 1067 730 728 734 729 
732 -0.9375 -0.9375 0 0 1 1 8 733 735 624 622 737 628 627 738 
733 -0.46875 -0.78125 0 0 1 1 7 734 730 736 732 738 727 735 
734 -0.15625 -0.78125 0 0 1 1 9 1067 879 1069 733 727 735 731 730 736 
735 -0.46875 -1.09375 0 0 1 1 6 736 734 739 732 738 733 
736 -0.15625 -1.09375 0 0 1 1 7 1069 1067 1091 735 733 739 734 
737 -1.875 -1.875 0 0 1 1 8 738 740 620 618 742 624 623 743 
738 -0.9375 -1.5625 0 0 1 1 7 739 735 741 737 743 732 740 
739 -0.3125 -1.5625 0 0 1 1 9 1091 1069 1093 738 732 740 736 735 741 
740 -0.9375 -2.1875 0 0 1 1 6 741 739 744 737 743 738 
741 -0.3125 -2.1875 0 0 1 1 7 1093 1091 1103 740 738 744 739 
742 -3.75 -3.75 0 0 1 1 8 743 745 616 614 747 620 619 748 
743 -1.875 -3.125 0 0 1 1 7 744 740 746 742 748 737 745 
744 -0.625 -3.125 0 0 1 1 9 1103 1093 1105 743 737 745 741 740 746 
745 -1.875 -4.375 0 0 1 1 6 746 744 749 742 748 743 
746 -0.625 -4.375 0 0 1 1 7 1105 1103 1115 745 743 749 744 
747 -7.5 -7.5 750 615 2 1 4 748 750 616 615 
748 -3.75 -6.25 0 0 1 1 6 749 745 751 747 742 750 
749 -1.25 -6.25 0 0 1 1 9 1115 1105 1117 748 742 750 746 745 751 
750 -3.75 -8.75 751 747 2 1 4 751 749 747 748 
751 -1.25 -8.75 1117 750 2 1 5 1117 1115 750 748 749 
752 0.00122070312 -0.0109863281 0 0 1 1 7 78 754 684 677 686 79 753 
753 0.00122070312 -0.0134277344 0 0 1 1 7 754 78 755 686 684 692 752 
754 0.00366210938 -0.0134277344 0 0 1 1 5 77 753 752 755 78 
755 0.00244140625 -0.0170898438 0 0 1 1 7 77 757 692 694 754 753 756 
756 0.00244140625 -0.0219726562 0 0 1 1 8 757 77 759 704 694 706 755 758 
757 0.00732421875 -0.0219726562 0 0 1 1 7 760 762 756 755 758 77 759 
758 0.00244140625 -0.0268554688 0 0 1 1 7 759 757 766 706 704 708 756 
759 0.00732421875 -0.0268554688 0 0 1 1 7 764 762 767 758 756 766 757 
760 0.0109863281 -0.0207519531 0 0 1 1 7 761 76 763 757 77 759 762 
761 0.0134277344 -0.0207519531 0 0 1 1 6 75 765 760 76 762 763 
762 0.0109863281 -0.0231933594 0 0 1 1 7 763 761 764 757 77 759 760 
763 0.0134277344 -0.0231933594 0 0 1 1 6 75 765 762 760 764 761 
764 0.0122070312 -0.0268554688 0 0 1 1 9 765 75 768 759 757 766 763 762 767 
765 0.0170898438 -0.0268554688 0 0 1 1 7 771 773 764 763 767 75 768 
766 0.0048828125 -0.0341796875 0 0 1 1 8 767 769 708 706 714 759 758 779 
767 0.0122070312 -0.0317382812 0 0 1 1 7 768 765 770 766 779 764 769 
768 0.0170898438 -0.0317382812 0 0 1 1 8 775 773 777 767 764 769 765 770 
769 0.0122070312 -0.0366210938 0 0 1 1 6 770 768 780 766 779 767 
770 0.0170898438 -0.0366210938 0 0 1 1 7 777 775 783 769 767 780 768 
771 0.0207519531 -0.0256347656 0 0 1 1 7 772 74 774 765 75 768 773 
772 0.0231933594 -0.0256347656 0 0 1 1 6 73 776 771 74 773 774 
773 0.0207519531 -0.0280761719 0 0 1 1 7 774 772 775 765 75 768 771 
774 0.0231933594 -0.0280761719 0 0 1 1 6 73 776 773 771 775 772 
775 0.0219726562 -0.0317382812 0 0 1 1 9 776 73 778 768 765 770 774 773 777 
776 0.0268554688 -0.0317382812 0 0 1 1 7 72 784 775 774 777 73 778 
777 0.0219726562 -0.0366210938 0 0 1 1 7 778 776 783 770 768 780 775 
778 0.0268554688 -0.0366210938 0 0 1 1 6 72 784 777 775 783 776 
779 0.0048828125 -0.0439453125 0 0 1 1 7 780 769 782 714 716 766 781 
780 0.0146484375 -0.0439453125 0 0 1 1 9 783 777 785 779 766 781 770 769 782 
781 0.0048828125 -0.0537109375 0 0 1 1 6 782 780 787 714 716 779 
782 0.0146484375 -0.0537109375 0 0 1 1 7 785 783 788 781 779 787 780 
783 0.0244140625 -0.0439453125 0 0 1 1 9 784 72 786 780 770 782 778 777 785 
784 0.0341796875 -0.0439453125 0 0 1 1 8 789 71 791 783 778 785 72 786 
785 0.0244140625 -0.0537109375 0 0 1 1 7 786 784 788 782 780 787 783 
786 0.0341796875 -0.0537109375 0 0 1 1 7 791 789 795 785 783 788 784 
787 0.009765625 -0.068359375 0 0 1 1 8 788 785 803 716 714 719 782 781 
788 0.029296875 -0.068359375 0 0 1 1 8 795 791 804 787 782 803 786 785 
789 0.0439453125 -0.0439453125 0 0 1 1 8 790 70 792 784 72 786 71 791 
790 0.0537109375 -0.0439453125 0 0 1 1 8 68 793 789 71 791 69 70 792 
791 0.0439453125 -0.0537109375 0 0 1 1 7 792 790 795 786 784 788 789 
792 0.0537109375 -0.0537109375 0 0 1 1 7 793 68 796 791 789 795 790 
793 0.0634765625 -0.0537109375 0 0 1 1 7 794 67 796 792 790 795 68 
794 0.0732421875 -0.0537109375 0 0 1 1 6 66 799 793 68 796 67 
795 0.048828125 -0.068359375 0 0 1 1 8 796 793 804 788 786 803 792 791 
796 0.068359375 -0.068359375 0 0 1 1 8 799 66 807 795 792 804 794 793 
797 0.102539062 -0.0537109375 0 0 1 1 6 798 64 800 66 799 65 
798 0.112304688 -0.0537109375 0 0 1 1 6 63 801 797 65 800 64 
799 0.087890625 -0.068359375 0 0 1 1 7 800 797 807 796 794 804 66 
800 0.107421875 -0.068359375 0 0 1 1 8 801 63 808 799 66 807 798 797 
801 0.126953125 -0.068359375 0 0 1 1 7 802 62 808 800 798 807 63 
802 0.146484375 -0.068359375 0 0 1 1 8 811 60 815 801 63 808 61 62 
803 0.01953125 -0.09765625 0 0 1 1 9 804 795 806 719 716 721 788 787 805 
804 0.05859375 -0.09765625 0 0 1 1 9 807 799 809 803 788 805 796 795 806 
805 0.01953125 -0.13671875 0 0 1 1 7 806 804 823 721 719 724 803 
806 0.05859375 -0.13671875 0 0 1 1 7 809 807 824 805 803 823 804 
807 0.09765625 -0.09765625 0 0 1 1 9 808 801 810 804 796 806 800 799 809 
808 0.13671875 -0.09765625 0 0 1 1 9 815 811 817 807 800 809 802 801 810 
809 0.09765625 -0.13671875 0 0 1 1 7 810 808 824 806 804 823 807 
810 0.13671875 -0.13671875 0 0 1 1 7 817 815 827 809 807 824 808 
811 0.166015625 -0.068359375 0 0 1 1 7 812 59 815 802 61 808 60 
812 0.185546875 -0.068359375 0 0 1 1 7 813 58 816 811 60 815 59 
813 0.205078125 -0.068359375 0 0 1 1 8 814 56 816 812 59 815 57 58 
814 0.224609375 -0.068359375 0 0 1 1 6 55 819 813 57 816 56 
815 0.17578125 -0.09765625 0 0 1 1 9 816 813 818 808 802 810 812 811 817 
816 0.21484375 -0.09765625 0 0 1 1 9 819 55 821 815 812 817 814 813 818 
817 0.17578125 -0.13671875 0 0 1 1 7 818 816 827 810 808 824 815 
818 0.21484375 -0.13671875 0 0 1 1 7 821 819 828 817 815 827 816 
819 0.25390625 -0.09765625 0 0 1 1 9 820 53 822 816 814 818 54 55 821 
820 0.29296875 -0.09765625 0 0 1 1 8 839 841 819 54 821 52 53 822 
821 0.25390625 -0.13671875 0 0 1 1 7 822 820 828 818 816 827 819 
822 0.29296875 -0.13671875 0 0 1 1 7 847 841 869 821 819 828 820 
823 0.0390625 -0.1953125 0 0 1 1 9 824 809 826 724 721 726 806 805 825 
824 0.1171875 -0.1953125 0 0 1 1 9 827 817 829 823 806 825 810 809 826 
825 0.0390625 -0.2734375 0 0 1 1 7 826 824 877 726 724 729 823 
826 0.1171875 -0.2734375 0 0 1 1 7 829 827 878 825 823 877 824 
827 0.1953125 -0.1953125 0 0 1 1 9 828 821 830 824 810 826 818 817 829 
828 0.2734375 -0.1953125 0 0 1 1 9 869 847 871 827 818 829 822 821 830 
829 0.1953125 -0.2734375 0 0 1 1 7 830 828 878 826 824 877 827 
830 0.2734375 -0.2734375 0 0 1 1 7 871 869 881 829 827 878 828 
831 0.336914062 -0.0732421875 0 0 1 1 6 832 49 840 51 839 50 
832 0.346679688 -0.0732421875 0 0 1 1 7 833 48 843 831 50 840 49 
833 0.361328125 -0.068359375 0 0 1 1 7 834 47 844 49 832 48 843 
834 0.380859375 -0.068359375 0 0 1 1 8 835 46 849 833 48 843 47 844 
835 0.400390625 -0.068359375 0 0 1 1 7 836 45 849 834 47 844 46 
836 0.419921875 -0.068359375 0 0 1 1 7 837 44 850 835 46 849 45 
837 0.439453125 -0.068359375 0 0 1 1 7 838 43 850 836 45 849 44 
838 0.458984375 -0.068359375 0 0 1 1 7 853 42 861 837 44 850 43 
839 0.322265625 -0.087890625 0 0 1 1 7 840 831 842 820 822 51 841 
840 0.341796875 -0.087890625 0 0 1 1 9 843 833 845 839 51 841 832 831 842 
841 0.322265625 -0.107421875 0 0 1 1 6 842 840 847 820 822 839 
842 0.341796875 -0.107421875 0 0 1 1 7 845 843 848 841 839 847 840 
843 0.361328125 -0.087890625 0 0 1 1 8 844 834 846 840 832 842 833 845 
844 0.380859375 -0.087890625 0 0 1 1 7 849 851 843 833 845 834 846 
845 0.361328125 -0.107421875 0 0 1 1 7 846 844 848 842 840 847 843 
846 0.380859375 -0.107421875 0 0 1 1 6 849 851 845 843 848 844 
847 0.33203125 -0.13671875 0 0 1 1 8 848 845 869 822 820 828 842 841 
848 0.37109375 -0.13671875 0 0 1 1 8 851 849 870 847 842 869 846 845 
849 0.41015625 -0.09765625 0 0 1 1 8 850 837 852 844 846 836 835 851 
850 0.44921875 -0.09765625 0 0 1 1 9 861 853 863 849 836 851 838 837 852 
851 0.41015625 -0.13671875 0 0 1 1 7 852 850 870 848 846 869 849 
852 0.44921875 -0.13671875 0 0 1 1 7 863 861 873 851 849 870 850 
853 0.478515625 -0.068359375 0 0 1 1 7 854 41 861 838 43 850 42 
854 0.498046875 -0.068359375 0 0 1 1 7 855 40 862 853 42 861 41 
855 0.517578125 -0.068359375 0 0 1 1 7 856 39 862 854 41 861 40 
856 0.537109375 -0.068359375 0 0 1 1 7 857 38 865 855 40 862 39 
857 0.556640625 -0.068359375 0 0 1 1 7 858 37 865 856 39 862 38 
858 0.576171875 -0.068359375 0 0 1 1 7 859 36 866 857 38 865 37 
859 0.595703125 -0.068359375 0 0 1 1 7 860 35 866 858 37 865 36 
860 0.615234375 -0.068359375 0 0 1 1 7 885 34 895 859 36 866 35 
861 0.48828125 -0.09765625 0 0 1 1 9 862 855 864 850 838 852 854 853 863 
862 0.52734375 -0.09765625 0 0 1 1 9 865 857 867 861 854 863 856 855 864 
863 0.48828125 -0.13671875 0 0 1 1 7 864 862 873 852 850 870 861 
864 0.52734375 -0.13671875 0 0 1 1 7 867 865 874 863 861 873 862 
865 0.56640625 -0.09765625 0 0 1 1 9 866 859 868 862 856 864 858 857 867 
866 0.60546875 -0.09765625 0 0 1 1 9 895 885 897 865 858 867 860 859 868 
867 0.56640625 -0.13671875 0 0 1 1 7 868 866 874 864 862 873 865 
868 0.60546875 -0.13671875 0 0 1 1 7 897 895 920 867 865 874 866 
869 0.3515625 -0.1953125 0 0 1 1 9 870 851 872 828 822 830 848 847 871 
870 0.4296875 -0.1953125 0 0 1 1 9 873 863 875 869 848 871 852 851 872 
871 0.3515625 -0.2734375 0 0 1 1 7 872 870 881 830 828 878 869 
872 0.4296875 -0.2734375 0 0 1 1 7 875 873 882 871 869 881 870 
873 0.5078125 -0.1953125 0 0 1 1 9 874 867 876 870 852 872 864 863 875 
874 0.5859375 -0.1953125 0 0 1 1 9 920 897 922 873 864 875 868 867 876 
875 0.5078125 -0.2734375 0 0 1 1 7 876 874 882 872 870 881 873 
876 0.5859375 -0.2734375 0 0 1 1 7 922 920 1059 875 873 882 874 
877 0.078125 -0.390625 0 0 1 1 9 878 829 880 729 726 731 826 825 879 
878 0.234375 -0.390625 0 0 1 1 9 881 871 883 877 826 879 830 829 880 
879 0.078125 -0.546875 0 0 1 1 7 880 878 1067 731 729 734 877 
880 0.234375 -0.546875 0 0 1 1 7 883 881 1068 879 877 1067 878 
881 0.390625 -0.390625 0 0 1 1 9 882 875 884 878 830 880 872 871 883 
882 0.546875 -0.390625 0 0 1 1 9 1059 922 1061 881 872 883 876 875 884 
883 0.390625 -0.546875 0 0 1 1 7 884 882 1068 880 878 1067 881 
884 0.546875 -0.546875 0 0 1 1 7 1061 1059 1071 883 881 1068 882 
885 0.634765625 -0.068359375 0 0 1 1 7 886 33 895 860 35 866 34 
886 0.654296875 -0.068359375 0 0 1 1 6 887 896 885 34 895 33 
887 0.68359375 -0.05859375 0 0 1 1 8 890 30 899 33 886 31 32 896 
888 0.766601562 -0.0341796875 0 0 1 1 6 889 26 892 28 891 27 
889 0.776367188 -0.0341796875 0 0 1 1 6 25 903 888 27 892 26 
890 0.72265625 -0.05859375 0 0 1 1 8 891 893 887 31 896 29 30 899 
891 0.751953125 -0.048828125 0 0 1 1 7 892 888 894 890 899 28 893 
892 0.771484375 -0.048828125 0 0 1 1 9 903 25 905 891 28 893 889 888 894 
893 0.751953125 -0.068359375 0 0 1 1 6 894 892 900 890 899 891 
894 0.771484375 -0.068359375 0 0 1 1 7 905 903 915 893 891 900 892 
895 0.64453125 -0.09765625 0 0 1 1 9 896 887 898 866 860 868 886 885 897 
896 0.68359375 -0.09765625 0 0 1 1 8 899 890 901 895 886 897 887 898 
897 0.64453125 -0.13671875 0 0 1 1 7 898 896 920 868 866 874 895 
898 0.68359375 -0.13671875 0 0 1 1 7 901 899 921 897 895 920 896 
899 0.72265625 -0.09765625 0 0 1 1 8 900 893 902 896 887 898 890 901 
900 0.76171875 -0.09765625 0 0 1 1 9 915 905 917 899 890 901 894 893 902 
901 0.72265625 -0.13671875 0 0 1 1 7 902 900 921 898 896 920 899 
902 0.76171875 -0.13671875 0 0 1 1 7 917 915 924 901 899 921 900 
903 0.791015625 -0.048828125 0 0 1 1 8 904 24 906 892 889 894 25 905 
904 0.810546875 -0.048828125 0 0 1 1 7 907 916 903 25 905 24 906 
905 0.791015625 -0.068359375 0 0 1 1 7 906 904 915 894 892 900 903 
906 0.810546875 -0.068359375 0 0 1 1 6 907 916 905 903 915 904 
907 0.83984375 -0.05859375 0 0 1 1 8 913 908 919 904 906 22 23 916 
908 0.869140625 -0.029296875 0 0 1 1 7 909 19 913 22 21 907 20 
909 0.888671875 -0.029296875 0 0 1 1 8 911 17 914 908 20 913 18 19 
910 0.932617188 -0.0146484375 0 0 1 1 6 928 13 934 15 912 14 
911 0.908203125 -0.029296875 0 0 1 1 8 912 15 914 909 18 913 16 17 
912 0.927734375 -0.029296875 0 0 1 1 8 934 928 1018 911 16 914 910 15 
913 0.87890625 -0.05859375 0 0 1 1 8 914 911 919 907 22 916 909 908 
914 0.91796875 -0.05859375 0 0 1 1 8 1018 934 1039 913 909 919 912 911 
915 0.80078125 -0.09765625 0 0 1 1 9 916 907 918 900 894 902 906 905 917 
916 0.83984375 -0.09765625 0 0 1 1 7 919 925 915 906 917 907 918 
917 0.80078125 -0.13671875 0 0 1 1 7 918 916 924 902 900 921 915 
918 0.83984375 -0.13671875 0 0 1 1 6 919 925 917 915 924 916 
919 0.8984375 -0.1171875 0 0 1 1 7 1039 1041 916 918 914 913 925 
920 0.6640625 -0.1953125 0 0 1 1 9 921 901 923 874 868 876 898 897 922 
921 0.7421875 -0.1953125 0 0 1 1 9 924 917 926 920 898 922 902 901 923 
922 0.6640625 -0.2734375 0 0 1 1 7 923 921 1059 876 874 882 920 
923 0.7421875 -0.2734375 0 0 1 1 7 926 924 1060 922 920 1059 921 
924 0.8203125 -0.1953125 0 0 1 1 9 925 919 927 921 902 923 918 917 926 
925 0.8984375 -0.1953125 0 0 1 1 8 1051 1041 1053 924 918 926 919 927 
926 0.8203125 -0.2734375 0 0 1 1 7 927 925 1060 923 921 1059 924 
927 0.8984375 -0.2734375 0 0 1 1 7 1053 1051 1063 926 924 1060 925 
928 0.942382812 -0.0146484375 0 0 1 1 7 929 12 934 910 14 912 13 
929 0.952148438 -0.0146484375 0 0 1 1 7 932 11 935 928 13 934 12 
930 0.969238281 -0.00732421875 0 0 1 1 7 931 9 933 11 152 932 10 
931 0.974121094 -0.00732421875 0 0 1 1 6 936 948 930 10 933 9 
932 0.961914062 -0.0146484375 0 0 1 1 7 933 930 935 929 12 934 11 
933 0.971679688 -0.0146484375 0 0 1 1 8 948 936 1010 932 11 935 931 930 
934 0.947265625 -0.029296875 0 0 1 1 8 935 932 1018 912 910 914 929 928 
935 0.966796875 -0.029296875 0 0 1 1 7 1010 1012 934 929 1018 933 932 
936 0.979003906 -0.00732421875 0 0 1 1 6 937 8 948 931 9 933 
937 0.983886719 -0.00732421875 0 0 1 1 6 943 938 949 936 948 8 
938 0.987548828 -0.00366210938 0 0 1 1 7 939 6 943 8 155 937 7 
939 0.989990234 -0.00366210938 0 0 1 1 7 941 940 944 938 7 943 6 
940 0.992431641 -0.00122070312 0 0 1 1 8 5 158 942 6 157 939 554 941 
941 0.992431641 -0.00366210938 0 0 1 1 8 942 5 945 939 6 943 940 944 
942 0.994873047 -0.00366210938 0 0 1 1 7 972 974 941 940 944 5 945 
943 0.988769531 -0.00732421875 0 0 1 1 8 944 946 937 8 948 939 938 949 
944 0.992431641 -0.00610351562 0 0 1 1 7 945 942 947 943 949 941 946 
945 0.994873047 -0.00610351562 0 0 1 1 8 990 974 992 944 941 946 942 947 
946 0.992431641 -0.00854492188 0 0 1 1 6 947 945 950 943 949 944 
947 0.994873047 -0.00854492188 0 0 1 1 7 992 990 1002 946 944 950 945 
948 0.981445312 -0.0146484375 0 0 1 1 8 949 951 933 931 935 937 936 1010 
949 0.988769531 -0.0122070312 0 0 1 1 7 950 946 952 948 1010 943 951 
950 0.993652344 -0.0122070312 0 0 1 1 9 1002 992 1004 949 943 951 947 946 952 
951 0.988769531 -0.0170898438 0 0 1 1 6 952 950 1011 948 1010 949 
952 0.993652344 -0.0170898438 0 0 1 1 7 1004 1002 1014 951 949 1011 950 
953 0.996704102 -0.00183105469 0 0 1 1 8 954 3 973 5 158 942 4 972 
954 0.997924805 -0.00183105469 0 0 1 1 7 961 966 953 4 972 3 973 
955 0.998840332 -0.000305175781 0 0 1 1 7 2 565 957 3 160 954 956 
956 0.998840332 -0.000915527344 0 0 1 1 8 957 2 962 3 160 954 955 961 
957 0.999450684 -0.000915527344 0 0 1 1 9 959 1 968 956 955 961 2 962 963 
958 1.00067139 -0.000305175781 0 0 1 1 7 980 571 982 1 566 959 960 
959 1.00006104 -0.000915527344 0 0 1 1 8 960 958 969 957 2 963 1 968 
960 1.00067139 -0.000915527344 0 0 1 1 8 980 571 982 959 1 968 958 969 
961 0.998840332 -0.00152587891 0 0 1 1 7 962 964 954 3 973 956 966 
962 0.999298096 -0.00137329102 0 0 1 1 7 963 957 965 961 956 966 964 
963 0.999603271 -0.00137329102 0 0 1 1 7 968 959 970 962 957 964 965 
964 0.999298096 -0.0016784668 0 0 1 1 7 965 963 967 961 956 966 962 
965 0.999603271 -0.0016784668 0 0 1 1 7 968 959 970 964 962 967 963 
966 0.998840332 -0.00213623047 0 0 1 1 7 967 964 976 954 3 973 961 
967 0.999450684 -0.00213623047 0 0 1 1 8 970 968 977 966 961 976 965 964 
968 1.00006104 -0.00152587891 0 0 1 1 7 969 960 971 963 965 959 970 
969 1.00067139 -0.00152587891 0 0 1 1 8 982 980 985 968 959 970 960 971 
970 1.00006104 -0.00213623047 0 0 1 1 7 971 969 977 967 965 976 968 
971 1.00067139 -0.00213623047 0 0 1 1 7 982 980 985 970 968 977 969 
972 0.996704102 -0.00305175781 0 0 1 1 8 973 954 975 942 5 945 953 974 
973 0.997924805 -0.00305175781 0 0 1 1 8 976 966 978 972 953 974 954 975 
974 0.996704102 -0.00427246094 0 0 1 1 7 975 973 990 942 5 945 972 
975 0.997924805 -0.00427246094 0 0 1 1 7 978 976 991 974 972 990 973 
976 0.999145508 -0.00305175781 0 0 1 1 9 977 970 979 973 954 975 967 966 978 
977 1.00036621 -0.00305175781 0 0 1 1 9 985 982 987 976 967 978 971 970 979 
978 0.999145508 -0.00427246094 0 0 1 1 7 979 977 991 975 973 990 976 
979 1.00036621 -0.00427246094 0 0 1 1 7 987 985 994 978 976 991 977 
980 1.00158691 -0.000610351562 0 0 1 1 7 981 572 983 958 960 571 982 
981 1.00280762 -0.000610351562 0 0 1 1 8 984 573 989 980 571 982 572 983 
982 1.00158691 -0.00183105469 0 0 1 1 7 983 981 986 969 971 980 985 
983 1.00280762 -0.00183105469 0 0 1 1 8 984 573 989 982 980 985 981 986 
984 1.00463867 -0.00122070312 0 0 1 1 7 998 576 1000 981 983 573 989 
985 1.00158691 -0.00305175781 0 0 1 1 8 986 983 988 977 971 979 982 987 
986 1.00280762 -0.00305175781 0 0 1 1 8 989 984 995 985 982 987 983 988 
987 1.00158691 -0.00427246094 0 0 1 1 7 988 986 994 979 977 991 985 
988 1.00280762 -0.00427246094 0 0 1 1 7 989 984 995 987 985 994 986 
989 1.00463867 -0.00366210938 0 0 1 1 7 998 576 1000 986 988 984 995 
990 0.997314453 -0.00610351562 0 0 1 1 9 991 978 993 945 942 947 975 974 992 
991 0.999755859 -0.00610351562 0 0 1 1 9 994 987 996 990 975 992 979 978 993 
992 0.997314453 -0.00854492188 0 0 1 1 7 993 991 1002 947 945 950 990 
993 0.999755859 -0.00854492188 0 0 1 1 7 996 994 1003 992 990 1002 991 
994 1.00219727 -0.00610351562 0 0 1 1 9 995 989 997 991 979 993 988 987 996 
995 1.00463867 -0.00610351562 0 0 1 1 8 1000 998 1006 994 988 996 989 997 
996 1.00219727 -0.00854492188 0 0 1 1 7 997 995 1003 993 991 1002 994 
997 1.00463867 -0.00854492188 0 0 1 1 7 1000 998 1006 996 994 1003 995 
998 1.00830078 -0.00244140625 0 0 1 1 7 999 577 1001 984 989 576 1000 
999 1.01318359 -0.00244140625 0 0 1 1 8 1023 584 1025 998 576 1000 577 1001 
1000 1.00830078 -0.00732421875 0 0 1 1 7 1001 999 1007 995 997 998 1006 
1001 1.01318359 -0.00732421875 0 0 1 1 8 1023 584 1025 1000 998 1006 999 1007 
1002 0.998535156 -0.0122070312 0 0 1 1 9 1003 996 1005 950 947 952 993 992 1004 
1003 1.00341797 -0.0122070312 0 0 1 1 9 1006 1000 1008 1002 993 1004 997 996 1005 
1004 0.998535156 -0.0170898438 0 0 1 1 7 1005 1003 1014 952 950 1011 1002 
1005 1.00341797 -0.0170898438 0 0 1 1 7 1008 1006 1015 1004 1002 1014 1003 
1006 1.00830078 -0.0122070312 0 0 1 1 8 1007 1001 1009 1003 997 1005 1000 1008 
1007 1.01318359 -0.0122070312 0 0 1 1 8 1025 1023 1028 1006 1000 1008 1001 1009 
1008 1.00830078 -0.0170898438 0 0 1 1 7 1009 1007 1015 1005 1003 1014 1006 
1009 1.01318359 -0.0170898438 0 0 1 1 7 1025 1023 1028 1008 1006 1015 1007 
1010 0.981445312 -0.0244140625 0 0 1 1 7 1011 951 1013 935 1018 948 1012 
1011 0.991210938 -0.0244140625 0 0 1 1 9 1014 1004 1016 1010 948 1012 952 951 1013 
1012 0.981445312 -0.0341796875 0 0 1 1 6 1013 1011 1019 935 1018 1010 
1013 0.991210938 -0.0341796875 0 0 1 1 7 1016 1014 1020 1012 1010 1019 1011 
1014 1.00097656 -0.0244140625 0 0 1 1 9 1015 1008 1017 1011 952 1013 1005 1004 1016 
1015 1.01074219 -0.0244140625 0 0 1 1 9 1028 1025 1030 1014 1005 1016 1009 1008 1017 
1016 1.00097656 -0.0341796875 0 0 1 1 7 1017 1015 1020 1013 1011 1019 1014 
1017 1.01074219 -0.0341796875 0 0 1 1 7 1030 1028 1034 1016 1014 1020 1015 
1018 0.95703125 -0.05859375 0 0 1 1 8 1019 1021 914 912 919 935 934 1039 
1019 0.986328125 -0.048828125 0 0 1 1 8 1020 1016 1022 1018 1039 1013 1012 1021 
1020 1.00585938 -0.048828125 0 0 1 1 9 1034 1030 1036 1019 1013 1021 1017 1016 1022 
1021 0.986328125 -0.068359375 0 0 1 1 6 1022 1020 1040 1018 1039 1019 
1022 1.00585938 -0.068359375 0 0 1 1 7 1036 1034 1043 1021 1019 1040 1020 
1023 1.02050781 -0.0048828125 0 0 1 1 7 1024 585 1026 999 1001 584 1025 
1024 1.03027344 -0.0048828125 0 0 1 1 8 1027 586 1032 1023 584 1025 585 1026 
1025 1.02050781 -0.0146484375 0 0 1 1 7 1026 1024 1029 1007 1009 1023 1028 
1026 1.03027344 -0.0146484375 0 0 1 1 8 1027 586 1032 1025 1023 1028 1024 1029 
1027 1.04492188 -0.009765625 0 0 1 1 7 1033 587 1038 1024 1026 586 1032 
1028 1.02050781 -0.0244140625 0 0 1 1 8 1029 1026 1031 1015 1009 1017 1025 1030 
1029 1.03027344 -0.0244140625 0 0 1 1 8 1032 1027 1035 1028 1025 1030 1026 1031 
1030 1.02050781 -0.0341796875 0 0 1 1 7 1031 1029 1034 1017 1015 1020 1028 
1031 1.03027344 -0.0341796875 0 0 1 1 7 1032 1027 1035 1030 1028 1034 1029 
1032 1.04492188 -0.029296875 0 0 1 1 7 1033 587 1038 1029 1031 1027 1035 
1033 1.07421875 -0.01953125 0 0 1 1 7 1047 590 1049 1027 1032 587 1038 
1034 1.02539062 -0.048828125 0 0 1 1 9 1035 1032 1037 1020 1017 1022 1031 1030 1036 
1035 1.04492188 -0.048828125 0 0 1 1 8 1038 1033 1044 1034 1031 1036 1032 1037 
1036 1.02539062 -0.068359375 0 0 1 1 7 1037 1035 1043 1022 1020 1040 1034 
1037 1.04492188 -0.068359375 0 0 1 1 7 1038 1033 1044 1036 1034 1043 1035 
1038 1.07421875 -0.05859375 0 0 1 1 7 1047 590 1049 1035 1037 1033 1044 
1039 0.95703125 -0.09765625 0 0 1 1 7 1040 1021 1042 919 925 1018 1041 
1040 0.99609375 -0.09765625 0 0 1 1 9 1043 1036 1045 1039 1018 1041 1022 1021 1042 
1041 0.95703125 -0.13671875 0 0 1 1 6 1042 1040 1051 919 925 1039 
1042 0.99609375 -0.13671875 0 0 1 1 7 1045 1043 1052 1041 1039 1051 1040 
1043 1.03515625 -0.09765625 0 0 1 1 9 1044 1038 1046 1040 1022 1042 1037 1036 1045 
1044 1.07421875 -0.09765625 0 0 1 1 8 1049 1047 1055 1043 1037 1045 1038 1046 
1045 1.03515625 -0.13671875 0 0 1 1 7 1046 1044 1052 1042 1040 1051 1043 
1046 1.07421875 -0.13671875 0 0 1 1 7 1049 1047 1055 1045 1043 1052 1044 
1047 1.1328125 -0.0390625 0 0 1 1 7 1048 591 1050 1033 1038 590 1049 
1048 1.2109375 -0.0390625 0 0 1 1 8 1075 601 1077 1047 590 1049 591 1050 
1049 1.1328125 -0.1171875 0 0 1 1 7 1050 1048 1056 1044 1046 1047 1055 
1050 1.2109375 -0.1171875 0 0 1 1 8 1075 601 1077 1049 1047 1055 1048 1056 
1051 0.9765625 -0.1953125 0 0 1 1 9 1052 1045 1054 925 919 927 1042 1041 1053 
1052 1.0546875 -0.1953125 0 0 1 1 9 1055 1049 1057 1051 1042 1053 1046 1045 1054 
1053 0.9765625 -0.2734375 0 0 1 1 7 1054 1052 1063 927 925 1060 1051 
1054 1.0546875 -0.2734375 0 0 1 1 7 1057 1055 1064 1053 1051 1063 1052 
1055 1.1328125 -0.1953125 0 0 1 1 8 1056 1050 1058 1052 1046 1054 1049 1057 
1056 1.2109375 -0.1953125 0 0 1 1 8 1077 1075 1080 1055 1049 1057 1050 1058 
1057 1.1328125 -0.2734375 0 0 1 1 7 1058 1056 1064 1054 1052 1063 1055 
1058 1.2109375 -0.2734375 0 0 1 1 7 1077 1075 1080 1057 1055 1064 1056 
1059 0.703125 -0.390625 0 0 1 1 9 1060 926 1062 882 876 884 923 922 1061 
1060 0.859375 -0.390625 0 0 1 1 9 1063 1053 1065 1059 923 1061 927 926 1062 
1061 0.703125 -0.546875 0 0 1 1 7 1062 1060 1071 884 882 1068 1059 
1062 0.859375 -0.546875 0 0 1 1 7 1065 1063 1072 1061 1059 1071 1060 
1063 1.015625 -0.390625 0 0 1 1 9 1064 1057 1066 1060 927 1062 1054 1053 1065 
1064 1.171875 -0.390625 0 0 1 1 9 1080 1077 1082 1063 1054 1065 1058 1057 1066 
1065 1.015625 -0.546875 0 0 1 1 7 1066 1064 1072 1062 1060 1071 1063 
1066 1.171875 -0.546875 0 0 1 1 7 1082 1080 1086 1065 1063 1072 1064 
1067 0.15625 -0.78125 0 0 1 1 9 1068 883 1070 734 731 736 880 879 1069 
1068 0.46875 -0.78125 0 0 1 1 9 1071 1061 1073 1067 880 1069 884 883 1070 
1069 0.15625 -1.09375 0 0 1 1 7 1070 1068 1091 736 734 739 1067 
1070 0.46875 -1.09375 0 0 1 1 7 1073 1071 1092 1069 1067 1091 1068 
1071 0.78125 -0.78125 0 0 1 1 9 1072 1065 1074 1068 884 1070 1062 1061 1073 
1072 1.09375 -0.78125 0 0 1 1 9 1086 1082 1088 1071 1062 1073 1066 1065 1074 
1073 0.78125 -1.09375 0 0 1 1 7 1074 1072 1092 1070 1068 1091 1071 
1074 1.09375 -1.09375 0 0 1 1 7 1088 1086 1095 1073 1071 1092 1072 
1075 1.328125 -0.078125 0 0 1 1 7 1076 602 1078 1048 1050 601 1077 
1076 1.484375 -0.078125 0 0 1 1 8 1079 603 1084 1075 601 1077 602 1078 
1077 1.328125 -0.234375 0 0 1 1 7 1078 1076 1081 1056 1058 1075 1080 
1078 1.484375 -0.234375 0 0 1 1 8 1079 603 1084 1077 1075 1080 1076 1081 
1079 1.71875 -0.15625 0 0 1 1 7 1085 604 1090 1076 1078 603 1084 
1080 1.328125 -0.390625 0 0 1 1 8 1081 1078 1083 1064 1058 1066 1077 1082 
1081 1.484375 -0.390625 0 0 1 1 8 1084 1079 1087 1080 1077 1082 1078 1083 
1082 1.328125 -0.546875 0 0 1 1 7 1083 1081 1086 1066 1064 1072 1080 
1083 1.484375 -0.546875 0 0 1 1 7 1084 1079 1087 1082 1080 1086 1081 
1084 1.71875 -0.46875 0 0 1 1 7 1085 604 1090 1081 1083 1079 1087 
1085 2.1875 -0.3125 0 0 1 1 7 1099 607 1101 1079 1084 604 1090 
1086 1.40625 -0.78125 0 0 1 1 9 1087 1084 1089 1072 1066 1074 1083 1082 1088 
1087 1.71875 -0.78125 0 0 1 1 8 1090 1085 1096 1086 1083 1088 1084 1089 
1088 1.40625 -1.09375 0 0 1 1 7 1089 1087 1095 1074 1072 1092 1086 
1089 1.71875 -1.09375 0 0 1 1 7 1090 1085 1096 1088 1086 1095 1087 
1090 2.1875 -0.9375 0 0 1 1 7 1099 607 1101 1087 1089 1085 1096 
1091 0.3125 -1.5625 0 0 1 1 9 1092 1073 1094 739 736 741 1070 1069 1093 
1092 0.9375 -1.5625 0 0 1 1 9 1095 1088 1097 1091 1070 1093 1074 1073 1094 
1093 0.3125 -2.1875 0 0 1 1 7 1094 1092 1103 741 739 744 1091 
1094 0.9375 -2.1875 0 0 1 1 7 1097 1095 1104 1093 1091 1103 1092 
1095 1.5625 -1.5625 0 0 1 1 9 1096 1090 1098 1092 1074 1094 1089 1088 1097 
1096 2.1875 -1.5625 0 0 1 1 8 1101 1099 1107 1095 1089 1097 1090 1098 
1097 1.5625 -2.1875 0 0 1 1 7 1098 1096 1104 1094 1092 1103 1095 
1098 2.1875 -2.1875 0 0 1 1 7 1101 1099 1107 1097 1095 1104 1096 
1099 3.125 -0.625 0 0 1 1 7 1100 608 1102 1085 1090 607 1101 
1100 4.375 -0.625 0 0 1 1 8 1111 611 1113 1099 607 1101 608 1102 
1101 3.125 -1.875 0 0 1 1 7 1102 1100 1108 1096 1098 1099 1107 
1102 4.375 -1.875 0 0 1 1 8 1111 611 1113 1101 1099 1107 1100 1108 
1103 0.625 -3.125 0 0 1 1 9 1104 1097 1106 744 741 746 1094 1093 1105 
1104 1.875 -3.125 0 0 1 1 9 1107 1101 1109 1103 1094 1105 1098 1097 1106 
1105 0.625 -4.375 0 0 1 1 7 1106 1104 1115 746 744 749 1103 
1106 1.875 -4.375 0 0 1 1 7 1109 1107 1116 1105 1103 1115 1104 
1107 3.125 -3.125 0 0 1 1 8 1108 1102 1110 1104 1098 1106 1101 1109 
1108 4.375 -3.125 0 0 1 1 8 1113 1111 1119 1107 1101 1109 1102 1110 
1109 3.125 -4.375 0 0 1 1 7 1110 1108 1116 1106 1104 1115 1107 
1110 4.375 -4.375 0 0 1 1 7 1113 1111 1119 1109 1107 1116 1108 
1111 6.25 -1.25 0 0 1 1 7 1112 612 1114 1100 1102 611 1113 
1112 8.75 -1.25 612 1114 2 1 5 1111 611 1113 612 1114 
1113 6.25 -3.75 0 0 1 1 7 1114 1112 1120 1108 1110 1111 1119 
1114 8.75 -3.75 1112 1120 2 1 5 1113 1111 1119 1112 1120 
1115 1.25 -6.25 0 0 1 1 9 1116 1109 1118 749 746 751 1106 1105 1117 
1116 3.75 -6.25 0 0 1 1 9 1119 1113 1121 1115 1106 1117 1110 1109 1118 
1117 1.25 -8.75 1118 751 2 1 5 1118 1116 751 749 1115 
1118 3.75 -8.75 1121 1117 2 1 5 1121 1119 1117 1115 1116 
1119 6.25 -6.25 0 0 1 1 8 1120 1114 1122 1116 1110 1118 1113 1121 
1120 8.75 -6.25 1114 1122 2 1 5 1119 1113 1121 1114 1122 
1121 6.25 -8.75 1122 1118 2 1 5 1122 1120 1118 1116 1119 
1122 8.75 -8.75 1120 1121 2 1 3 1121 1119 1120 
