21507 
21508 
21509 
19974 
19719 
8203 
19725 
19982 
7696 
8364 
19735 
21528 
19737 
21018 
7707 
7965 
20358 
10530 
21287 
19752 
21291 
10557 
20550 
19783 
8674 
19789 
20815 
7507 
21076 
20821 
21078 
21079 
21340 
10601 
10604 
10605 
10608 
10609 
10100 
20087 
21141 
21440 
21119 
10113 
20355 
10116 
21527 
20106 
21529 
9620 
8597 
7962 
20633 
9626 
19739 
7595 
8108 
10157 
10162 
20661 
10166 
10167 
21434 
6845 
21438 
10175 
10176 
21441 
10692 
10693 
10694 
7627 
7640 
8720 
8669 
19934 
8671 
7650 
8419 
7656 
8169 
7658 
8744 
9710 
7668 
7671 
15096 
