1.0000000000000000	-3.8788960000000000E-016
0.99997597999999999	-3.4078876999999999E-006
0.99990391999999995	-1.3630605000000000E-005
0.99978383000000004	-3.0665313000000002E-005
0.99961571999999999	-5.4507286000000001E-005
0.99939960999999999	-8.5149908999999994E-005
0.99913551000000000	-1.2258469000000000E-004
0.99882344999999995	-1.6680125000000001E-004
0.99846347000000002	-2.1778735999999999E-004
0.99805558999999999	-2.7552890999999998E-004
0.99759986000000000	-3.4000995000000000E-004
0.99709632000000004	-4.1121269000000000E-004
0.99654502000000000	-4.8911752000000005E-004
0.99594601000000005	-5.7370299999999995E-004
0.99529935000000003	-6.6494589000000003E-004
0.99460510000000002	-7.6282119000000001E-004
0.99386331999999999	-8.6730211000000002E-004
0.99307409999999996	-9.7836011999999990E-004
0.99223749999999999	-1.0959648999999999E-003
0.99135359999999995	-1.2200846000000000E-003
0.99042249999999998	-1.3506855000000001E-003
0.98944427000000001	-1.4877321999999999E-003
0.98841902000000004	-1.6311879000000000E-003
0.98734683999999995	-1.7810138000000000E-003
0.98622783000000003	-1.9371697999999999E-003
0.98506210999999999	-2.0996143000000002E-003
0.98384978000000001	-2.2683037000000000E-003
0.98259096000000001	-2.4431934999999999E-003
0.98128578000000000	-2.6242370999999998E-003
0.97993434999999995	-2.8113869999999998E-003
0.97853681000000003	-3.0045939000000002E-003
0.97709329000000000	-3.2038072000000000E-003
0.97560393000000001	-3.4089749999999999E-003
0.97406886999999998	-3.6200440000000002E-003
0.97248825999999999	-3.8369595000000002E-003
0.97086225999999998	-4.0596657999999999E-003
0.96919102000000001	-4.2881057000000002E-003
0.96747468999999997	-4.5222207999999998E-003
0.96571344999999997	-4.7619517000000002E-003
0.96390746000000005	-5.0072377999999997E-003
0.96205689999999999	-5.2580172000000003E-003
0.96016195000000004	-5.5142272000000001E-003
0.95822278000000005	-5.7758037999999998E-003
0.95623957999999998	-6.0426823000000003E-003
0.95421255000000005	-6.3147966000000003E-003
0.95214188000000000	-6.5920800999999998E-003
0.95002776000000000	-6.8744649999999997E-003
0.94787041000000005	-7.1618825999999998E-003
0.94567002000000000	-7.4542636000000002E-003
0.94342680999999995	-7.7515377000000000E-003
0.94114100000000001	-8.0536337999999996E-003
0.93881280000000000	-8.3604801999999992E-003
0.93644243999999999	-8.6720042999999993E-003
0.93403015000000000	-8.9881330000000006E-003
0.93157615000000005	-9.3087923999999999E-003
0.92908069000000004	-9.6339079000000005E-003
0.92654400000000003	-9.9634046999999993E-003
0.92396632000000001	-1.0297206999999999E-002
0.92134791000000005	-1.0635238000000000E-002
0.91868901999999997	-1.0977422000000001E-002
0.91598990000000002	-1.1323682000000000E-002
0.91325080999999997	-1.1673938999999999E-002
0.91047202000000005	-1.2028116000000000E-002
0.90765377999999997	-1.2386134000000000E-002
0.90479637999999996	-1.2747914000000001E-002
0.90190009000000004	-1.3113377000000001E-002
0.89896516999999998	-1.3482443000000000E-002
0.89599192999999999	-1.3855032999999999E-002
0.89298063999999999	-1.4231064999999999E-002
0.88993158999999999	-1.4610460000000000E-002
0.88684507000000001	-1.4993137000000000E-002
0.88372139000000005	-1.5379014999999999E-002
0.88056084000000001	-1.5768012000000001E-002
0.87736371999999996	-1.6160047000000000E-002
0.87413034999999994	-1.6555037000000002E-002
0.87086101999999999	-1.6952901999999999E-002
0.86755607000000001	-1.7353559000000001E-002
0.86421579999999998	-1.7756925000000000E-002
0.86084053999999999	-1.8162919000000000E-002
0.85743060000000004	-1.8571457000000000E-002
0.85398631999999997	-1.8982457000000001E-002
0.85050802999999997	-1.9395835000000000E-002
0.84699606999999999	-1.9811509000000001E-002
0.84345075999999997	-2.0229396000000000E-002
0.83987246000000004	-2.0649411999999999E-002
0.83626149999999999	-2.1071473000000000E-002
0.83261823000000001	-2.1495495999999999E-002
0.82894299999999999	-2.1921396999999999E-002
0.82523617000000005	-2.2349093000000000E-002
0.82149808000000002	-2.2778499000000001E-002
0.81772911000000004	-2.3209530999999999E-002
0.81392960999999997	-2.3642105000000000E-002
0.81009995000000001	-2.4076136000000001E-002
0.80624048999999998	-2.4511539999999998E-002
0.80235160999999999	-2.4948232000000001E-002
0.79843366999999998	-2.5386127000000001E-002
0.79448706999999996	-2.5825140000000000E-002
0.79051216999999996	-2.6265185999999999E-002
0.78650935000000000	-2.6706178000000001E-002
0.78247900999999997	-2.7148032999999998E-002
0.77842151999999998	-2.7590663000000001E-002
0.77433728999999996	-2.8033981999999999E-002
0.77022670000000004	-2.8477905000000001E-002
0.76609013999999998	-2.8922343999999999E-002
0.76192802000000004	-2.9367213999999999E-002
0.75774072000000003	-2.9812426000000000E-002
0.75352867000000001	-3.0257893000000001E-002
0.74929226000000004	-3.0703529000000000E-002
0.74503189000000003	-3.1149244000000000E-002
0.74074797999999997	-3.1594949999999997E-002
0.73644094000000004	-3.2040560000000003E-002
0.73211117999999997	-3.2485984000000002E-002
0.72775911999999998	-3.2931132000000002E-002
0.72338517999999996	-3.3375914999999999E-002
0.71898976999999997	-3.3820243999999999E-002
0.71457331999999996	-3.4264027000000002E-002
0.71013625999999996	-3.4707173000000001E-002
0.70567901000000000	-3.5149592000000000E-002
0.70120199000000005	-3.5591192000000001E-002
0.69670564000000001	-3.6031881000000002E-002
0.69219039000000004	-3.6471564999999997E-002
0.68765668000000002	-3.6910153000000001E-002
0.68310493999999999	-3.7347550000000000E-002
0.67853560000000002	-3.7783663000000002E-002
0.67394911000000002	-3.8218396000000002E-002
0.66934590000000005	-3.8651655000000000E-002
0.66472642999999998	-3.9083344999999999E-002
0.66009112999999997	-3.9513369999999999E-002
0.65544044000000001	-3.9941631999999998E-002
0.65077481999999998	-4.0368036000000003E-002
0.64609472000000001	-4.0792481999999998E-002
0.64140056999999995	-4.1214873999999999E-002
0.63669284000000004	-4.1635113000000001E-002
0.63197197999999999	-4.2053098999999997E-002
0.62723843999999995	-4.2468733000000002E-002
0.62249266999999997	-4.2881914000000000E-002
0.61773513000000002	-4.3292542000000003E-002
0.61296627999999997	-4.3700516000000002E-002
0.60818658000000003	-4.4105734000000001E-002
0.60339648000000001	-4.4508092999999999E-002
0.59859644999999995	-4.4907491000000001E-002
0.59378693999999999	-4.5303824999999999E-002
0.58896842000000005	-4.5696990000000000E-002
0.58414136000000005	-4.6086883000000002E-002
0.57930621000000004	-4.6473398999999999E-002
0.57446344000000005	-4.6856432000000003E-002
0.56961351000000005	-4.7235878000000002E-002
0.56475690000000001	-4.7611631000000001E-002
0.55989407000000002	-4.7983583000000003E-002
0.55502547999999996	-4.8351629000000000E-002
0.55015159999999996	-4.8715662000000000E-002
0.54527289999999995	-4.9075572999999997E-002
0.54038986000000000	-4.9431256999999999E-002
0.53550293000000004	-4.9782604000000001E-002
0.53061259999999999	-5.0129505999999997E-002
0.52571931999999999	-5.0471856000000002E-002
0.52082357000000001	-5.0809544999999998E-002
0.51592581999999998	-5.1142463999999999E-002
0.51102654000000003	-5.1470505000000000E-002
0.50612619999999997	-5.1793559000000003E-002
0.50122526999999995	-5.2111515999999997E-002
0.49632421999999998	-5.2424269000000003E-002
0.49142353000000000	-5.2731709000000002E-002
0.48652366000000002	-5.3033726000000003E-002
0.48162508999999998	-5.3330213000000001E-002
0.47672828000000000	-5.3621059999999998E-002
0.47183370000000002	-5.3906161000000001E-002
0.46694184000000000	-5.4185405999999998E-002
0.46205315000000002	-5.4458688999999998E-002
0.45716810000000002	-5.4725902999999999E-002
0.45228718000000001	-5.4986939999999998E-002
0.44741082999999998	-5.5241695000000000E-002
0.44253954000000001	-5.5490061000000000E-002
0.43767377000000002	-5.5731932999999997E-002
0.43281398999999998	-5.5967206999999998E-002
0.42796065999999999	-5.6195780000000001E-002
0.42311425000000003	-5.6417546999999998E-002
0.41827523999999999	-5.6632406000000003E-002
0.41344407000000000	-5.6840256999999998E-002
0.40862122000000001	-5.7040998000000002E-002
0.40380715000000000	-5.7234528999999999E-002
0.39900232000000002	-5.7420752999999998E-002
0.39420719999999998	-5.7599571000000002E-002
0.38942223999999998	-5.7770887000000000E-002
0.38464790999999998	-5.7934606000000000E-002
0.37988465999999999	-5.8090635000000002E-002
0.37513295000000002	-5.8238879000000000E-002
0.37039323000000002	-5.8379249000000001E-002
0.36566598000000000	-5.8511654000000003E-002
0.36095161999999997	-5.8636005999999997E-002
0.35625063000000001	-5.8752218000000002E-002
0.35156345000000000	-5.8860204999999999E-002
0.34689052999999997	-5.8959882999999998E-002
0.34223231999999998	-5.9051171999999999E-002
0.33758927000000000	-5.9133989999999997E-002
0.33296183000000001	-5.9208259999999999E-002
0.32835043000000003	-5.9273905000000002E-002
0.32375553000000001	-5.9330850999999997E-002
0.31917756000000003	-5.9379026000000001E-002
0.31461697000000000	-5.9418360000000003E-002
0.31007417999999998	-5.9448783999999998E-002
0.30554965000000001	-5.9470232999999997E-002
0.30104378999999998	-5.9482643000000002E-002
0.29655705999999998	-5.9485951000000002E-002
0.29208986999999997	-5.9480101000000000E-002
0.28764265999999999	-5.9465033000000000E-002
0.28321584999999999	-5.9440695000000002E-002
0.27880987000000002	-5.9407032999999998E-002
0.27442514000000001	-5.9364000000000000E-002
0.27006208999999998	-5.9311546999999999E-002
0.26572111999999998	-5.9249629999999998E-002
0.26140267000000000	-5.9178208000000003E-002
0.25710715000000001	-5.9097241000000002E-002
0.25283496000000000	-5.9006693999999998E-002
0.24858652000000001	-5.8906531999999998E-002
0.24436223000000001	-5.8796724000000002E-002
0.24016251000000000	-5.8677241999999998E-002
0.23598775000000000	-5.8548060999999998E-002
0.23183835999999999	-5.8409158000000003E-002
0.22771474000000000	-5.8260512000000000E-002
0.22361727000000001	-5.8102108000000000E-002
0.21954636999999999	-5.7933931000000001E-002
0.21550240000000001	-5.7755969999999997E-002
0.21148578000000001	-5.7568215999999998E-002
0.20749687000000000	-5.7370664000000002E-002
0.20353607000000001	-5.7163311000000001E-002
0.19960375000000000	-5.6946157999999997E-002
0.19570029999999999	-5.6719208000000000E-002
0.19182608000000001	-5.6482466000000002E-002
0.18798147000000001	-5.6235942999999997E-002
0.18416684999999999	-5.5979648999999999E-002
0.18038256000000000	-5.5713600000000002E-002
0.17662899000000001	-5.5437813000000002E-002
0.17290649000000000	-5.5152310000000003E-002
0.16921541000000001	-5.4857112000000000E-002
0.16555612000000000	-5.4552245999999999E-002
0.16192896000000001	-5.4237741999999999E-002
0.15833428999999999	-5.3913630999999997E-002
0.15477244000000001	-5.3579947000000003E-002
0.15124376000000000	-5.3236727999999997E-002
0.14774859000000001	-5.2884013000000001E-002
0.14428727000000000	-5.2521843999999998E-002
0.14086012000000001	-5.2150268000000000E-002
0.13746748000000000	-5.1769331000000002E-002
0.13410966999999999	-5.1379083999999998E-002
0.13078702000000000	-5.0979578999999997E-002
0.12749984000000000	-5.0570871000000003E-002
0.12424845000000000	-5.0153018000000001E-002
0.12103317000000000	-4.9726078999999999E-002
0.11785430000000000	-4.9290117000000001E-002
0.11471214000000000	-4.8845195000000001E-002
0.11160700000000000	-4.8391379999999998E-002
0.10853918000000000	-4.7928740999999997E-002
0.10550898000000000	-4.7457346999999997E-002
0.10251667000000000	-4.6977271000000001E-002
9.9562559999999994E-002	-4.6488586999999998E-002
9.6646921999999996E-002	-4.5991372000000003E-002
9.3770038999999999E-002	-4.5485703000000002E-002
9.0932186999999998E-002	-4.4971658999999997E-002
8.8133639000000000E-002	-4.4449322999999999E-002
8.5374663000000003E-002	-4.3918775000000000E-002
8.2655524999999994E-002	-4.3380100999999997E-002
7.9976486999999999E-002	-4.2833386000000001E-002
7.7337804999999996E-002	-4.2278716000000001E-002
7.4739733000000003E-002	-4.1716178999999999E-002
7.2182520999999999E-002	-4.1145863999999997E-002
6.9666413999999996E-002	-4.0567862000000003E-002
6.7191654000000003E-002	-3.9982261999999998E-002
6.4758478999999994E-002	-3.9389157000000001E-002
6.2367122999999997E-002	-3.8788639999999999E-002
6.0017816000000002E-002	-3.8180802000000000E-002
5.7710782000000002E-002	-3.7565740000000000E-002
5.5446244999999998E-002	-3.6943545000000001E-002
5.3224421000000001E-002	-3.6314314000000000E-002
5.1045523000000002E-002	-3.5678140999999997E-002
4.8909762000000002E-002	-3.5035121000000002E-002
4.6817342999999997E-002	-3.4385350000000002E-002
4.4768466000000000E-002	-3.3728923000000001E-002
4.2763328000000003E-002	-3.3065935999999997E-002
4.0802123000000003E-002	-3.2396482999999997E-002
3.8885036999999997E-002	-3.1720658999999998E-002
3.7012257000000000E-002	-3.1038560000000000E-002
3.5183961000000000E-002	-3.0350279000000001E-002
3.3400326000000001E-002	-2.9655910000000001E-002
3.1661521999999998E-002	-2.8955545999999999E-002
2.9967715999999998E-002	-2.8249280000000002E-002
2.8319072000000001E-002	-2.7537203000000000E-002
2.6715749000000000E-002	-2.6819406000000000E-002
2.5157898000000001E-002	-2.6095978999999998E-002
2.3645672000000000E-002	-2.5367010999999998E-002
2.2179213999999999E-002	-2.4632589000000000E-002
2.0758667000000001E-002	-2.3892801000000002E-002
1.9384164999999998E-002	-2.3147731000000001E-002
1.8055841999999999E-002	-2.2397463999999999E-002
1.6773824999999999E-002	-2.1642081000000001E-002
1.5538237000000000E-002	-2.0881665000000001E-002
1.4349196000000000E-002	-2.0116294999999999E-002
1.3206818000000000E-002	-1.9346047000000002E-002
1.2111212000000000E-002	-1.8571000000000001E-002
1.1062483000000000E-002	-1.7791226000000000E-002
1.0060731999999999E-002	-1.7006799000000000E-002
9.1060545999999999E-003	-1.6217789000000000E-002
8.1985433999999992E-003	-1.5424265000000000E-002
7.3382852000000000E-003	-1.4626294000000000E-002
6.5253628000000001E-003	-1.3823939000000000E-002
5.7598542000000001E-003	-1.3017264000000001E-002
5.0418329999999999E-003	-1.2206329000000000E-002
4.3713681999999997E-003	-1.1391192000000000E-002
3.7485241000000001E-003	-1.0571909000000001E-002
3.1733606999999999E-003	-9.7485329000000006E-003
2.6459332000000001E-003	-8.9211150999999999E-003
2.1662921999999999E-003	-8.0897044999999994E-003
1.7344839999999999E-003	-7.2543471999999996E-003
1.3505498000000000E-003	-6.4150871999999999E-003
1.0145267000000000E-003	-5.5719658999999998E-003
7.2644690000000004E-004	-4.7250221000000002E-003
4.8633809999999998E-004	-3.8742921000000001E-003
2.9422337999999998E-004	-3.0198098999999999E-003
1.5012118000000001E-004	-2.1616065000000001E-003
5.4045356000000002E-005	-1.2997106999999999E-003
6.0051356999999998E-006	-4.3414853999999999E-004
6.0051356999999998E-006	4.3414853999999999E-004
5.4045356000000002E-005	1.2997106999999999E-003
1.5012118000000001E-004	2.1616065000000001E-003
2.9422337999999998E-004	3.0198098999999999E-003
4.8633809999999998E-004	3.8742921000000001E-003
7.2644690000000004E-004	4.7250221000000002E-003
1.0145267000000000E-003	5.5719658999999998E-003
1.3505498000000000E-003	6.4150871999999999E-003
1.7344839999999999E-003	7.2543471999999996E-003
2.1662921999999999E-003	8.0897044999999994E-003
2.6459332000000001E-003	8.9211150999999999E-003
3.1733606999999999E-003	9.7485329000000006E-003
3.7485241000000001E-003	1.0571909000000001E-002
4.3713681999999997E-003	1.1391192000000000E-002
5.0418329999999999E-003	1.2206329000000000E-002
5.7598542000000001E-003	1.3017264000000001E-002
6.5253628000000001E-003	1.3823939000000000E-002
7.3382852000000000E-003	1.4626294000000000E-002
8.1985433999999992E-003	1.5424265000000000E-002
9.1060545999999999E-003	1.6217789000000000E-002
1.0060731999999999E-002	1.7006799000000000E-002
1.1062483000000000E-002	1.7791226000000000E-002
1.2111212000000000E-002	1.8571000000000001E-002
1.3206818000000000E-002	1.9346047000000002E-002
1.4349196000000000E-002	2.0116294999999999E-002
1.5538237000000000E-002	2.0881665000000001E-002
1.6773824999999999E-002	2.1642081000000001E-002
1.8055841999999999E-002	2.2397463999999999E-002
1.9384164999999998E-002	2.3147731000000001E-002
2.0758667000000001E-002	2.3892801000000002E-002
2.2179213999999999E-002	2.4632589000000000E-002
2.3645672000000000E-002	2.5367010999999998E-002
2.5157898000000001E-002	2.6095978999999998E-002
2.6715749000000000E-002	2.6819406000000000E-002
2.8319072000000001E-002	2.7537203000000000E-002
2.9967715999999998E-002	2.8249280000000002E-002
3.1661521999999998E-002	2.8955545999999999E-002
3.3400326000000001E-002	2.9655910000000001E-002
3.5183961000000000E-002	3.0350279000000001E-002
3.7012257000000000E-002	3.1038560000000000E-002
3.8885036999999997E-002	3.1720658999999998E-002
4.0802123000000003E-002	3.2396482999999997E-002
4.2763328000000003E-002	3.3065935999999997E-002
4.4768466000000000E-002	3.3728923000000001E-002
4.6817342999999997E-002	3.4385350000000002E-002
4.8909762000000002E-002	3.5035121000000002E-002
5.1045523000000002E-002	3.5678140999999997E-002
5.3224421000000001E-002	3.6314314000000000E-002
5.5446244999999998E-002	3.6943545000000001E-002
5.7710782000000002E-002	3.7565740000000000E-002
6.0017816000000002E-002	3.8180802000000000E-002
6.2367122999999997E-002	3.8788639999999999E-002
6.4758478999999994E-002	3.9389157000000001E-002
6.7191654000000003E-002	3.9982261999999998E-002
6.9666413999999996E-002	4.0567862000000003E-002
7.2182520999999999E-002	4.1145863999999997E-002
7.4739733000000003E-002	4.1716178999999999E-002
7.7337804999999996E-002	4.2278716000000001E-002
7.9976486999999999E-002	4.2833386000000001E-002
8.2655524999999994E-002	4.3380100999999997E-002
8.5374663000000003E-002	4.3918775000000000E-002
8.8133639000000000E-002	4.4449322999999999E-002
9.0932186999999998E-002	4.4971658999999997E-002
9.3770038999999999E-002	4.5485703000000002E-002
9.6646921999999996E-002	4.5991372000000003E-002
9.9562559999999994E-002	4.6488586999999998E-002
0.10251667000000000	4.6977271000000001E-002
0.10550898000000000	4.7457346999999997E-002
0.10853918000000000	4.7928740999999997E-002
0.11160700000000000	4.8391379999999998E-002
0.11471214000000000	4.8845195000000001E-002
0.11785430000000000	4.9290117000000001E-002
0.12103317000000000	4.9726078999999999E-002
0.12424845000000000	5.0153018000000001E-002
0.12749984000000000	5.0570871000000003E-002
0.13078702000000000	5.0979578999999997E-002
0.13410966999999999	5.1379083999999998E-002
0.13746748000000000	5.1769331000000002E-002
0.14086012000000001	5.2150268000000000E-002
0.14428727000000000	5.2521843999999998E-002
0.14774859000000001	5.2884013000000001E-002
0.15124376000000000	5.3236727999999997E-002
0.15477244000000001	5.3579947000000003E-002
0.15833428999999999	5.3913630999999997E-002
0.16192896000000001	5.4237741999999999E-002
0.16555612000000000	5.4552245999999999E-002
0.16921541000000001	5.4857112000000000E-002
0.17290649000000000	5.5152310000000003E-002
0.17662899000000001	5.5437813000000002E-002
0.18038256000000000	5.5713600000000002E-002
0.18416684999999999	5.5979648999999999E-002
0.18798147000000001	5.6235942999999997E-002
0.19182608000000001	5.6482466000000002E-002
0.19570029999999999	5.6719208000000000E-002
0.19960375000000000	5.6946157999999997E-002
0.20353607000000001	5.7163311000000001E-002
0.20749687000000000	5.7370664000000002E-002
0.21148578000000001	5.7568215999999998E-002
0.21550240000000001	5.7755969999999997E-002
0.21954636999999999	5.7933931000000001E-002
0.22361727000000001	5.8102108000000000E-002
0.22771474000000000	5.8260512000000000E-002
0.23183835999999999	5.8409158000000003E-002
0.23598775000000000	5.8548060999999998E-002
0.24016251000000000	5.8677241999999998E-002
0.24436223000000001	5.8796724000000002E-002
0.24858652000000001	5.8906531999999998E-002
0.25283496000000000	5.9006693999999998E-002
0.25710715000000001	5.9097241000000002E-002
0.26140267000000000	5.9178208000000003E-002
0.26572111999999998	5.9249629999999998E-002
0.27006208999999998	5.9311546999999999E-002
0.27442514000000001	5.9364000000000000E-002
0.27880987000000002	5.9407032999999998E-002
0.28321584999999999	5.9440695000000002E-002
0.28764265999999999	5.9465033000000000E-002
0.29208986999999997	5.9480101000000000E-002
0.29655705999999998	5.9485951000000002E-002
0.30104378999999998	5.9482643000000002E-002
0.30554965000000001	5.9470232999999997E-002
0.31007417999999998	5.9448783999999998E-002
0.31461697000000000	5.9418360000000003E-002
0.31917756000000003	5.9379026000000001E-002
0.32375553000000001	5.9330850999999997E-002
0.32835043000000003	5.9273905000000002E-002
0.33296183000000001	5.9208259999999999E-002
0.33758927000000000	5.9133989999999997E-002
0.34223231999999998	5.9051171999999999E-002
0.34689052999999997	5.8959882999999998E-002
0.35156345000000000	5.8860204999999999E-002
0.35625063000000001	5.8752218000000002E-002
0.36095161999999997	5.8636005999999997E-002
0.36566598000000000	5.8511654000000003E-002
0.37039323000000002	5.8379249000000001E-002
0.37513295000000002	5.8238879000000000E-002
0.37988465999999999	5.8090635000000002E-002
0.38464790999999998	5.7934606000000000E-002
0.38942223999999998	5.7770887000000000E-002
0.39420719999999998	5.7599571000000002E-002
0.39900232000000002	5.7420752999999998E-002
0.40380715000000000	5.7234528999999999E-002
0.40862122000000001	5.7040998000000002E-002
0.41344407000000000	5.6840256999999998E-002
0.41827523999999999	5.6632406000000003E-002
0.42311425000000003	5.6417546999999998E-002
0.42796065999999999	5.6195780000000001E-002
0.43281398999999998	5.5967206999999998E-002
0.43767377000000002	5.5731932999999997E-002
0.44253954000000001	5.5490061000000000E-002
0.44741082999999998	5.5241695000000000E-002
0.45228718000000001	5.4986939999999998E-002
0.45716810000000002	5.4725902999999999E-002
0.46205315000000002	5.4458688999999998E-002
0.46694184000000000	5.4185405999999998E-002
0.47183370000000002	5.3906161000000001E-002
0.47672828000000000	5.3621059999999998E-002
0.48162508999999998	5.3330213000000001E-002
0.48652366000000002	5.3033726000000003E-002
0.49142353000000000	5.2731709000000002E-002
0.49632421999999998	5.2424269000000003E-002
0.50122526999999995	5.2111515999999997E-002
0.50612619999999997	5.1793559000000003E-002
0.51102654000000003	5.1470505000000000E-002
0.51592581999999998	5.1142463999999999E-002
0.52082357000000001	5.0809544999999998E-002
0.52571931999999999	5.0471856000000002E-002
0.53061259999999999	5.0129505999999997E-002
0.53550293000000004	4.9782604000000001E-002
0.54038986000000000	4.9431256999999999E-002
0.54527289999999995	4.9075572999999997E-002
0.55015159999999996	4.8715662000000000E-002
0.55502547999999996	4.8351629000000000E-002
0.55989407000000002	4.7983583000000003E-002
0.56475690000000001	4.7611631000000001E-002
0.56961351000000005	4.7235878000000002E-002
0.57446344000000005	4.6856432000000003E-002
0.57930621000000004	4.6473398999999999E-002
0.58414136000000005	4.6086883000000002E-002
0.58896842000000005	4.5696990000000000E-002
0.59378693999999999	4.5303824999999999E-002
0.59859644999999995	4.4907491000000001E-002
0.60339648000000001	4.4508092999999999E-002
0.60818658000000003	4.4105734000000001E-002
0.61296627999999997	4.3700516000000002E-002
0.61773513000000002	4.3292542000000003E-002
0.62249266999999997	4.2881914000000000E-002
0.62723843999999995	4.2468733000000002E-002
0.63197197999999999	4.2053098999999997E-002
0.63669284000000004	4.1635113000000001E-002
0.64140056999999995	4.1214873999999999E-002
0.64609472000000001	4.0792481999999998E-002
0.65077481999999998	4.0368036000000003E-002
0.65544044000000001	3.9941631999999998E-002
0.66009112999999997	3.9513369999999999E-002
0.66472642999999998	3.9083344999999999E-002
0.66934590000000005	3.8651655000000000E-002
0.67394911000000002	3.8218396000000002E-002
0.67853560000000002	3.7783663000000002E-002
0.68310493999999999	3.7347550000000000E-002
0.68765668000000002	3.6910153000000001E-002
0.69219039000000004	3.6471564999999997E-002
0.69670564000000001	3.6031881000000002E-002
0.70120199000000005	3.5591192000000001E-002
0.70567901000000000	3.5149592000000000E-002
0.71013625999999996	3.4707173000000001E-002
0.71457331999999996	3.4264027000000002E-002
0.71898976999999997	3.3820243999999999E-002
0.72338517999999996	3.3375914999999999E-002
0.72775911999999998	3.2931132000000002E-002
0.73211117999999997	3.2485984000000002E-002
0.73644094000000004	3.2040560000000003E-002
0.74074797999999997	3.1594949999999997E-002
0.74503189000000003	3.1149244000000000E-002
0.74929226000000004	3.0703529000000000E-002
0.75352867000000001	3.0257893000000001E-002
0.75774072000000003	2.9812426000000000E-002
0.76192802000000004	2.9367213999999999E-002
0.76609013999999998	2.8922343999999999E-002
0.77022670000000004	2.8477905000000001E-002
0.77433728999999996	2.8033981999999999E-002
0.77842151999999998	2.7590663000000001E-002
0.78247900999999997	2.7148032999999998E-002
0.78650935000000000	2.6706178000000001E-002
0.79051216999999996	2.6265185999999999E-002
0.79448706999999996	2.5825140000000000E-002
0.79843366999999998	2.5386127000000001E-002
0.80235160999999999	2.4948232000000001E-002
0.80624048999999998	2.4511539999999998E-002
0.81009995000000001	2.4076136000000001E-002
0.81392960999999997	2.3642105000000000E-002
0.81772911000000004	2.3209530999999999E-002
0.82149808000000002	2.2778499000000001E-002
0.82523617000000005	2.2349093000000000E-002
0.82894299999999999	2.1921396999999999E-002
0.83261823000000001	2.1495495999999999E-002
0.83626149999999999	2.1071473000000000E-002
0.83987246000000004	2.0649411999999999E-002
0.84345075999999997	2.0229396000000000E-002
0.84699606999999999	1.9811509000000001E-002
0.85050802999999997	1.9395835000000000E-002
0.85398631999999997	1.8982457000000001E-002
0.85743060000000004	1.8571457000000000E-002
0.86084053999999999	1.8162919000000000E-002
0.86421579999999998	1.7756925000000000E-002
0.86755607000000001	1.7353559000000001E-002
0.87086101999999999	1.6952901999999999E-002
0.87413034999999994	1.6555037000000002E-002
0.87736371999999996	1.6160047000000000E-002
0.88056084000000001	1.5768012000000001E-002
0.88372139000000005	1.5379014999999999E-002
0.88684507000000001	1.4993137000000000E-002
0.88993158999999999	1.4610460000000000E-002
0.89298063999999999	1.4231064999999999E-002
0.89599192999999999	1.3855032999999999E-002
0.89896516999999998	1.3482443000000000E-002
0.90190009000000004	1.3113377000000001E-002
0.90479637999999996	1.2747914000000001E-002
0.90765377999999997	1.2386134000000000E-002
0.91047202000000005	1.2028116000000000E-002
0.91325080999999997	1.1673938999999999E-002
0.91598990000000002	1.1323682000000000E-002
0.91868901999999997	1.0977422000000001E-002
0.92134791000000005	1.0635238000000000E-002
0.92396632000000001	1.0297206999999999E-002
0.92654400000000003	9.9634046999999993E-003
0.92908069000000004	9.6339079000000005E-003
0.93157615000000005	9.3087923999999999E-003
0.93403015000000000	8.9881330000000006E-003
0.93644243999999999	8.6720042999999993E-003
0.93881280000000000	8.3604801999999992E-003
0.94114100000000001	8.0536337999999996E-003
0.94342680999999995	7.7515377000000000E-003
0.94567002000000000	7.4542636000000002E-003
0.94787041000000005	7.1618825999999998E-003
0.95002776000000000	6.8744649999999997E-003
0.95214188000000000	6.5920800999999998E-003
0.95421255000000005	6.3147966000000003E-003
0.95623957999999998	6.0426823000000003E-003
0.95822278000000005	5.7758037999999998E-003
0.96016195000000004	5.5142272000000001E-003
0.96205689999999999	5.2580172000000003E-003
0.96390746000000005	5.0072377999999997E-003
0.96571344999999997	4.7619517000000002E-003
0.96747468999999997	4.5222207999999998E-003
0.96919102000000001	4.2881057000000002E-003
0.97086225999999998	4.0596657999999999E-003
0.97248825999999999	3.8369595000000002E-003
0.97406886999999998	3.6200440000000002E-003
0.97560393000000001	3.4089749999999999E-003
0.97709329000000000	3.2038072000000000E-003
0.97853681000000003	3.0045939000000002E-003
0.97993434999999995	2.8113869999999998E-003
0.98128578000000000	2.6242370999999998E-003
0.98259096000000001	2.4431934999999999E-003
0.98384978000000001	2.2683037000000000E-003
0.98506210999999999	2.0996143000000002E-003
0.98622783000000003	1.9371697999999999E-003
0.98734683999999995	1.7810138000000000E-003
0.98841902000000004	1.6311879000000000E-003
0.98944427000000001	1.4877321999999999E-003
0.99042249999999998	1.3506855000000001E-003
0.99135359999999995	1.2200846000000000E-003
0.99223749999999999	1.0959648999999999E-003
0.99307409999999996	9.7836011999999990E-004
0.99386331999999999	8.6730211000000002E-004
0.99460510000000002	7.6282119000000001E-004
0.99529935000000003	6.6494589000000003E-004
0.99594601000000005	5.7370299999999995E-004
0.99654502000000000	4.8911752000000005E-004
0.99709632000000004	4.1121269000000000E-004
0.99759986000000000	3.4000995000000000E-004
0.99805558999999999	2.7552890999999998E-004
0.99846347000000002	2.1778735999999999E-004
0.99882344999999995	1.6680125000000001E-004
0.99913551000000000	1.2258469000000000E-004
0.99939960999999999	8.5149908999999994E-005
0.99961571999999999	5.4507286000000001E-005
0.99978383000000004	3.0665313000000002E-005
0.99990391999999995	1.3630605000000000E-005
1.5000000000000000	-0.50000000000000033
1.4999759799999999	-0.50000340788770004
1.4999039199999999	-0.50001363060500004
1.4997838300000002	-0.50003066531300000
1.4996157200000000	-0.50005450728599998
1.4993996100000000	-0.50008514990899999
1.4991355099999999	-0.50012258469000004
1.4988234499999999	-0.50016680125000001
1.4984634699999999	-0.50021778736000000
1.4980555899999999	-0.50027552891000004
1.4975998600000000	-0.50034000995000005
1.4970963200000000	-0.50041121269000000
1.4965450200000001	-0.50048911752000003
1.4959460099999999	-0.50057370300000004
1.4952993500000000	-0.50066494588999999
1.4946051000000000	-0.50076282119000004
1.4938633200000000	-0.50086730210999997
1.4930740999999998	-0.50097836011999997
1.4922374999999999	-0.50109596489999997
1.4913536000000001	-0.50122008460000000
1.4904225000000000	-0.50135068549999995
1.4894442699999999	-0.50148773219999998
1.4884190200000000	-0.50163118790000005
1.4873468399999998	-0.50178101379999995
1.4862278300000000	-0.50193716980000003
1.4850621099999999	-0.50209961430000005
1.4838497799999999	-0.50226830369999997
1.4825909600000000	-0.50244319350000000
1.4812857799999999	-0.50262423710000004
1.4799343500000000	-0.50281138700000005
1.4785368100000000	-0.50300459389999996
1.4770932900000000	-0.50320380720000002
1.4756039300000001	-0.50340897500000004
1.4740688700000000	-0.50362004400000004
1.4724882600000000	-0.50383695949999996
1.4708622600000001	-0.50405966579999995
1.4691910200000000	-0.50428810570000004
1.4674746900000000	-0.50452222079999998
1.4657134500000000	-0.50476195170000004
1.4639074600000002	-0.50500723780000001
1.4620568999999999	-0.50525801719999996
1.4601619500000000	-0.50551422720000005
1.4582227800000001	-0.50577580379999998
1.4562395800000001	-0.50604268230000005
1.4542125500000000	-0.50631479660000001
1.4521418800000001	-0.50659208010000001
1.4500277600000000	-0.50687446500000000
1.4478704100000002	-0.50716188259999995
1.4456700200000001	-0.50745426360000001
1.4434268100000001	-0.50775153770000003
1.4411410000000000	-0.50805363380000002
1.4388128000000000	-0.50836048020000002
1.4364424400000000	-0.50867200430000004
1.4340301499999999	-0.50898813300000001
1.4315761500000002	-0.50930879240000004
1.4290806900000002	-0.50963390789999996
1.4265440000000000	-0.50996340470000001
1.4239663199999999	-0.51029720700000003
1.4213479100000002	-0.51063523799999999
1.4186890200000000	-0.51097742199999996
1.4159899000000000	-0.51132368200000000
1.4132508100000001	-0.51167393900000002
1.4104720200000000	-0.51202811599999998
1.4076537800000000	-0.51238613399999999
1.4047963800000001	-0.51274791399999997
1.4019000900000000	-0.51311337700000004
1.3989651699999999	-0.51348244300000001
1.3959919300000001	-0.51385503300000002
1.3929806400000000	-0.51423106500000004
1.3899315900000000	-0.51461045999999999
1.3868450700000001	-0.51499313700000005
1.3837213900000001	-0.51537901500000005
1.3805608400000000	-0.51576801200000000
1.3773637200000000	-0.51616004699999996
1.3741303499999999	-0.51655503700000005
1.3708610200000000	-0.51695290199999999
1.3675560700000000	-0.51735355900000002
1.3642158000000000	-0.51775692500000003
1.3608405399999999	-0.51816291900000000
1.3574306000000000	-0.51857145699999996
1.3539863200000000	-0.51898245700000001
1.3505080299999999	-0.51939583499999997
1.3469960699999999	-0.51981150899999995
1.3434507600000001	-0.52022939599999996
1.3398724600000000	-0.52064941200000003
1.3362615000000000	-0.52107147300000001
1.3326182300000000	-0.52149549600000000
1.3289430000000000	-0.52192139699999995
1.3252361700000002	-0.52234909299999999
1.3214980800000000	-0.52277849899999995
1.3177291100000001	-0.52320953100000001
1.3139296100000000	-0.52364210499999997
1.3100999500000001	-0.52407613600000003
1.3062404900000000	-0.52451154000000000
1.3023516100000001	-0.52494823199999996
1.2984336700000001	-0.52538612699999998
1.2944870700000000	-0.52582514000000002
1.2905121700000000	-0.52626518600000005
1.2865093500000000	-0.52670617799999997
1.2824790099999999	-0.52714803300000002
1.2784215200000000	-0.52759066300000002
1.2743372900000001	-0.52803398199999996
1.2702267000000000	-0.52847790500000003
1.2660901400000000	-0.52892234400000004
1.2619280200000000	-0.52936721399999997
1.2577407200000001	-0.52981242600000000
1.2535286700000001	-0.53025789300000004
1.2492922600000000	-0.53070352899999995
1.2450318899999999	-0.53114924399999996
1.2407479800000001	-0.53159495000000001
1.2364409400000000	-0.53204056000000000
1.2321111800000000	-0.53248598400000002
1.2277591200000000	-0.53293113199999997
1.2233851800000000	-0.53337591500000003
1.2189897699999999	-0.53382024399999994
1.2145733200000000	-0.53426402699999997
1.2101362600000001	-0.53470717300000004
1.2056790099999999	-0.53514959200000001
1.2012019899999999	-0.53559119200000005
1.1967056400000000	-0.53603188099999999
1.1921903899999999	-0.53647156500000004
1.1876566799999999	-0.53691015300000000
1.1831049400000000	-0.53734755000000001
1.1785356000000000	-0.53778366300000002
1.1739491100000001	-0.53821839599999999
1.1693459000000002	-0.53865165500000001
1.1647264300000000	-0.53908334499999999
1.1600911300000001	-0.53951336999999999
1.1554404400000000	-0.53994163200000000
1.1507748200000001	-0.54036803600000005
1.1460947200000000	-0.54079248199999996
1.1414005700000001	-0.54121487400000001
1.1366928400000000	-0.54163511300000000
1.1319719799999999	-0.54205309899999998
1.1272384400000000	-0.54246873299999998
1.1224926700000000	-0.54288191399999997
1.1177351300000000	-0.54329254199999999
1.1129662800000000	-0.54370051600000002
1.1081865799999999	-0.54410573399999995
1.1033964800000000	-0.54450809300000003
1.0985964500000001	-0.54490749100000002
1.0937869400000000	-0.54530382499999996
1.0889684200000000	-0.54569699000000005
1.0841413600000001	-0.54608688299999997
1.0793062099999999	-0.54647339900000003
1.0744634400000002	-0.54685643200000000
1.0696135099999999	-0.54723587799999995
1.0647568999999999	-0.54761163099999999
1.0598940699999999	-0.54798358300000005
1.0550254799999998	-0.54835162900000001
1.0501516000000000	-0.54871566199999999
1.0452729000000001	-0.54907557299999998
1.0403898599999999	-0.54943125699999995
1.0355029300000000	-0.54978260400000001
1.0306126000000000	-0.55012950599999999
1.0257193199999999	-0.55047185600000004
1.0208235700000001	-0.55080954500000001
1.0159258200000001	-0.55114246400000000
1.0110265400000000	-0.55147050499999994
1.0061262000000000	-0.55179355900000004
1.0012252699999999	-0.55211151599999997
0.99632421999999998	-0.55242426899999997
0.99142353000000005	-0.55273170900000002
0.98652366000000002	-0.55303372600000000
0.98162508999999998	-0.55333021299999996
0.97672828000000000	-0.55362106000000000
0.97183370000000002	-0.55390616100000001
0.96694184000000005	-0.55418540599999999
0.96205315000000002	-0.55445868899999995
0.95716810000000008	-0.55472590300000002
0.95228718000000001	-0.55498694000000004
0.94741082999999993	-0.55524169499999998
0.94253954000000006	-0.55549006099999998
0.93767376999999996	-0.55573193300000001
0.93281398999999998	-0.55596720700000002
0.92796065999999999	-0.55619578000000003
0.92311425000000003	-0.55641754700000001
0.91827524000000005	-0.55663240599999997
0.91344406999999994	-0.55684025699999995
0.90862122000000001	-0.55704099799999995
0.90380715000000000	-0.55723452900000003
0.89900232000000002	-0.55742075300000005
0.89420719999999998	-0.55759957100000002
0.88942224000000003	-0.55777088699999999
0.88464790999999998	-0.55793460600000000
0.87988465999999999	-0.55809063500000000
0.87513295000000002	-0.55823887900000002
0.87039323000000002	-0.55837924900000002
0.86566597999999995	-0.55851165400000002
0.86095162000000003	-0.55863600599999996
0.85625063000000001	-0.55875221799999997
0.85156345000000000	-0.55886020500000000
0.84689053000000003	-0.55895988299999999
0.84223231999999992	-0.55905117199999999
0.83758927000000005	-0.55913398999999997
0.83296183000000001	-0.55920826000000001
0.82835042999999997	-0.55927390499999996
0.82375553000000001	-0.55933085100000002
0.81917755999999997	-0.55937902600000000
0.81461697000000000	-0.55941836000000000
0.81007417999999998	-0.55944878399999998
0.80554965000000001	-0.55947023299999998
0.80104379000000003	-0.55948264299999995
0.79655706000000004	-0.55948595099999998
0.79208986999999997	-0.55948010100000001
0.78764265999999994	-0.55946503299999994
0.78321584999999994	-0.55944069500000004
0.77880987000000002	-0.55940703300000005
0.77442513999999996	-0.55936399999999997
0.77006208999999992	-0.55931154699999996
0.76572112000000003	-0.55924963000000005
0.76140267000000006	-0.55917820799999995
0.75710714999999995	-0.55909724100000002
0.75283495999999994	-0.55900669400000003
0.74858652000000003	-0.55890653199999996
0.74436223000000001	-0.55879672400000002
0.74016251000000000	-0.55867724200000002
0.73598775000000005	-0.55854806099999998
0.73183836000000002	-0.55840915800000002
0.72771474000000003	-0.55826051200000004
0.72361726999999998	-0.55810210800000004
0.71954636999999999	-0.55793393099999999
0.71550239999999998	-0.55775596999999999
0.71148578000000007	-0.55756821599999995
0.70749686999999994	-0.55737066400000002
0.70353606999999996	-0.55716331100000005
0.69960374999999997	-0.55694615800000002
0.69570029999999994	-0.55671920799999997
0.69182608000000001	-0.55648246599999995
0.68798146999999998	-0.55623594300000001
0.68416684999999999	-0.55597964899999996
0.68038255999999997	-0.55571360000000003
0.67662898999999999	-0.55543781299999995
0.67290649000000002	-0.55515230999999998
0.66921541000000007	-0.55485711199999999
0.66555611999999997	-0.55455224599999997
0.66192896000000001	-0.55423774199999998
0.65833428999999999	-0.55391363100000002
0.65477244000000001	-0.55357994700000002
0.65124376000000006	-0.55323672800000001
0.64774858999999996	-0.55288401300000001
0.64428726999999997	-0.55252184400000004
0.64086012000000003	-0.55215026800000000
0.63746747999999998	-0.55176933100000003
0.63410966999999996	-0.55137908400000002
0.63078701999999998	-0.55097957900000005
0.62749984000000003	-0.55057087100000002
0.62424844999999995	-0.55015301800000005
0.62103317000000002	-0.54972607900000003
0.61785429999999997	-0.54929011699999997
0.61471213999999996	-0.54884519499999995
0.61160700000000001	-0.54839137999999998
0.60853917999999996	-0.54792874100000000
0.60550897999999997	-0.54745734700000004
0.60251666999999998	-0.54697727100000004
0.59956255999999997	-0.54648858700000003
0.59664692200000002	-0.54599137200000003
0.59377003900000003	-0.54548570299999999
0.59093218699999994	-0.54497165900000000
0.58813363900000004	-0.54444932300000004
0.58537466299999996	-0.54391877499999997
0.58265552499999995	-0.54338010100000000
0.57997648700000004	-0.54283338599999997
0.57733780499999998	-0.54227871599999999
0.57473973300000003	-0.54171617900000002
0.57218252100000000	-0.54114586399999998
0.56966641399999995	-0.54056786199999995
0.56719165400000005	-0.53998226199999999
0.56475847899999998	-0.53938915700000001
0.56236712300000002	-0.53878864000000004
0.56001781600000000	-0.53818080199999996
0.55771078200000002	-0.53756574000000001
0.55544624499999995	-0.53694354499999997
0.55322442100000002	-0.53631431399999996
0.55104552299999998	-0.53567814100000000
0.54890976199999997	-0.53503512099999995
0.54681734299999996	-0.53438534999999998
0.54476846599999995	-0.53372892299999997
0.54276332800000004	-0.53306593599999996
0.54080212299999997	-0.53239648299999998
0.53888503700000001	-0.53172065899999998
0.53701225699999999	-0.53103856000000005
0.53518396099999999	-0.53035027899999998
0.53340032599999998	-0.52965591000000001
0.53166152200000005	-0.52895554599999994
0.52996771600000003	-0.52824928000000004
0.52831907199999995	-0.52753720299999995
0.52671574899999996	-0.52681940599999999
0.52515789800000001	-0.52609597900000005
0.52364567200000001	-0.52536701100000005
0.52217921400000000	-0.52463258899999998
0.52075866699999995	-0.52389280100000002
0.51938416499999995	-0.52314773100000000
0.51805584199999999	-0.52239746399999998
0.51677382500000002	-0.52164208099999998
0.51553823700000001	-0.52088166499999999
0.51434919599999995	-0.52011629500000001
0.51320681800000001	-0.51934604699999998
0.51211121199999998	-0.51857100000000000
0.51106248300000001	-0.51779122600000005
0.51006073200000002	-0.51700679900000002
0.50910605460000002	-0.51621778900000004
0.50819854340000004	-0.51542426500000005
0.50733828520000002	-0.51462629400000004
0.50652536280000005	-0.51382393900000001
0.50575985420000003	-0.51301726400000003
0.50504183300000005	-0.51220632899999996
0.50437136819999995	-0.51139119200000005
0.50374852410000004	-0.51057190900000005
0.50317336069999996	-0.50974853290000000
0.50264593319999995	-0.50892111510000004
0.50216629219999998	-0.50808970450000002
0.50173448399999998	-0.50725434719999996
0.50135054980000004	-0.50641508719999995
0.50101452670000002	-0.50557196589999998
0.50072644690000001	-0.50472502210000003
0.50048633809999998	-0.50387429210000001
0.50029422337999996	-0.50301980989999995
0.50015012118000002	-0.50216160649999997
0.50005404535599995	-0.50129971070000001
0.50000600513570004	-0.50043414854000001
0.50000600513570004	-0.49956585145999999
0.50005404535599995	-0.49870028929999999
0.50015012118000002	-0.49783839349999998
0.50029422337999996	-0.49698019010000000
0.50048633809999998	-0.49612570789999999
0.50072644690000001	-0.49527497790000002
0.50101452670000002	-0.49442803410000002
0.50135054980000004	-0.49358491280000000
0.50173448399999998	-0.49274565279999999
0.50216629219999998	-0.49191029549999998
0.50264593319999995	-0.49107888490000001
0.50317336069999996	-0.49025146710000000
0.50374852410000004	-0.48942809100000001
0.50437136819999995	-0.48860880800000001
0.50504183300000005	-0.48779367099999998
0.50575985420000003	-0.48698273599999997
0.50652536280000005	-0.48617606099999999
0.50733828520000002	-0.48537370600000002
0.50819854340000004	-0.48457573500000001
0.50910605460000002	-0.48378221100000002
0.51006073200000002	-0.48299320099999998
0.51106248300000001	-0.48220877400000001
0.51211121199999998	-0.48142900000000000
0.51320681800000001	-0.48065395300000002
0.51434919599999995	-0.47988370499999999
0.51553823700000001	-0.47911833500000001
0.51677382500000002	-0.47835791900000002
0.51805584199999999	-0.47760253600000002
0.51938416499999995	-0.47685226900000000
0.52075866699999995	-0.47610719899999998
0.52217921400000000	-0.47536741100000002
0.52364567200000001	-0.47463298900000001
0.52515789800000001	-0.47390402100000001
0.52671574899999996	-0.47318059400000001
0.52831907199999995	-0.47246279699999999
0.52996771600000003	-0.47175072000000001
0.53166152200000005	-0.47104445400000000
0.53340032599999998	-0.47034408999999999
0.53518396099999999	-0.46964972100000002
0.53701225699999999	-0.46896144000000001
0.53888503700000001	-0.46827934100000002
0.54080212299999997	-0.46760351700000002
0.54276332800000004	-0.46693406399999998
0.54476846599999995	-0.46627107699999998
0.54681734299999996	-0.46561465000000002
0.54890976199999997	-0.46496487900000000
0.55104552299999998	-0.46432185900000000
0.55322442100000002	-0.46368568599999999
0.55544624499999995	-0.46305645499999998
0.55771078200000002	-0.46243425999999999
0.56001781600000000	-0.46181919799999999
0.56236712300000002	-0.46121136000000001
0.56475847899999998	-0.46061084299999999
0.56719165400000005	-0.46001773800000001
0.56966641399999995	-0.45943213799999999
0.57218252100000000	-0.45885413600000002
0.57473973300000003	-0.45828382099999998
0.57733780499999998	-0.45772128400000001
0.57997648700000004	-0.45716661400000003
0.58265552499999995	-0.45661989900000000
0.58537466299999996	-0.45608122499999998
0.58813363900000004	-0.45555067700000001
0.59093218699999994	-0.45502834100000000
0.59377003900000003	-0.45451429700000001
0.59664692200000002	-0.45400862799999997
0.59956255999999997	-0.45351141299999997
0.60251666999999998	-0.45302272900000001
0.60550897999999997	-0.45254265300000002
0.60853917999999996	-0.45207125900000000
0.61160700000000001	-0.45160862000000002
0.61471213999999996	-0.45115480499999999
0.61785429999999997	-0.45070988299999998
0.62103317000000002	-0.45027392100000002
0.62424844999999995	-0.44984698200000001
0.62749984000000003	-0.44942912899999998
0.63078701999999998	-0.44902042100000000
0.63410966999999996	-0.44862091599999998
0.63746747999999998	-0.44823066899999997
0.64086012000000003	-0.44784973200000000
0.64428726999999997	-0.44747815600000002
0.64774858999999996	-0.44711598699999999
0.65124376000000006	-0.44676327199999999
0.65477244000000001	-0.44642005299999998
0.65833428999999999	-0.44608636899999998
0.66192896000000001	-0.44576225800000002
0.66555611999999997	-0.44544775400000003
0.66921541000000007	-0.44514288800000001
0.67290649000000002	-0.44484769000000002
0.67662898999999999	-0.44456218700000000
0.68038255999999997	-0.44428639999999997
0.68416684999999999	-0.44402035099999998
0.68798146999999998	-0.44376405699999999
0.69182608000000001	-0.44351753399999999
0.69570029999999994	-0.44328079199999998
0.69960374999999997	-0.44305384199999998
0.70353606999999996	-0.44283668900000001
0.70749686999999994	-0.44262933599999998
0.71148578000000007	-0.44243178399999999
0.71550239999999998	-0.44224403000000001
0.71954636999999999	-0.44206606900000001
0.72361726999999998	-0.44189789200000001
0.72771474000000003	-0.44173948800000001
0.73183836000000002	-0.44159084199999998
0.73598775000000005	-0.44145193900000002
0.74016251000000000	-0.44132275799999998
0.74436223000000001	-0.44120327599999998
0.74858652000000003	-0.44109346799999999
0.75283495999999994	-0.44099330599999997
0.75710714999999995	-0.44090275899999998
0.76140267000000006	-0.44082179199999999
0.76572112000000003	-0.44075037000000000
0.77006208999999992	-0.44068845299999998
0.77442513999999996	-0.44063600000000003
0.77880987000000002	-0.44059296700000000
0.78321584999999994	-0.44055930500000001
0.78764265999999994	-0.44053496700000000
0.79208986999999997	-0.44051989899999999
0.79655706000000004	-0.44051404900000002
0.80104379000000003	-0.44051735700000000
0.80554965000000001	-0.44052976700000002
0.81007417999999998	-0.44055121600000002
0.81461697000000000	-0.44058164000000000
0.81917755999999997	-0.44062097400000000
0.82375553000000001	-0.44066914899999998
0.82835042999999997	-0.44072609499999998
0.83296183000000001	-0.44079173999999999
0.83758927000000005	-0.44086601000000003
0.84223231999999992	-0.44094882800000001
0.84689053000000003	-0.44104011700000001
0.85156345000000000	-0.44113979500000000
0.85625063000000001	-0.44124778199999998
0.86095162000000003	-0.44136399399999998
0.86566597999999995	-0.44148834599999998
0.87039323000000002	-0.44162075099999998
0.87513295000000002	-0.44176112099999998
0.87988465999999999	-0.44190936500000000
0.88464790999999998	-0.44206539400000000
0.88942224000000003	-0.44222911300000001
0.89420719999999998	-0.44240042899999998
0.89900232000000002	-0.44257924700000001
0.90380715000000000	-0.44276547100000002
0.90862122000000001	-0.44295900199999999
0.91344406999999994	-0.44315974299999999
0.91827524000000005	-0.44336759399999998
0.92311425000000003	-0.44358245299999999
0.92796065999999999	-0.44380421999999997
0.93281398999999998	-0.44403279299999998
0.93767376999999996	-0.44426806699999999
0.94253954000000006	-0.44450993900000002
0.94741082999999993	-0.44475830500000002
0.95228718000000001	-0.44501306000000002
0.95716810000000008	-0.44527409699999998
0.96205315000000002	-0.44554131100000000
0.96694184000000005	-0.44581459400000001
0.97183370000000002	-0.44609383899999999
0.97672828000000000	-0.44637894000000000
0.98162508999999998	-0.44666978699999998
0.98652366000000002	-0.44696627400000000
0.99142353000000005	-0.44726829099999998
0.99632421999999998	-0.44757573099999998
1.0012252699999999	-0.44788848400000003
1.0061262000000000	-0.44820644100000001
1.0110265400000000	-0.44852949500000000
1.0159258200000001	-0.44885753600000000
1.0208235700000001	-0.44919045499999999
1.0257193199999999	-0.44952814400000002
1.0306126000000000	-0.44987049400000001
1.0355029300000000	-0.45021739599999999
1.0403898599999999	-0.45056874299999999
1.0452729000000001	-0.45092442700000002
1.0501516000000000	-0.45128433800000001
1.0550254799999998	-0.45164837099999999
1.0598940699999999	-0.45201641700000000
1.0647568999999999	-0.45238836900000001
1.0696135099999999	-0.45276412199999999
1.0744634400000002	-0.45314356800000000
1.0793062099999999	-0.45352660099999997
1.0841413600000001	-0.45391311699999998
1.0889684200000000	-0.45430301000000001
1.0937869400000000	-0.45469617499999998
1.0985964500000001	-0.45509250899999998
1.1033964800000000	-0.45549190699999997
1.1081865799999999	-0.45589426599999999
1.1129662800000000	-0.45629948399999998
1.1177351300000000	-0.45670745800000001
1.1224926700000000	-0.45711808599999998
1.1272384400000000	-0.45753126700000002
1.1319719799999999	-0.45794690100000002
1.1366928400000000	-0.45836488700000000
1.1414005700000001	-0.45878512599999999
1.1460947200000000	-0.45920751799999998
1.1507748200000001	-0.45963196400000000
1.1554404400000000	-0.46005836800000000
1.1600911300000001	-0.46048663000000001
1.1647264300000000	-0.46091665500000001
1.1693459000000002	-0.46134834499999999
1.1739491100000001	-0.46178160400000001
1.1785356000000000	-0.46221633699999998
1.1831049400000000	-0.46265244999999999
1.1876566799999999	-0.46308984700000000
1.1921903899999999	-0.46352843500000002
1.1967056400000000	-0.46396811900000001
1.2012019899999999	-0.46440880800000001
1.2056790099999999	-0.46485040799999999
1.2101362600000001	-0.46529282700000002
1.2145733200000000	-0.46573597300000003
1.2189897699999999	-0.46617975600000000
1.2233851800000000	-0.46662408500000002
1.2277591200000000	-0.46706886800000003
1.2321111800000000	-0.46751401599999998
1.2364409400000000	-0.46795944000000000
1.2407479800000001	-0.46840504999999999
1.2450318899999999	-0.46885075599999998
1.2492922600000000	-0.46929647099999999
1.2535286700000001	-0.46974210700000002
1.2577407200000001	-0.47018757400000000
1.2619280200000000	-0.47063278600000003
1.2660901400000000	-0.47107765600000001
1.2702267000000000	-0.47152209499999997
1.2743372900000001	-0.47196601799999999
1.2784215200000000	-0.47240933699999998
1.2824790099999999	-0.47285196699999998
1.2865093500000000	-0.47329382199999998
1.2905121700000000	-0.47373481400000000
1.2944870700000000	-0.47417485999999998
1.2984336700000001	-0.47461387300000002
1.3023516100000001	-0.47505176799999999
1.3062404900000000	-0.47548846000000000
1.3100999500000001	-0.47592386399999997
1.3139296100000000	-0.47635789499999998
1.3177291100000001	-0.47679046899999999
1.3214980800000000	-0.47722150099999999
1.3252361700000002	-0.47765090700000001
1.3289430000000000	-0.47807860299999999
1.3326182300000000	-0.47850450400000000
1.3362615000000000	-0.47892852699999999
1.3398724600000000	-0.47935058800000002
1.3434507600000001	-0.47977060399999999
1.3469960699999999	-0.48018849100000000
1.3505080299999999	-0.48060416500000003
1.3539863200000000	-0.48101754299999999
1.3574306000000000	-0.48142854299999999
1.3608405399999999	-0.48183708100000000
1.3642158000000000	-0.48224307500000002
1.3675560700000000	-0.48264644099999998
1.3708610200000000	-0.48304709800000001
1.3741303499999999	-0.48344496300000001
1.3773637200000000	-0.48383995299999999
1.3805608400000000	-0.48423198800000000
1.3837213900000001	-0.48462098500000000
1.3868450700000001	-0.48500686300000001
1.3899315900000000	-0.48538954000000001
1.3929806400000000	-0.48576893500000001
1.3959919300000001	-0.48614496699999998
1.3989651699999999	-0.48651755699999999
1.4019000900000000	-0.48688662300000002
1.4047963800000001	-0.48725208599999997
1.4076537800000000	-0.48761386600000001
1.4104720200000000	-0.48797188400000002
1.4132508100000001	-0.48832606099999998
1.4159899000000000	-0.48867631800000000
1.4186890200000000	-0.48902257799999999
1.4213479100000002	-0.48936476200000001
1.4239663199999999	-0.48970279300000003
1.4265440000000000	-0.49003659529999999
1.4290806900000002	-0.49036609209999998
1.4315761500000002	-0.49069120760000001
1.4340301499999999	-0.49101186699999999
1.4364424400000000	-0.49132799570000002
1.4388128000000000	-0.49163951979999998
1.4411410000000000	-0.49194636619999998
1.4434268100000001	-0.49224846230000002
1.4456700200000001	-0.49254573639999999
1.4478704100000002	-0.49283811740000000
1.4500277600000000	-0.49312553500000000
1.4521418800000001	-0.49340791989999999
1.4542125500000000	-0.49368520339999999
1.4562395800000001	-0.49395731770000001
1.4582227800000001	-0.49422419620000002
1.4601619500000000	-0.49448577280000000
1.4620568999999999	-0.49474198279999998
1.4639074600000002	-0.49499276219999999
1.4657134500000000	-0.49523804830000001
1.4674746900000000	-0.49547777920000002
1.4691910200000000	-0.49571189430000001
1.4708622600000001	-0.49594033420000000
1.4724882600000000	-0.49616304049999999
1.4740688700000000	-0.49637995600000001
1.4756039300000001	-0.49659102500000002
1.4770932900000000	-0.49679619279999998
1.4785368100000000	-0.49699540609999998
1.4799343500000000	-0.49718861300000000
1.4812857799999999	-0.49737576290000002
1.4825909600000000	-0.49755680650000000
1.4838497799999999	-0.49773169630000003
1.4850621099999999	-0.49790038570000000
1.4862278300000000	-0.49806283019999997
1.4873468399999998	-0.49821898619999999
1.4884190200000000	-0.49836881210000000
1.4894442699999999	-0.49851226780000002
1.4904225000000000	-0.49864931450000000
1.4913536000000001	-0.49877991540000000
1.4922374999999999	-0.49890403509999998
1.4930740999999998	-0.49902163987999998
1.4938633200000000	-0.49913269788999998
1.4946051000000000	-0.49923717881000002
1.4952993500000000	-0.49933505411000001
1.4959460099999999	-0.49942629700000002
1.4965450200000001	-0.49951088247999997
1.4970963200000000	-0.49958878731000000
1.4975998600000000	-0.49965999005000000
1.4980555899999999	-0.49972447109000001
1.4984634699999999	-0.49978221264000000
1.4988234499999999	-0.49983319874999999
1.4991355099999999	-0.49987741531000002
1.4993996100000000	-0.49991485009100001
1.4996157200000000	-0.49994549271400002
1.4997838300000002	-0.49996933468700000
1.4999039199999999	-0.49998636939500002