0 0
1.0	-3.878896e-16
0.99997598	-3.4078877e-06
0.99990392	-1.3630605e-05
0.99978383	-3.0665313e-05
0.99961572	-5.4507286e-05
0.99939961	-8.5149909e-05
0.99913551	-0.00012258469
0.99882345	-0.00016680125
0.99846347	-0.00021778736
0.99805559	-0.00027552891
0.99759986	-0.00034000995
0.99709632	-0.00041121269
0.99654502	-0.00048911752
0.99594601	-0.000573703
0.99529935	-0.00066494589
0.9946051	-0.00076282119
0.99386332	-0.00086730211
0.9930741	-0.00097836012
0.9922375	-0.0010959649
0.9913536	-0.0012200846
0.9904225	-0.0013506855
0.98944427	-0.0014877322
0.98841902	-0.0016311879
0.98734684	-0.0017810138
0.98622783	-0.0019371698
0.98506211	-0.0020996143
0.98384978	-0.0022683037
0.98259096	-0.0024431935
0.98128578	-0.0026242371
0.97993435	-0.002811387
0.97853681	-0.0030045939
0.97709329	-0.0032038072
0.97560393	-0.003408975
0.97406887	-0.003620044
0.97248826	-0.0038369595
0.97086226	-0.0040596658
0.96919102	-0.0042881057
0.96747469	-0.0045222208
0.96571345	-0.0047619517
0.96390746	-0.0050072378
0.9620569	-0.0052580172
0.96016195	-0.0055142272
0.95822278	-0.0057758038
0.95623958	-0.0060426823
0.95421255	-0.0063147966
0.95214188	-0.0065920801
0.95002776	-0.006874465
0.94787041	-0.0071618826
0.94567002	-0.0074542636
0.94342681	-0.0077515377
0.941141	-0.0080536338
0.9388128	-0.0083604802
0.93644244	-0.0086720043
0.93403015	-0.008988133
0.93157615	-0.0093087924
0.92908069	-0.0096339079
0.926544	-0.0099634047
0.92396632	-0.010297207
0.92134791	-0.010635238
0.91868902	-0.010977422
0.9159899	-0.011323682
0.91325081	-0.011673939
0.91047202	-0.012028116
0.90765378	-0.012386134
0.90479638	-0.012747914
0.90190009	-0.013113377
0.89896517	-0.013482443
0.89599193	-0.013855033
0.89298064	-0.014231065
0.88993159	-0.01461046
0.88684507	-0.014993137
0.88372139	-0.015379015
0.88056084	-0.015768012
0.87736372	-0.016160047
0.87413035	-0.016555037
0.87086102	-0.016952902
0.86755607	-0.017353559
0.8642158	-0.017756925
0.86084054	-0.018162919
0.8574306	-0.018571457
0.85398632	-0.018982457
0.85050803	-0.019395835
0.84699607	-0.019811509
0.84345076	-0.020229396
0.83987246	-0.020649412
0.8362615	-0.021071473
0.83261823	-0.021495496
0.828943	-0.021921397
0.82523617	-0.022349093
0.82149808	-0.022778499
0.81772911	-0.023209531
0.81392961	-0.023642105
0.81009995	-0.024076136
0.80624049	-0.02451154
0.80235161	-0.024948232
0.79843367	-0.025386127
0.79448707	-0.02582514
0.79051217	-0.026265186
0.78650935	-0.026706178
0.78247901	-0.027148033
0.77842152	-0.027590663
0.77433729	-0.028033982
0.7702267	-0.028477905
0.76609014	-0.028922344
0.76192802	-0.029367214
0.75774072	-0.029812426
0.75352867	-0.030257893
0.74929226	-0.030703529
0.74503189	-0.031149244
0.74074798	-0.03159495
0.73644094	-0.03204056
0.73211118	-0.032485984
0.72775912	-0.032931132
0.72338518	-0.033375915
0.71898977	-0.033820244
0.71457332	-0.034264027
0.71013626	-0.034707173
0.70567901	-0.035149592
0.70120199	-0.035591192
0.69670564	-0.036031881
0.69219039	-0.036471565
0.68765668	-0.036910153
0.68310494	-0.03734755
0.6785356	-0.037783663
0.67394911	-0.038218396
0.6693459	-0.038651655
0.66472643	-0.039083345
0.66009113	-0.03951337
0.65544044	-0.039941632
0.65077482	-0.040368036
0.64609472	-0.040792482
0.64140057	-0.041214874
0.63669284	-0.041635113
0.63197198	-0.042053099
0.62723844	-0.042468733
0.62249267	-0.042881914
0.61773513	-0.043292542
0.61296628	-0.043700516
0.60818658	-0.044105734
0.60339648	-0.044508093
0.59859645	-0.044907491
0.59378694	-0.045303825
0.58896842	-0.04569699
0.58414136	-0.046086883
0.57930621	-0.046473399
0.57446344	-0.046856432
0.56961351	-0.047235878
0.5647569	-0.047611631
0.55989407	-0.047983583
0.55502548	-0.048351629
0.5501516	-0.048715662
0.5452729	-0.049075573
0.54038986	-0.049431257
0.53550293	-0.049782604
0.5306126	-0.050129506
0.52571932	-0.050471856
0.52082357	-0.050809545
0.51592582	-0.051142464
0.51102654	-0.051470505
0.5061262	-0.051793559
0.50122527	-0.052111516
0.49632422	-0.052424269
0.49142353	-0.052731709
0.48652366	-0.053033726
0.48162509	-0.053330213
0.47672828	-0.05362106
0.4718337	-0.053906161
0.46694184	-0.054185406
0.46205315	-0.054458689
0.4571681	-0.054725903
0.45228718	-0.05498694
0.44741083	-0.055241695
0.44253954	-0.055490061
0.43767377	-0.055731933
0.43281399	-0.055967207
0.42796066	-0.05619578
0.42311425	-0.056417547
0.41827524	-0.056632406
0.41344407	-0.056840257
0.40862122	-0.057040998
0.40380715	-0.057234529
0.39900232	-0.057420753
0.3942072	-0.057599571
0.38942224	-0.057770887
0.38464791	-0.057934606
0.37988466	-0.058090635
0.37513295	-0.058238879
0.37039323	-0.058379249
0.36566598	-0.058511654
0.36095162	-0.058636006
0.35625063	-0.058752218
0.35156345	-0.058860205
0.34689053	-0.058959883
0.34223232	-0.059051172
0.33758927	-0.05913399
0.33296183	-0.05920826
0.32835043	-0.059273905
0.32375553	-0.059330851
0.31917756	-0.059379026
0.31461697	-0.05941836
0.31007418	-0.059448784
0.30554965	-0.059470233
0.30104379	-0.059482643
0.29655706	-0.059485951
0.29208987	-0.059480101
0.28764266	-0.059465033
0.28321585	-0.059440695
0.27880987	-0.059407033
0.27442514	-0.059364
0.27006209	-0.059311547
0.26572112	-0.05924963
0.26140267	-0.059178208
0.25710715	-0.059097241
0.25283496	-0.059006694
0.24858652	-0.058906532
0.24436223	-0.058796724
0.24016251	-0.058677242
0.23598775	-0.058548061
0.23183836	-0.058409158
0.22771474	-0.058260512
0.22361727	-0.058102108
0.21954637	-0.057933931
0.2155024	-0.05775597
0.21148578	-0.057568216
0.20749687	-0.057370664
0.20353607	-0.057163311
0.19960375	-0.056946158
0.1957003	-0.056719208
0.19182608	-0.056482466
0.18798147	-0.056235943
0.18416685	-0.055979649
0.18038256	-0.0557136
0.17662899	-0.055437813
0.17290649	-0.05515231
0.16921541	-0.054857112
0.16555612	-0.054552246
0.16192896	-0.054237742
0.15833429	-0.053913631
0.15477244	-0.053579947
0.15124376	-0.053236728
0.14774859	-0.052884013
0.14428727	-0.052521844
0.14086012	-0.052150268
0.13746748	-0.051769331
0.13410967	-0.051379084
0.13078702	-0.050979579
0.12749984	-0.050570871
0.12424845	-0.050153018
0.12103317	-0.049726079
0.1178543	-0.049290117
0.11471214	-0.048845195
0.111607	-0.04839138
0.10853918	-0.047928741
0.10550898	-0.047457347
0.10251667	-0.046977271
0.09956256	-0.046488587
0.096646922	-0.045991372
0.093770039	-0.045485703
0.090932187	-0.044971659
0.088133639	-0.044449323
0.085374663	-0.043918775
0.082655525	-0.043380101
0.079976487	-0.042833386
0.077337805	-0.042278716
0.074739733	-0.041716179
0.072182521	-0.041145864
0.069666414	-0.040567862
0.067191654	-0.039982262
0.064758479	-0.039389157
0.062367123	-0.03878864
0.060017816	-0.038180802
0.057710782	-0.03756574
0.055446245	-0.036943545
0.053224421	-0.036314314
0.051045523	-0.035678141
0.048909762	-0.035035121
0.046817343	-0.03438535
0.044768466	-0.033728923
0.042763328	-0.033065936
0.040802123	-0.032396483
0.038885037	-0.031720659
0.037012257	-0.03103856
0.035183961	-0.030350279
0.033400326	-0.02965591
0.031661522	-0.028955546
0.029967716	-0.02824928
0.028319072	-0.027537203
0.026715749	-0.026819406
0.025157898	-0.026095979
0.023645672	-0.025367011
0.022179214	-0.024632589
0.020758667	-0.023892801
0.019384165	-0.023147731
0.018055842	-0.022397464
0.016773825	-0.021642081
0.015538237	-0.020881665
0.014349196	-0.020116295
0.013206818	-0.019346047
0.012111212	-0.018571
0.011062483	-0.017791226
0.010060732	-0.017006799
0.0091060546	-0.016217789
0.0081985434	-0.015424265
0.0073382852	-0.014626294
0.0065253628	-0.013823939
0.0057598542	-0.013017264
0.005041833	-0.012206329
0.0043713682	-0.011391192
0.0037485241	-0.010571909
0.0031733607	-0.0097485329
0.0026459332	-0.0089211151
0.0021662922	-0.0080897045
0.001734484	-0.0072543472
0.0013505498	-0.0064150872
0.0010145267	-0.0055719659
0.0007264469	-0.0047250221
0.0004863381	-0.0038742921
0.00029422338	-0.0030198099
0.00015012118	-0.0021616065
5.4045356e-05	-0.0012997107
6.0051357e-06	-0.00043414854
6.0051357e-06	0.00043414854
5.4045356e-05	0.0012997107
0.00015012118	0.0021616065
0.00029422338	0.0030198099
0.0004863381	0.0038742921
0.0007264469	0.0047250221
0.0010145267	0.0055719659
0.0013505498	0.0064150872
0.001734484	0.0072543472
0.0021662922	0.0080897045
0.0026459332	0.0089211151
0.0031733607	0.0097485329
0.0037485241	0.010571909
0.0043713682	0.011391192
0.005041833	0.012206329
0.0057598542	0.013017264
0.0065253628	0.013823939
0.0073382852	0.014626294
0.0081985434	0.015424265
0.0091060546	0.016217789
0.010060732	0.017006799
0.011062483	0.017791226
0.012111212	0.018571
0.013206818	0.019346047
0.014349196	0.020116295
0.015538237	0.020881665
0.016773825	0.021642081
0.018055842	0.022397464
0.019384165	0.023147731
0.020758667	0.023892801
0.022179214	0.024632589
0.023645672	0.025367011
0.025157898	0.026095979
0.026715749	0.026819406
0.028319072	0.027537203
0.029967716	0.02824928
0.031661522	0.028955546
0.033400326	0.02965591
0.035183961	0.030350279
0.037012257	0.03103856
0.038885037	0.031720659
0.040802123	0.032396483
0.042763328	0.033065936
0.044768466	0.033728923
0.046817343	0.03438535
0.048909762	0.035035121
0.051045523	0.035678141
0.053224421	0.036314314
0.055446245	0.036943545
0.057710782	0.03756574
0.060017816	0.038180802
0.062367123	0.03878864
0.064758479	0.039389157
0.067191654	0.039982262
0.069666414	0.040567862
0.072182521	0.041145864
0.074739733	0.041716179
0.077337805	0.042278716
0.079976487	0.042833386
0.082655525	0.043380101
0.085374663	0.043918775
0.088133639	0.044449323
0.090932187	0.044971659
0.093770039	0.045485703
0.096646922	0.045991372
0.09956256	0.046488587
0.10251667	0.046977271
0.10550898	0.047457347
0.10853918	0.047928741
0.111607	0.04839138
0.11471214	0.048845195
0.1178543	0.049290117
0.12103317	0.049726079
0.12424845	0.050153018
0.12749984	0.050570871
0.13078702	0.050979579
0.13410967	0.051379084
0.13746748	0.051769331
0.14086012	0.052150268
0.14428727	0.052521844
0.14774859	0.052884013
0.15124376	0.053236728
0.15477244	0.053579947
0.15833429	0.053913631
0.16192896	0.054237742
0.16555612	0.054552246
0.16921541	0.054857112
0.17290649	0.05515231
0.17662899	0.055437813
0.18038256	0.0557136
0.18416685	0.055979649
0.18798147	0.056235943
0.19182608	0.056482466
0.1957003	0.056719208
0.19960375	0.056946158
0.20353607	0.057163311
0.20749687	0.057370664
0.21148578	0.057568216
0.2155024	0.05775597
0.21954637	0.057933931
0.22361727	0.058102108
0.22771474	0.058260512
0.23183836	0.058409158
0.23598775	0.058548061
0.24016251	0.058677242
0.24436223	0.058796724
0.24858652	0.058906532
0.25283496	0.059006694
0.25710715	0.059097241
0.26140267	0.059178208
0.26572112	0.05924963
0.27006209	0.059311547
0.27442514	0.059364
0.27880987	0.059407033
0.28321585	0.059440695
0.28764266	0.059465033
0.29208987	0.059480101
0.29655706	0.059485951
0.30104379	0.059482643
0.30554965	0.059470233
0.31007418	0.059448784
0.31461697	0.05941836
0.31917756	0.059379026
0.32375553	0.059330851
0.32835043	0.059273905
0.33296183	0.05920826
0.33758927	0.05913399
0.34223232	0.059051172
0.34689053	0.058959883
0.35156345	0.058860205
0.35625063	0.058752218
0.36095162	0.058636006
0.36566598	0.058511654
0.37039323	0.058379249
0.37513295	0.058238879
0.37988466	0.058090635
0.38464791	0.057934606
0.38942224	0.057770887
0.3942072	0.057599571
0.39900232	0.057420753
0.40380715	0.057234529
0.40862122	0.057040998
0.41344407	0.056840257
0.41827524	0.056632406
0.42311425	0.056417547
0.42796066	0.05619578
0.43281399	0.055967207
0.43767377	0.055731933
0.44253954	0.055490061
0.44741083	0.055241695
0.45228718	0.05498694
0.4571681	0.054725903
0.46205315	0.054458689
0.46694184	0.054185406
0.4718337	0.053906161
0.47672828	0.05362106
0.48162509	0.053330213
0.48652366	0.053033726
0.49142353	0.052731709
0.49632422	0.052424269
0.50122527	0.052111516
0.5061262	0.051793559
0.51102654	0.051470505
0.51592582	0.051142464
0.52082357	0.050809545
0.52571932	0.050471856
0.5306126	0.050129506
0.53550293	0.049782604
0.54038986	0.049431257
0.5452729	0.049075573
0.5501516	0.048715662
0.55502548	0.048351629
0.55989407	0.047983583
0.5647569	0.047611631
0.56961351	0.047235878
0.57446344	0.046856432
0.57930621	0.046473399
0.58414136	0.046086883
0.58896842	0.04569699
0.59378694	0.045303825
0.59859645	0.044907491
0.60339648	0.044508093
0.60818658	0.044105734
0.61296628	0.043700516
0.61773513	0.043292542
0.62249267	0.042881914
0.62723844	0.042468733
0.63197198	0.042053099
0.63669284	0.041635113
0.64140057	0.041214874
0.64609472	0.040792482
0.65077482	0.040368036
0.65544044	0.039941632
0.66009113	0.03951337
0.66472643	0.039083345
0.6693459	0.038651655
0.67394911	0.038218396
0.6785356	0.037783663
0.68310494	0.03734755
0.68765668	0.036910153
0.69219039	0.036471565
0.69670564	0.036031881
0.70120199	0.035591192
0.70567901	0.035149592
0.71013626	0.034707173
0.71457332	0.034264027
0.71898977	0.033820244
0.72338518	0.033375915
0.72775912	0.032931132
0.73211118	0.032485984
0.73644094	0.03204056
0.74074798	0.03159495
0.74503189	0.031149244
0.74929226	0.030703529
0.75352867	0.030257893
0.75774072	0.029812426
0.76192802	0.029367214
0.76609014	0.028922344
0.7702267	0.028477905
0.77433729	0.028033982
0.77842152	0.027590663
0.78247901	0.027148033
0.78650935	0.026706178
0.79051217	0.026265186
0.79448707	0.02582514
0.79843367	0.025386127
0.80235161	0.024948232
0.80624049	0.02451154
0.81009995	0.024076136
0.81392961	0.023642105
0.81772911	0.023209531
0.82149808	0.022778499
0.82523617	0.022349093
0.828943	0.021921397
0.83261823	0.021495496
0.8362615	0.021071473
0.83987246	0.020649412
0.84345076	0.020229396
0.84699607	0.019811509
0.85050803	0.019395835
0.85398632	0.018982457
0.8574306	0.018571457
0.86084054	0.018162919
0.8642158	0.017756925
0.86755607	0.017353559
0.87086102	0.016952902
0.87413035	0.016555037
0.87736372	0.016160047
0.88056084	0.015768012
0.88372139	0.015379015
0.88684507	0.014993137
0.88993159	0.01461046
0.89298064	0.014231065
0.89599193	0.013855033
0.89896517	0.013482443
0.90190009	0.013113377
0.90479638	0.012747914
0.90765378	0.012386134
0.91047202	0.012028116
0.91325081	0.011673939
0.9159899	0.011323682
0.91868902	0.010977422
0.92134791	0.010635238
0.92396632	0.010297207
0.926544	0.0099634047
0.92908069	0.0096339079
0.93157615	0.0093087924
0.93403015	0.008988133
0.93644244	0.0086720043
0.9388128	0.0083604802
0.941141	0.0080536338
0.94342681	0.0077515377
0.94567002	0.0074542636
0.94787041	0.0071618826
0.95002776	0.006874465
0.95214188	0.0065920801
0.95421255	0.0063147966
0.95623958	0.0060426823
0.95822278	0.0057758038
0.96016195	0.0055142272
0.9620569	0.0052580172
0.96390746	0.0050072378
0.96571345	0.0047619517
0.96747469	0.0045222208
0.96919102	0.0042881057
0.97086226	0.0040596658
0.97248826	0.0038369595
0.97406887	0.003620044
0.97560393	0.003408975
0.97709329	0.0032038072
0.97853681	0.0030045939
0.97993435	0.002811387
0.98128578	0.0026242371
0.98259096	0.0024431935
0.98384978	0.0022683037
0.98506211	0.0020996143
0.98622783	0.0019371698
0.98734684	0.0017810138
0.98841902	0.0016311879
0.98944427	0.0014877322
0.9904225	0.0013506855
0.9913536	0.0012200846
0.9922375	0.0010959649
0.9930741	0.00097836012
0.99386332	0.00086730211
0.9946051	0.00076282119
0.99529935	0.00066494589
0.99594601	0.000573703
0.99654502	0.00048911752
0.99709632	0.00041121269
0.99759986	0.00034000995
0.99805559	0.00027552891
0.99846347	0.00021778736
0.99882345	0.00016680125
0.99913551	0.00012258469
0.99939961	8.5149909e-05
0.99961572	5.4507286e-05
0.99978383	3.0665313e-05
0.99990392	1.3630605e-05
1.0	-3.878896e-16
0 0
1.5	-0.5000000000000003
1.4999759799999999	-0.5000034078877
1.49990392	-0.500013630605
1.4997838300000002	-0.500030665313
1.49961572	-0.500054507286
1.49939961	-0.500085149909
1.49913551	-0.50012258469
1.49882345	-0.50016680125
1.49846347	-0.50021778736
1.4980555899999999	-0.50027552891
1.49759986	-0.50034000995
1.49709632	-0.50041121269
1.4965450200000001	-0.50048911752
1.49594601	-0.500573703
1.49529935	-0.50066494589
1.4946051	-0.50076282119
1.49386332	-0.50086730211
1.4930740999999998	-0.50097836012
1.4922374999999999	-0.5010959649
1.4913536	-0.5012200846
1.4904225	-0.5013506855
1.48944427	-0.5014877322
1.48841902	-0.5016311879
1.4873468399999998	-0.5017810138
1.48622783	-0.5019371698
1.4850621099999999	-0.5020996143
1.48384978	-0.5022683037
1.48259096	-0.5024431935
1.4812857799999999	-0.5026242371
1.47993435	-0.502811387
1.47853681	-0.5030045939
1.47709329	-0.5032038072
1.4756039300000001	-0.503408975
1.47406887	-0.503620044
1.47248826	-0.5038369595
1.47086226	-0.5040596658
1.46919102	-0.5042881057
1.46747469	-0.5045222208
1.46571345	-0.5047619517
1.4639074600000002	-0.5050072378
1.4620568999999999	-0.5052580172
1.46016195	-0.5055142272
1.45822278	-0.5057758038
1.45623958	-0.5060426823
1.45421255	-0.5063147966
1.45214188	-0.5065920801
1.45002776	-0.506874465
1.4478704100000002	-0.5071618826
1.4456700200000001	-0.5074542636
1.44342681	-0.5077515377
1.441141	-0.5080536338
1.4388128	-0.5083604802
1.43644244	-0.5086720043
1.43403015	-0.508988133
1.4315761500000002	-0.5093087924
1.4290806900000002	-0.5096339079
1.426544	-0.5099634047
1.42396632	-0.510297207
1.4213479100000002	-0.510635238
1.41868902	-0.510977422
1.4159899	-0.511323682
1.41325081	-0.511673939
1.41047202	-0.512028116
1.40765378	-0.512386134
1.40479638	-0.512747914
1.40190009	-0.513113377
1.3989651699999999	-0.513482443
1.39599193	-0.513855033
1.39298064	-0.514231065
1.38993159	-0.51461046
1.3868450700000001	-0.514993137
1.38372139	-0.515379015
1.38056084	-0.515768012
1.37736372	-0.516160047
1.37413035	-0.516555037
1.37086102	-0.516952902
1.36755607	-0.517353559
1.3642158	-0.517756925
1.3608405399999999	-0.518162919
1.3574306	-0.518571457
1.35398632	-0.518982457
1.3505080299999999	-0.519395835
1.3469960699999999	-0.519811509
1.34345076	-0.520229396
1.33987246	-0.520649412
1.3362615	-0.521071473
1.33261823	-0.521495496
1.328943	-0.521921397
1.3252361700000002	-0.522349093
1.32149808	-0.522778499
1.3177291100000001	-0.523209531
1.31392961	-0.523642105
1.3100999500000001	-0.524076136
1.30624049	-0.52451154
1.30235161	-0.524948232
1.29843367	-0.525386127
1.29448707	-0.52582514
1.29051217	-0.526265186
1.28650935	-0.526706178
1.2824790099999999	-0.527148033
1.27842152	-0.527590663
1.27433729	-0.528033982
1.2702267	-0.528477905
1.26609014	-0.528922344
1.26192802	-0.529367214
1.2577407200000001	-0.529812426
1.2535286700000001	-0.530257893
1.24929226	-0.530703529
1.24503189	-0.531149244
1.24074798	-0.53159495
1.23644094	-0.53204056
1.23211118	-0.532485984
1.22775912	-0.532931132
1.22338518	-0.533375915
1.2189897699999999	-0.5338202439999999
1.21457332	-0.534264027
1.21013626	-0.534707173
1.2056790099999999	-0.535149592
1.20120199	-0.535591192
1.19670564	-0.536031881
1.19219039	-0.536471565
1.18765668	-0.536910153
1.18310494	-0.53734755
1.1785356	-0.537783663
1.1739491100000001	-0.538218396
1.1693459000000002	-0.538651655
1.16472643	-0.539083345
1.16009113	-0.53951337
1.15544044	-0.539941632
1.15077482	-0.540368036
1.14609472	-0.540792482
1.14140057	-0.541214874
1.13669284	-0.541635113
1.1319719799999999	-0.542053099
1.12723844	-0.542468733
1.12249267	-0.542881914
1.11773513	-0.543292542
1.11296628	-0.543700516
1.10818658	-0.544105734
1.10339648	-0.544508093
1.09859645	-0.544907491
1.09378694	-0.545303825
1.08896842	-0.54569699
1.08414136	-0.546086883
1.07930621	-0.546473399
1.0744634400000002	-0.546856432
1.06961351	-0.547235878
1.0647569	-0.547611631
1.05989407	-0.547983583
1.0550254799999998	-0.548351629
1.0501516	-0.548715662
1.0452729	-0.549075573
1.0403898599999999	-0.549431257
1.03550293	-0.549782604
1.0306126	-0.550129506
1.0257193199999999	-0.550471856
1.0208235700000001	-0.550809545
1.01592582	-0.551142464
1.01102654	-0.5514705049999999
1.0061262	-0.551793559
1.00122527	-0.552111516
0.99632422	-0.552424269
0.99142353	-0.552731709
0.98652366	-0.553033726
0.98162509	-0.553330213
0.97672828	-0.55362106
0.9718337	-0.553906161
0.96694184	-0.554185406
0.96205315	-0.554458689
0.9571681000000001	-0.554725903
0.95228718	-0.55498694
0.9474108299999999	-0.555241695
0.9425395400000001	-0.555490061
0.93767377	-0.555731933
0.93281399	-0.555967207
0.92796066	-0.55619578
0.92311425	-0.556417547
0.91827524	-0.556632406
0.9134440699999999	-0.556840257
0.90862122	-0.557040998
0.90380715	-0.557234529
0.89900232	-0.557420753
0.8942072	-0.557599571
0.88942224	-0.557770887
0.88464791	-0.557934606
0.87988466	-0.558090635
0.87513295	-0.558238879
0.87039323	-0.558379249
0.86566598	-0.558511654
0.86095162	-0.558636006
0.85625063	-0.558752218
0.85156345	-0.558860205
0.84689053	-0.558959883
0.8422323199999999	-0.559051172
0.83758927	-0.55913399
0.83296183	-0.55920826
0.82835043	-0.559273905
0.82375553	-0.559330851
0.81917756	-0.559379026
0.81461697	-0.55941836
0.81007418	-0.559448784
0.80554965	-0.559470233
0.80104379	-0.559482643
0.79655706	-0.559485951
0.79208987	-0.559480101
0.7876426599999999	-0.559465033
0.7832158499999999	-0.559440695
0.77880987	-0.559407033
0.77442514	-0.559364
0.7700620899999999	-0.559311547
0.76572112	-0.55924963
0.7614026700000001	-0.559178208
0.75710715	-0.559097241
0.7528349599999999	-0.559006694
0.74858652	-0.558906532
0.74436223	-0.558796724
0.74016251	-0.558677242
0.73598775	-0.558548061
0.73183836	-0.558409158
0.72771474	-0.558260512
0.72361727	-0.558102108
0.71954637	-0.557933931
0.7155024	-0.55775597
0.7114857800000001	-0.557568216
0.7074968699999999	-0.557370664
0.70353607	-0.557163311
0.69960375	-0.556946158
0.6957002999999999	-0.556719208
0.69182608	-0.556482466
0.68798147	-0.556235943
0.68416685	-0.555979649
0.68038256	-0.5557136
0.67662899	-0.555437813
0.67290649	-0.55515231
0.6692154100000001	-0.554857112
0.66555612	-0.554552246
0.66192896	-0.554237742
0.65833429	-0.553913631
0.65477244	-0.553579947
0.6512437600000001	-0.553236728
0.64774859	-0.552884013
0.64428727	-0.552521844
0.64086012	-0.552150268
0.63746748	-0.551769331
0.63410967	-0.551379084
0.63078702	-0.550979579
0.62749984	-0.550570871
0.62424845	-0.550153018
0.62103317	-0.549726079
0.6178543	-0.549290117
0.61471214	-0.548845195
0.611607	-0.54839138
0.60853918	-0.547928741
0.60550898	-0.547457347
0.60251667	-0.546977271
0.59956256	-0.546488587
0.596646922	-0.545991372
0.593770039	-0.545485703
0.5909321869999999	-0.544971659
0.588133639	-0.544449323
0.585374663	-0.543918775
0.582655525	-0.543380101
0.579976487	-0.542833386
0.577337805	-0.542278716
0.574739733	-0.541716179
0.572182521	-0.541145864
0.569666414	-0.540567862
0.567191654	-0.539982262
0.564758479	-0.539389157
0.562367123	-0.53878864
0.560017816	-0.538180802
0.557710782	-0.53756574
0.555446245	-0.536943545
0.553224421	-0.536314314
0.551045523	-0.535678141
0.548909762	-0.535035121
0.546817343	-0.53438535
0.544768466	-0.533728923
0.542763328	-0.533065936
0.540802123	-0.532396483
0.538885037	-0.531720659
0.537012257	-0.53103856
0.535183961	-0.530350279
0.533400326	-0.52965591
0.531661522	-0.5289555459999999
0.529967716	-0.52824928
0.528319072	-0.527537203
0.526715749	-0.526819406
0.525157898	-0.526095979
0.523645672	-0.525367011
0.522179214	-0.524632589
0.520758667	-0.523892801
0.519384165	-0.523147731
0.518055842	-0.522397464
0.516773825	-0.521642081
0.515538237	-0.520881665
0.514349196	-0.520116295
0.513206818	-0.519346047
0.512111212	-0.518571
0.511062483	-0.517791226
0.510060732	-0.517006799
0.5091060546	-0.516217789
0.5081985434	-0.515424265
0.5073382852	-0.514626294
0.5065253628	-0.513823939
0.5057598542	-0.513017264
0.505041833	-0.512206329
0.5043713682	-0.511391192
0.5037485241	-0.510571909
0.5031733607	-0.5097485329
0.5026459332	-0.5089211151
0.5021662922	-0.5080897045
0.501734484	-0.5072543472
0.5013505498	-0.5064150872
0.5010145267	-0.5055719659
0.5007264469	-0.5047250221
0.5004863381	-0.5038742921
0.50029422338	-0.5030198099
0.50015012118	-0.5021616065
0.500054045356	-0.5012997107
0.5000060051357	-0.50043414854
0.5000060051357	-0.49956585146
0.500054045356	-0.4987002893
0.50015012118	-0.4978383935
0.50029422338	-0.4969801901
0.5004863381	-0.4961257079
0.5007264469	-0.4952749779
0.5010145267	-0.4944280341
0.5013505498	-0.4935849128
0.501734484	-0.4927456528
0.5021662922	-0.4919102955
0.5026459332	-0.4910788849
0.5031733607	-0.4902514671
0.5037485241	-0.489428091
0.5043713682	-0.488608808
0.505041833	-0.487793671
0.5057598542	-0.48698273599999997
0.5065253628	-0.486176061
0.5073382852	-0.485373706
0.5081985434	-0.484575735
0.5091060546	-0.483782211
0.510060732	-0.482993201
0.511062483	-0.482208774
0.512111212	-0.481429
0.513206818	-0.480653953
0.514349196	-0.479883705
0.515538237	-0.479118335
0.516773825	-0.478357919
0.518055842	-0.477602536
0.519384165	-0.476852269
0.520758667	-0.476107199
0.522179214	-0.475367411
0.523645672	-0.474632989
0.525157898	-0.473904021
0.526715749	-0.473180594
0.528319072	-0.472462797
0.529967716	-0.47175072
0.531661522	-0.471044454
0.533400326	-0.47034409
0.535183961	-0.469649721
0.537012257	-0.46896144
0.538885037	-0.468279341
0.540802123	-0.467603517
0.542763328	-0.466934064
0.544768466	-0.466271077
0.546817343	-0.46561465
0.548909762	-0.464964879
0.551045523	-0.464321859
0.553224421	-0.463685686
0.555446245	-0.463056455
0.557710782	-0.46243426
0.560017816	-0.461819198
0.562367123	-0.46121136
0.564758479	-0.460610843
0.567191654	-0.460017738
0.569666414	-0.459432138
0.572182521	-0.458854136
0.574739733	-0.458283821
0.577337805	-0.457721284
0.579976487	-0.457166614
0.582655525	-0.456619899
0.585374663	-0.456081225
0.588133639	-0.455550677
0.5909321869999999	-0.455028341
0.593770039	-0.454514297
0.596646922	-0.45400862799999997
0.59956256	-0.453511413
0.60251667	-0.453022729
0.60550898	-0.452542653
0.60853918	-0.452071259
0.611607	-0.45160862
0.61471214	-0.451154805
0.6178543	-0.450709883
0.62103317	-0.450273921
0.62424845	-0.449846982
0.62749984	-0.449429129
0.63078702	-0.449020421
0.63410967	-0.448620916
0.63746748	-0.44823066899999997
0.64086012	-0.447849732
0.64428727	-0.447478156
0.64774859	-0.447115987
0.6512437600000001	-0.446763272
0.65477244	-0.446420053
0.65833429	-0.446086369
0.66192896	-0.445762258
0.66555612	-0.44544775400000003
0.6692154100000001	-0.445142888
0.67290649	-0.44484769
0.67662899	-0.444562187
0.68038256	-0.44428639999999997
0.68416685	-0.444020351
0.68798147	-0.443764057
0.69182608	-0.443517534
0.6957002999999999	-0.443280792
0.69960375	-0.443053842
0.70353607	-0.442836689
0.7074968699999999	-0.442629336
0.7114857800000001	-0.442431784
0.7155024	-0.44224403
0.71954637	-0.442066069
0.72361727	-0.441897892
0.72771474	-0.441739488
0.73183836	-0.441590842
0.73598775	-0.441451939
0.74016251	-0.441322758
0.74436223	-0.441203276
0.74858652	-0.441093468
0.7528349599999999	-0.440993306
0.75710715	-0.440902759
0.7614026700000001	-0.440821792
0.76572112	-0.44075037
0.7700620899999999	-0.440688453
0.77442514	-0.440636
0.77880987	-0.440592967
0.7832158499999999	-0.440559305
0.7876426599999999	-0.440534967
0.79208987	-0.440519899
0.79655706	-0.440514049
0.80104379	-0.440517357
0.80554965	-0.440529767
0.81007418	-0.440551216
0.81461697	-0.44058164
0.81917756	-0.440620974
0.82375553	-0.440669149
0.82835043	-0.440726095
0.83296183	-0.44079174
0.83758927	-0.44086601000000003
0.8422323199999999	-0.440948828
0.84689053	-0.441040117
0.85156345	-0.441139795
0.85625063	-0.441247782
0.86095162	-0.441363994
0.86566598	-0.441488346
0.87039323	-0.441620751
0.87513295	-0.441761121
0.87988466	-0.441909365
0.88464791	-0.442065394
0.88942224	-0.442229113
0.8942072	-0.442400429
0.89900232	-0.442579247
0.90380715	-0.442765471
0.90862122	-0.442959002
0.9134440699999999	-0.443159743
0.91827524	-0.443367594
0.92311425	-0.443582453
0.92796066	-0.44380421999999997
0.93281399	-0.444032793
0.93767377	-0.444268067
0.9425395400000001	-0.444509939
0.9474108299999999	-0.444758305
0.95228718	-0.44501306
0.9571681000000001	-0.445274097
0.96205315	-0.445541311
0.96694184	-0.445814594
0.9718337	-0.446093839
0.97672828	-0.44637894
0.98162509	-0.446669787
0.98652366	-0.446966274
0.99142353	-0.447268291
0.99632422	-0.447575731
1.00122527	-0.44788848400000003
1.0061262	-0.448206441
1.01102654	-0.448529495
1.01592582	-0.448857536
1.0208235700000001	-0.449190455
1.0257193199999999	-0.449528144
1.0306126	-0.449870494
1.03550293	-0.450217396
1.0403898599999999	-0.450568743
1.0452729	-0.450924427
1.0501516	-0.451284338
1.0550254799999998	-0.451648371
1.05989407	-0.452016417
1.0647569	-0.452388369
1.06961351	-0.452764122
1.0744634400000002	-0.453143568
1.07930621	-0.453526601
1.08414136	-0.453913117
1.08896842	-0.45430301
1.09378694	-0.454696175
1.09859645	-0.455092509
1.10339648	-0.455491907
1.10818658	-0.455894266
1.11296628	-0.456299484
1.11773513	-0.456707458
1.12249267	-0.457118086
1.12723844	-0.457531267
1.1319719799999999	-0.457946901
1.13669284	-0.458364887
1.14140057	-0.458785126
1.14609472	-0.459207518
1.15077482	-0.459631964
1.15544044	-0.460058368
1.16009113	-0.46048663
1.16472643	-0.460916655
1.1693459000000002	-0.461348345
1.1739491100000001	-0.461781604
1.1785356	-0.462216337
1.18310494	-0.46265245
1.18765668	-0.463089847
1.19219039	-0.463528435
1.19670564	-0.463968119
1.20120199	-0.464408808
1.2056790099999999	-0.464850408
1.21013626	-0.465292827
1.21457332	-0.465735973
1.2189897699999999	-0.466179756
1.22338518	-0.466624085
1.22775912	-0.467068868
1.23211118	-0.467514016
1.23644094	-0.46795944
1.24074798	-0.46840505
1.24503189	-0.468850756
1.24929226	-0.469296471
1.2535286700000001	-0.469742107
1.2577407200000001	-0.470187574
1.26192802	-0.470632786
1.26609014	-0.471077656
1.2702267	-0.471522095
1.27433729	-0.471966018
1.27842152	-0.472409337
1.2824790099999999	-0.472851967
1.28650935	-0.473293822
1.29051217	-0.473734814
1.29448707	-0.47417486
1.29843367	-0.474613873
1.30235161	-0.475051768
1.30624049	-0.47548846
1.3100999500000001	-0.475923864
1.31392961	-0.476357895
1.3177291100000001	-0.476790469
1.32149808	-0.477221501
1.3252361700000002	-0.477650907
1.328943	-0.478078603
1.33261823	-0.478504504
1.3362615	-0.478928527
1.33987246	-0.479350588
1.34345076	-0.479770604
1.3469960699999999	-0.480188491
1.3505080299999999	-0.480604165
1.35398632	-0.481017543
1.3574306	-0.481428543
1.3608405399999999	-0.481837081
1.3642158	-0.482243075
1.36755607	-0.482646441
1.37086102	-0.483047098
1.37413035	-0.483444963
1.37736372	-0.483839953
1.38056084	-0.484231988
1.38372139	-0.484620985
1.3868450700000001	-0.485006863
1.38993159	-0.48538954
1.39298064	-0.485768935
1.39599193	-0.486144967
1.3989651699999999	-0.486517557
1.40190009	-0.486886623
1.40479638	-0.487252086
1.40765378	-0.487613866
1.41047202	-0.487971884
1.41325081	-0.488326061
1.4159899	-0.488676318
1.41868902	-0.489022578
1.4213479100000002	-0.489364762
1.42396632	-0.489702793
1.426544	-0.4900365953
1.4290806900000002	-0.4903660921
1.4315761500000002	-0.4906912076
1.43403015	-0.491011867
1.43644244	-0.4913279957
1.4388128	-0.4916395198
1.441141	-0.4919463662
1.44342681	-0.4922484623
1.4456700200000001	-0.4925457364
1.4478704100000002	-0.4928381174
1.45002776	-0.493125535
1.45214188	-0.4934079199
1.45421255	-0.4936852034
1.45623958	-0.4939573177
1.45822278	-0.4942241962
1.46016195	-0.4944857728
1.4620568999999999	-0.4947419828
1.4639074600000002	-0.4949927622
1.46571345	-0.4952380483
1.46747469	-0.4954777792
1.46919102	-0.4957118943
1.47086226	-0.4959403342
1.47248826	-0.4961630405
1.47406887	-0.496379956
1.4756039300000001	-0.496591025
1.47709329	-0.4967961928
1.47853681	-0.4969954061
1.47993435	-0.497188613
1.4812857799999999	-0.4973757629
1.48259096	-0.4975568065
1.48384978	-0.4977316963
1.4850621099999999	-0.4979003857
1.48622783	-0.4980628302
1.4873468399999998	-0.4982189862
1.48841902	-0.4983688121
1.48944427	-0.4985122678
1.4904225	-0.4986493145
1.4913536	-0.4987799154
1.4922374999999999	-0.4989040351
1.4930740999999998	-0.49902163988
1.49386332	-0.49913269789
1.4946051	-0.49923717881
1.49529935	-0.49933505411
1.49594601	-0.499426297
1.4965450200000001	-0.49951088248
1.49709632	-0.49958878731
1.49759986	-0.49965999005
1.4980555899999999	-0.49972447109
1.49846347	-0.49978221264
1.49882345	-0.49983319875
1.49913551	-0.49987741531
1.49939961	-0.499914850091
1.49961572	-0.499945492714
1.4997838300000002	-0.499969334687
1.49990392	-0.499986369395
1.5	-0.5000000000000003
0 0