-0.0048828125 0.0244140625 
-0.029296875 0.009765625 
-0.0146484375 0.0146484375 
-0.00732421875 0.0170898438 
-0.00244140625 0.0122070312 
-0.0146484375 0.0048828125 
-0.00732421875 0.00732421875 
-0.00244140625 0.00732421875 
-0.00732421875 0.00244140625 
-0.00244140625 0.00244140625 
0.0244140625 0.0341796875 
0.0219726562 0.0268554688 
-0.029296875 -0.009765625 
-0.0146484375 -0.0048828125 
-0.00732421875 -0.00244140625 
-0.00244140625 -0.00244140625 
-0.00732421875 -0.00732421875 
-0.00244140625 -0.00732421875 
-0.0146484375 -0.0146484375 
-0.00244140625 -0.0122070312 
-0.00732421875 -0.0170898438 
-0.00244140625 -0.0170898438 
0.0219726562 -0.0268554688 
0.0244140625 -0.0341796875 
0.999145508 -0.00183105469 
1.00036621 -0.00183105469
-0.00122070312 0.00854492188 
-0.00122070312 0.00610351562 
-0.00122070312 0.00366210938 
-0.00122070312 -0.00366210938 
-0.00122070312 -0.00610351562 
-0.00122070312 -0.00854492188 
0.0122070312 -0.0219726562 
0.999450684 -0.00152587891 