0.09956256 -0.046488587
0.096646922 -0.045991372
0.093770039 -0.045485703
0.090932187 -0.044971659
0.088133639 -0.044449323
0.085374663 -0.043918775
0.082655525 -0.043380101
0.079976487 -0.042833386
0.077337805 -0.042278716
0.074739733 -0.041716179
0.072182521 -0.041145864
0.069666414 -0.040567862
0.067191654 -0.039982262
0.064758479 -0.039389157
0.062367123 -0.03878864
0.060017816 -0.038180802
0.057710782 -0.03756574
0.055446245 -0.036943545
0.053224421 -0.036314314
0.051045523 -0.035678141
0.048909762 -0.035035121
0.046817343 -0.03438535
0.044768466 -0.033728923
0.042763328 -0.033065936
0.040802123 -0.032396483
0.038885037 -0.031720659
0.037012257 -0.03103856
0.035183961 -0.030350279
0.033400326 -0.02965591
0.031661522 -0.028955546
0.029967716 -0.02824928
0.028319072 -0.027537203
0.026715749 -0.026819406
0.025157898 -0.026095979
0.023645672 -0.025367011
0.022179214 -0.024632589
0.020758667 -0.023892801
0.019384165 -0.023147731
0.018055842 -0.022397464
0.016773825 -0.021642081
0.015538237 -0.020881665
0.014349196 -0.020116295
0.013206818 -0.019346047
0.012111212 -0.018571
0.011062483 -0.017791226
0.010060732 -0.017006799
0.0091060546 -0.016217789
0.0081985434 -0.015424265
0.0073382852 -0.014626294
0.0065253628 -0.013823939
0.0057598542 -0.013017264
0.005041833 -0.012206329
0.0043713682 -0.011391192
0.0037485241 -0.010571909
0.0031733607 -0.0097485329
0.0026459332 -0.0089211151
0.0021662922 -0.0080897045
0.001734484 -0.0072543472
0.0013505498 -0.0064150872
0.0010145267 -0.0055719659
0.0007264469 -0.0047250221
0.0004863381 -0.0038742921
0.00029422338 -0.0030198099
0.00015012118 -0.0021616065
5.4045356e-05 -0.0012997107
6.0051357e-06 -0.00043414854
6.0051357e-06 0.00043414854
5.4045356e-05 0.0012997107
0.00015012118 0.0021616065
0.00029422338 0.0030198099
0.0004863381 0.0038742921
0.0007264469 0.0047250221
0.0010145267 0.0055719659
0.0013505498 0.0064150872
0.001734484 0.0072543472
0.0021662922 0.0080897045
0.0026459332 0.0089211151
0.0031733607 0.0097485329
0.0037485241 0.010571909
0.0043713682 0.011391192
0.005041833 0.012206329
0.0057598542 0.013017264
0.0065253628 0.013823939
0.0073382852 0.014626294
0.0081985434 0.015424265
0.0091060546 0.016217789
0.010060732 0.017006799
0.011062483 0.017791226
0.012111212 0.018571
0.013206818 0.019346047
0.014349196 0.020116295
0.015538237 0.020881665
0.016773825 0.021642081
0.018055842 0.022397464
0.019384165 0.023147731
0.020758667 0.023892801
0.022179214 0.024632589
0.023645672 0.025367011
0.025157898 0.026095979
0.026715749 0.026819406
0.028319072 0.027537203
0.029967716 0.02824928
0.031661522 0.028955546
0.033400326 0.02965591
0.035183961 0.030350279
0.037012257 0.03103856
0.038885037 0.031720659
0.040802123 0.032396483
0.042763328 0.033065936
0.044768466 0.033728923
0.046817343 0.03438535
0.048909762 0.035035121
0.051045523 0.035678141
0.053224421 0.036314314
0.055446245 0.036943545
0.057710782 0.03756574
0.060017816 0.038180802
0.062367123 0.03878864
0.064758479 0.039389157
0.067191654 0.039982262
0.069666414 0.040567862
0.072182521 0.041145864
0.074739733 0.041716179
0.077337805 0.042278716
0.079976487 0.042833386
0.082655525 0.043380101
0.085374663 0.043918775
0.088133639 0.044449323
0.090932187 0.044971659
0.093770039 0.045485703
0.096646922 0.045991372
0.09956256 0.046488587
0.59956256 -0.546488587
0.596646922 -0.545991372
0.593770039 -0.545485703
0.5909321869999999 -0.544971659
0.588133639 -0.544449323
0.585374663 -0.543918775
0.582655525 -0.543380101
0.579976487 -0.542833386
0.577337805 -0.542278716
0.574739733 -0.541716179
0.572182521 -0.541145864
0.569666414 -0.540567862
0.567191654 -0.539982262
0.564758479 -0.539389157
0.562367123 -0.53878864
0.560017816 -0.538180802
0.557710782 -0.53756574
0.555446245 -0.536943545
0.553224421 -0.536314314
0.551045523 -0.535678141
0.548909762 -0.535035121
0.546817343 -0.53438535
0.544768466 -0.533728923
0.542763328 -0.533065936
0.540802123 -0.532396483
0.538885037 -0.531720659
0.537012257 -0.53103856
0.535183961 -0.530350279
0.533400326 -0.52965591
0.531661522 -0.5289555459999999
0.529967716 -0.52824928
0.528319072 -0.527537203
0.526715749 -0.526819406
0.525157898 -0.526095979
0.523645672 -0.525367011
0.522179214 -0.524632589
0.520758667 -0.523892801
0.519384165 -0.523147731
0.518055842 -0.522397464
0.516773825 -0.521642081
0.515538237 -0.520881665
0.514349196 -0.520116295
0.513206818 -0.519346047
0.512111212 -0.518571
0.511062483 -0.517791226
0.510060732 -0.517006799
0.5091060546 -0.516217789
0.5081985434 -0.515424265
0.5073382852 -0.514626294
0.5065253628 -0.513823939
0.5057598542 -0.513017264
0.505041833 -0.512206329
0.5043713682 -0.511391192
0.5037485241 -0.510571909
0.5031733607 -0.5097485329
0.5026459332 -0.5089211151
0.5021662922 -0.5080897045
0.501734484 -0.5072543472
0.5013505498 -0.5064150872
0.5010145267 -0.5055719659
0.5007264469 -0.5047250221
0.5004863381 -0.5038742921
0.50029422338 -0.5030198099
0.50015012118 -0.5021616065
0.500054045356 -0.5012997107
0.5000060051357 -0.50043414854
0.5000060051357 -0.49956585146
0.500054045356 -0.4987002893
0.50015012118 -0.4978383935
0.50029422338 -0.4969801901
0.5004863381 -0.4961257079
0.5007264469 -0.4952749779
0.5010145267 -0.4944280341
0.5013505498 -0.4935849128
0.501734484 -0.4927456528
0.5021662922 -0.4919102955
0.5026459332 -0.4910788849
0.5031733607 -0.4902514671
0.5037485241 -0.489428091
0.5043713682 -0.488608808
0.505041833 -0.487793671
0.5057598542 -0.48698273599999997
0.5065253628 -0.486176061
0.5073382852 -0.485373706
0.5081985434 -0.484575735
0.5091060546 -0.483782211
0.510060732 -0.482993201
0.511062483 -0.482208774
0.512111212 -0.481429
0.513206818 -0.480653953
0.514349196 -0.479883705
0.515538237 -0.479118335
0.516773825 -0.478357919
0.518055842 -0.477602536
0.519384165 -0.476852269
0.520758667 -0.476107199
0.522179214 -0.475367411
0.523645672 -0.474632989
0.525157898 -0.473904021
0.526715749 -0.473180594
0.528319072 -0.472462797
0.529967716 -0.47175072
0.531661522 -0.471044454
0.533400326 -0.47034409
0.535183961 -0.469649721
0.537012257 -0.46896144
0.538885037 -0.468279341
0.540802123 -0.467603517
0.542763328 -0.466934064
0.544768466 -0.466271077
0.546817343 -0.46561465
0.548909762 -0.464964879
0.551045523 -0.464321859
0.553224421 -0.463685686
0.555446245 -0.463056455
0.557710782 -0.46243426
0.560017816 -0.461819198
0.562367123 -0.46121136
0.564758479 -0.460610843
0.567191654 -0.460017738
0.569666414 -0.459432138
0.572182521 -0.458854136
0.574739733 -0.458283821
0.577337805 -0.457721284
0.579976487 -0.457166614
0.582655525 -0.456619899
0.585374663 -0.456081225
0.588133639 -0.455550677
0.5909321869999999 -0.455028341
0.593770039 -0.454514297
0.596646922 -0.45400862799999997
0.59956256 -0.453511413
-0.05859375 0.09765625
-0.01953125 0.09765625
-0.05859375 0.05859375
-0.029296875 0.068359375
-0.009765625 0.068359375
-0.029296875 0.048828125
-0.009765625 0.048828125
-0.05859375 0.01953125
-0.029296875 0.029296875
-0.0146484375 0.0341796875
-0.0048828125 0.0341796875
-0.0146484375 0.0244140625
-0.00732421875 0.02685546875
-0.00244140625 0.02685546875
-0.00732421875 0.02197265625
-0.00244140625 0.02197265625
-0.029296875 0.009765625
-0.0146484375 0.0146484375
-0.00732421875 0.01708984375
-0.00244140625 0.01708984375
-0.00732421875 0.01220703125
-0.003662109375 0.013427734375
-0.001220703125 0.013427734375
-0.003662109375 0.010986328125
-0.001220703125 0.010986328125
-0.0146484375 0.0048828125
-0.00732421875 0.00732421875
-0.003662109375 0.008544921875
-0.001220703125 0.008544921875
-0.003662109375 0.006103515625
-0.0018310546875 0.0067138671875
-0.0006103515625 0.0067138671875
-0.0018310546875 0.0054931640625
-0.0006103515625 0.0054931640625
-0.00732421875 0.00244140625
-0.003662109375 0.003662109375
-0.0018310546875 0.0042724609375
-0.0006103515625 0.0042724609375
-0.0018310546875 0.0030517578125
-0.0006103515625 0.0030517578125
-0.003662109375 0.001220703125
-0.0018310546875 0.0018310546875
-0.0006103515625 0.0018310546875
-0.0018310546875 0.0006103515625
-0.0006103515625 0.0006103515625
0.01953125 0.09765625
0.048828125 0.087890625
0.068359375 0.087890625
0.087890625 0.087890625
0.009765625 0.068359375
0.029296875 0.068359375
0.0048828125 0.0537109375
0.0146484375 0.0537109375
0.0048828125 0.0439453125
0.0146484375 0.0439453125
0.0244140625 0.0537109375
0.0341796875 0.0537109375
0.0244140625 0.0439453125
0.0341796875 0.0439453125
0.048828125 0.068359375
0.0634765625 0.0732421875
0.0732421875 0.0732421875
0.0634765625 0.0634765625
0.0732421875 0.0634765625
0.0439453125 0.0537109375
0.0537109375 0.0537109375
0.04150390625 0.04638671875
0.04638671875 0.04638671875
0.04150390625 0.04150390625
0.04638671875 0.04150390625
0.05126953125 0.04638671875
0.05615234375 0.04638671875
0.05126953125 0.04150390625
0.05615234375 0.04150390625
0.0634765625 0.0537109375
0.0732421875 0.0537109375
0.06103515625 0.04638671875
0.06591796875 0.04638671875
0.06103515625 0.04150390625
0.064697265625 0.042724609375
0.067138671875 0.042724609375
0.07080078125 0.04638671875
0.07568359375 0.04638671875
0.069580078125 0.042724609375
0.072021484375 0.042724609375
0.0048828125 0.0341796875
0.01220703125 0.03662109375
0.01708984375 0.03662109375
0.01220703125 0.03173828125
0.01708984375 0.03173828125
0.00244140625 0.02685546875
0.00732421875 0.02685546875
0.00244140625 0.02197265625
0.006103515625 0.023193359375
0.008544921875 0.023193359375
0.006103515625 0.020751953125
0.008544921875 0.020751953125
0.01220703125 0.02685546875
0.015869140625 0.028076171875
0.018310546875 0.028076171875
0.015869140625 0.025634765625
0.018310546875 0.025634765625
0.010986328125 0.023193359375
0.013427734375 0.023193359375
0.010986328125 0.020751953125
0.015869140625 0.023193359375
0.0177001953125 0.0238037109375
0.0189208984375 0.0238037109375
0.02197265625 0.03662109375
0.02685546875 0.03662109375
0.02197265625 0.03173828125
0.025634765625 0.032958984375
0.028076171875 0.032958984375
0.025634765625 0.030517578125
0.028076171875 0.030517578125
0.03173828125 0.03662109375
0.03662109375 0.03662109375
0.030517578125 0.032958984375
0.032958984375 0.032958984375
0.030517578125 0.030517578125
0.035400390625 0.032958984375
0.037841796875 0.032958984375
0.020751953125 0.028076171875
0.023193359375 0.028076171875
0.020751953125 0.025634765625
0.0225830078125 0.0262451171875
0.0238037109375 0.0262451171875
0.025634765625 0.028076171875
0.001220703125 0.018310546875
0.003662109375 0.018310546875
0.001220703125 0.015869140625
0.003662109375 0.015869140625
0.006103515625 0.018310546875
0.008544921875 0.018310546875
0.006103515625 0.015869140625
0.0079345703125 0.0164794921875
0.001220703125 0.013427734375
0.003662109375 0.013427734375
0.0006103515625 0.0115966796875
0.0018310546875 0.0115966796875
0.0006103515625 0.0103759765625
0.0018310546875 0.0103759765625
0.0030517578125 0.0115966796875
0.0030517578125 0.0103759765625
0.0054931640625 0.0140380859375
0.0103759765625 0.0189208984375
0.0103759765625 0.0177001953125
0.0006103515625 0.0091552734375
0.0018310546875 0.0091552734375
0.0006103515625 0.0079345703125
0.00274658203125 0.00946044921875
0.0006103515625 0.0067138671875
0.00030517578125 0.00457763671875
0.04150390625 0.03662109375
0.045166015625 0.037841796875
0.047607421875 0.037841796875
0.045166015625 0.035400390625
0.050048828125 0.037841796875
0.052490234375 0.037841796875
0.0494384765625 0.0360107421875
0.0830078125 0.0732421875
0.0927734375 0.0732421875
0.0830078125 0.0634765625
0.0927734375 0.0634765625
0.08056640625 0.05615234375
0.08544921875 0.05615234375
0.08056640625 0.05126953125
0.08544921875 0.05126953125
0.09033203125 0.05615234375
0.09521484375 0.05615234375
0.09033203125 0.05126953125
0.09521484375 0.05126953125
0.08056640625 0.04638671875
0.08544921875 0.04638671875
0.089111328125 0.047607421875
0.091552734375 0.047607421875
0.093994140625 0.047607421875
0.096435546875 0.047607421875
-0.05859375 -0.01953125
-0.029296875 -0.009765625
-0.0146484375 -0.0048828125
-0.00732421875 -0.00244140625
-0.003662109375 -0.001220703125
-0.0018310546875 -0.0006103515625
-0.0006103515625 -0.0006103515625
-0.0018310546875 -0.0018310546875
-0.0006103515625 -0.0018310546875
-0.003662109375 -0.003662109375
-0.0018310546875 -0.0030517578125
-0.0006103515625 -0.0030517578125
-0.0018310546875 -0.0042724609375
-0.0006103515625 -0.0042724609375
-0.00732421875 -0.00732421875
-0.003662109375 -0.006103515625
-0.0018310546875 -0.0054931640625
-0.0006103515625 -0.0054931640625
-0.0018310546875 -0.0067138671875
-0.0006103515625 -0.0067138671875
-0.003662109375 -0.008544921875
-0.001220703125 -0.008544921875
-0.0146484375 -0.0146484375
-0.00732421875 -0.01220703125
-0.003662109375 -0.010986328125
-0.001220703125 -0.010986328125
-0.003662109375 -0.013427734375
-0.001220703125 -0.013427734375
-0.00732421875 -0.01708984375
-0.00244140625 -0.01708984375
-0.029296875 -0.029296875
-0.0146484375 -0.0244140625
-0.00732421875 -0.02197265625
-0.00244140625 -0.02197265625
-0.00732421875 -0.02685546875
-0.00244140625 -0.02685546875
-0.0146484375 -0.0341796875
-0.0048828125 -0.0341796875
-0.05859375 -0.05859375
-0.029296875 -0.048828125
-0.009765625 -0.048828125
-0.029296875 -0.068359375
-0.009765625 -0.068359375
-0.05859375 -0.09765625
-0.01953125 -0.09765625
0.00030517578125 -0.00457763671875
0.0006103515625 -0.0067138671875
0.0006103515625 -0.0079345703125
0.0006103515625 -0.0091552734375
0.0018310546875 -0.0091552734375
0.00274658203125 -0.00946044921875
0.0006103515625 -0.0103759765625
0.0018310546875 -0.0103759765625
0.0006103515625 -0.0115966796875
0.0018310546875 -0.0115966796875
0.0030517578125 -0.0103759765625
0.0030517578125 -0.0115966796875
0.001220703125 -0.013427734375
0.003662109375 -0.013427734375
0.0054931640625 -0.0140380859375
0.001220703125 -0.015869140625
0.003662109375 -0.015869140625
0.001220703125 -0.018310546875
0.003662109375 -0.018310546875
0.006103515625 -0.015869140625
0.0079345703125 -0.0164794921875
0.006103515625 -0.018310546875
0.008544921875 -0.018310546875
0.0103759765625 -0.0177001953125
0.0103759765625 -0.0189208984375
0.00244140625 -0.02197265625
0.006103515625 -0.020751953125
0.008544921875 -0.020751953125
0.006103515625 -0.023193359375
0.008544921875 -0.023193359375
0.00244140625 -0.02685546875
0.00732421875 -0.02685546875
0.010986328125 -0.020751953125
0.010986328125 -0.023193359375
0.013427734375 -0.023193359375
0.015869140625 -0.023193359375
0.0177001953125 -0.0238037109375
0.0189208984375 -0.0238037109375
0.01220703125 -0.02685546875
0.015869140625 -0.025634765625
0.018310546875 -0.025634765625
0.015869140625 -0.028076171875
0.018310546875 -0.028076171875
0.0048828125 -0.0341796875
0.01220703125 -0.03173828125
0.01708984375 -0.03173828125
0.01220703125 -0.03662109375
0.01708984375 -0.03662109375
0.020751953125 -0.025634765625
0.0225830078125 -0.0262451171875
0.0238037109375 -0.0262451171875
0.020751953125 -0.028076171875
0.023193359375 -0.028076171875
0.025634765625 -0.028076171875
0.02197265625 -0.03173828125
0.025634765625 -0.030517578125
0.028076171875 -0.030517578125
0.025634765625 -0.032958984375
0.028076171875 -0.032958984375
0.02197265625 -0.03662109375
0.02685546875 -0.03662109375
0.030517578125 -0.030517578125
0.030517578125 -0.032958984375
0.032958984375 -0.032958984375
0.035400390625 -0.032958984375
0.037841796875 -0.032958984375
0.03173828125 -0.03662109375
0.03662109375 -0.03662109375
0.04150390625 -0.03662109375
0.045166015625 -0.035400390625
0.045166015625 -0.037841796875
0.047607421875 -0.037841796875
0.0494384765625 -0.0360107421875
0.050048828125 -0.037841796875
0.052490234375 -0.037841796875
0.0048828125 -0.0439453125
0.0146484375 -0.0439453125
0.0048828125 -0.0537109375
0.0146484375 -0.0537109375
0.0244140625 -0.0439453125
0.0341796875 -0.0439453125
0.0244140625 -0.0537109375
0.0341796875 -0.0537109375
0.009765625 -0.068359375
0.029296875 -0.068359375
0.04150390625 -0.04150390625
0.04638671875 -0.04150390625
0.04150390625 -0.04638671875
0.04638671875 -0.04638671875
0.05126953125 -0.04150390625
0.05615234375 -0.04150390625
0.05126953125 -0.04638671875
0.05615234375 -0.04638671875
0.0439453125 -0.0537109375
0.0537109375 -0.0537109375
0.06103515625 -0.04150390625
0.064697265625 -0.042724609375
0.067138671875 -0.042724609375
0.06103515625 -0.04638671875
0.06591796875 -0.04638671875
0.069580078125 -0.042724609375
0.072021484375 -0.042724609375
0.07080078125 -0.04638671875
0.07568359375 -0.04638671875
0.0634765625 -0.0537109375
0.0732421875 -0.0537109375
0.048828125 -0.068359375
0.0634765625 -0.0634765625
0.0732421875 -0.0634765625
0.0634765625 -0.0732421875
0.0732421875 -0.0732421875
0.08056640625 -0.04638671875
0.08544921875 -0.04638671875
0.089111328125 -0.047607421875
0.091552734375 -0.047607421875
0.093994140625 -0.047607421875
0.096435546875 -0.047607421875
0.08056640625 -0.05126953125
0.08544921875 -0.05126953125
0.08056640625 -0.05615234375
0.08544921875 -0.05615234375
0.09033203125 -0.05126953125
0.09521484375 -0.05126953125
0.09033203125 -0.05615234375
0.09521484375 -0.05615234375
0.0830078125 -0.0634765625
0.0927734375 -0.0634765625
0.0830078125 -0.0732421875
0.0927734375 -0.0732421875
0.01953125 -0.09765625
0.048828125 -0.087890625
0.068359375 -0.087890625
0.087890625 -0.087890625
0.41015625 -0.41015625
0.44921875 -0.41015625
0.41015625 -0.44921875
0.439453125 -0.439453125
0.458984375 -0.439453125
0.439453125 -0.458984375
0.458984375 -0.458984375
0.48828125 -0.41015625
0.517578125 -0.419921875
0.537109375 -0.419921875
0.478515625 -0.439453125
0.498046875 -0.439453125
0.4736328125 -0.4541015625
0.4833984375 -0.4541015625
0.4736328125 -0.4638671875
0.4833984375 -0.4638671875
0.4931640625 -0.4541015625
0.5029296875 -0.4541015625
0.4931640625 -0.4638671875
0.5029296875 -0.4638671875
0.517578125 -0.439453125
0.5322265625 -0.4345703125
0.5419921875 -0.4345703125
0.5322265625 -0.4443359375
0.5419921875 -0.4443359375
0.5126953125 -0.4541015625
0.5224609375 -0.4541015625
0.5126953125 -0.4638671875
0.52001953125 -0.46142578125
0.52490234375 -0.46142578125
0.52001953125 -0.46630859375
0.52490234375 -0.46630859375
0.5322265625 -0.4541015625
0.53955078125 -0.45166015625
0.54443359375 -0.45166015625
0.53955078125 -0.45654296875
0.54443359375 -0.45654296875
0.52978515625 -0.46142578125
0.53466796875 -0.46142578125
0.52978515625 -0.46630859375
0.533447265625 -0.465087890625
0.535888671875 -0.465087890625
0.533447265625 -0.467529296875
0.535888671875 -0.467529296875
0.53955078125 -0.46142578125
0.543212890625 -0.460205078125
0.545654296875 -0.460205078125
0.543212890625 -0.462646484375
0.545654296875 -0.462646484375
0.538330078125 -0.465087890625
0.540771484375 -0.465087890625
0.543212890625 -0.465087890625
0.5450439453125 -0.4644775390625
0.5462646484375 -0.4644775390625
0.556640625 -0.419921875
0.576171875 -0.419921875
0.595703125 -0.419921875
0.5517578125 -0.4345703125
0.5615234375 -0.4345703125
0.5517578125 -0.4443359375
0.5615234375 -0.4443359375
0.5712890625 -0.4345703125
0.5810546875 -0.4345703125
0.5712890625 -0.4443359375
0.5810546875 -0.4443359375
0.54931640625 -0.45166015625
0.55419921875 -0.45166015625
0.54931640625 -0.45654296875
0.55419921875 -0.45654296875
0.55908203125 -0.45166015625
0.56396484375 -0.45166015625
0.55908203125 -0.45654296875
0.56396484375 -0.45654296875
0.548095703125 -0.460205078125
0.550537109375 -0.460205078125
0.548095703125 -0.462646484375
0.550537109375 -0.462646484375
0.552978515625 -0.460205078125
0.555419921875 -0.460205078125
0.557861328125 -0.460205078125
0.560302734375 -0.460205078125
0.56884765625 -0.45166015625
0.57373046875 -0.45166015625
0.56884765625 -0.45654296875
0.572509765625 -0.455322265625
0.574951171875 -0.455322265625
0.57861328125 -0.45166015625
0.58349609375 -0.45166015625
0.577392578125 -0.455322265625
0.579833984375 -0.455322265625
0.582275390625 -0.455322265625
0.5908203125 -0.4345703125
0.58837890625 -0.44189453125
0.59326171875 -0.44189453125
0.58837890625 -0.44677734375
0.59326171875 -0.44677734375
0.59814453125 -0.44189453125
0.59814453125 -0.44677734375
0.58837890625 -0.45166015625
0.59326171875 -0.45166015625
0.596923828125 -0.450439453125
0.599365234375 -0.450439453125
0.41015625 -0.48828125
0.439453125 -0.478515625
0.458984375 -0.478515625
0.439453125 -0.498046875
0.458984375 -0.498046875
0.41015625 -0.52734375
0.439453125 -0.517578125
0.458984375 -0.517578125
0.439453125 -0.537109375
0.458984375 -0.537109375
0.41015625 -0.56640625
0.439453125 -0.556640625
0.458984375 -0.556640625
0.439453125 -0.576171875
0.458984375 -0.576171875
0.4736328125 -0.4736328125
0.4833984375 -0.4736328125
0.4736328125 -0.4833984375
0.4833984375 -0.4833984375
0.49072265625 -0.47119140625
0.49560546875 -0.47119140625
0.49072265625 -0.47607421875
0.49560546875 -0.47607421875
0.50048828125 -0.47119140625
0.50537109375 -0.47119140625
0.50048828125 -0.47607421875
0.50537109375 -0.47607421875
0.49072265625 -0.48095703125
0.49560546875 -0.48095703125
0.49072265625 -0.48583984375
0.49560546875 -0.48583984375
0.499267578125 -0.479736328125
0.501708984375 -0.479736328125
0.499267578125 -0.482177734375
0.501708984375 -0.482177734375
0.504150390625 -0.479736328125
0.506591796875 -0.479736328125
0.504150390625 -0.482177734375
0.506591796875 -0.482177734375
0.499267578125 -0.484619140625
0.501708984375 -0.484619140625
0.499267578125 -0.487060546875
0.501708984375 -0.487060546875
0.5035400390625 -0.4840087890625
0.5047607421875 -0.4840087890625
0.5035400390625 -0.4852294921875
0.5047607421875 -0.4852294921875
0.5059814453125 -0.4840087890625
0.5072021484375 -0.4840087890625
0.5059814453125 -0.4852294921875
0.5035400390625 -0.4864501953125
0.5047607421875 -0.4864501953125
0.5035400390625 -0.4876708984375
0.50567626953125 -0.48614501953125
0.4736328125 -0.4931640625
0.4833984375 -0.4931640625
0.4736328125 -0.5029296875
0.4833984375 -0.5029296875
0.49072265625 -0.49072265625
0.494384765625 -0.489501953125
0.496826171875 -0.489501953125
0.494384765625 -0.491943359375
0.496826171875 -0.491943359375
0.49072265625 -0.49560546875
0.494384765625 -0.494384765625
0.496826171875 -0.494384765625
0.494384765625 -0.496826171875
0.496826171875 -0.496826171875
0.499267578125 -0.489501953125
0.5010986328125 -0.4888916015625
0.5023193359375 -0.4888916015625
0.5010986328125 -0.4901123046875
0.5023193359375 -0.4901123046875
0.499267578125 -0.491943359375
0.5010986328125 -0.4913330078125
0.50201416015625 -0.49102783203125
0.5010986328125 -0.4925537109375
0.4986572265625 -0.4937744140625
0.4998779296875 -0.4937744140625
0.4986572265625 -0.4949951171875
0.4998779296875 -0.4949951171875
0.4986572265625 -0.4962158203125
0.4986572265625 -0.4974365234375
0.49957275390625 -0.49713134765625
0.49957275390625 -0.49774169921875
0.49072265625 -0.50048828125
0.494384765625 -0.499267578125
0.496826171875 -0.499267578125
0.494384765625 -0.501708984375
0.496826171875 -0.501708984375
0.49072265625 -0.50537109375
0.494384765625 -0.504150390625
0.496826171875 -0.504150390625
0.494384765625 -0.506591796875
0.496826171875 -0.506591796875
0.4986572265625 -0.4986572265625
0.4986572265625 -0.4998779296875
0.49957275390625 -0.49957275390625
0.49957275390625 -0.50018310546875
0.4986572265625 -0.5010986328125
0.4986572265625 -0.5023193359375
0.4986572265625 -0.5035400390625
0.49957275390625 -0.50323486328125
0.49957275390625 -0.50384521484375
0.4986572265625 -0.5047607421875
0.4998779296875 -0.5047607421875
0.4986572265625 -0.5059814453125
0.4998779296875 -0.5059814453125
0.4986572265625 -0.5072021484375
0.4998779296875 -0.5072021484375
0.50079345703125 -0.50628662109375
0.5010986328125 -0.5072021484375
0.51025390625 -0.47119140625
0.51513671875 -0.47119140625
0.509033203125 -0.474853515625
0.511474609375 -0.474853515625
0.509033203125 -0.477294921875
0.511474609375 -0.477294921875
0.513916015625 -0.474853515625
0.516357421875 -0.474853515625
0.513916015625 -0.477294921875
0.52001953125 -0.47119140625
0.518798828125 -0.474853515625
0.5181884765625 -0.4766845703125
0.509033203125 -0.479736328125
0.511474609375 -0.479736328125
0.5108642578125 -0.4815673828125
0.5133056640625 -0.4791259765625
0.5145263671875 -0.4791259765625
0.528564453125 -0.469970703125
0.4736328125 -0.5126953125
0.4833984375 -0.5126953125
0.4736328125 -0.5224609375
0.4833984375 -0.5224609375
0.49072265625 -0.51025390625
0.494384765625 -0.509033203125
0.496826171875 -0.509033203125
0.494384765625 -0.511474609375
0.496826171875 -0.511474609375
0.49072265625 -0.51513671875
0.49560546875 -0.51513671875
0.499267578125 -0.509033203125
0.5010986328125 -0.5084228515625
0.50201416015625 -0.50872802734375
0.5010986328125 -0.5096435546875
0.5023193359375 -0.5096435546875
0.499267578125 -0.511474609375
0.501708984375 -0.511474609375
0.5035400390625 -0.5120849609375
0.499267578125 -0.513916015625
0.501708984375 -0.513916015625
0.499267578125 -0.516357421875
0.501708984375 -0.516357421875
0.5035400390625 -0.5133056640625
0.5047607421875 -0.5133056640625
0.5035400390625 -0.5145263671875
0.5047607421875 -0.5145263671875
0.50567626953125 -0.51361083984375
0.5059814453125 -0.5145263671875
0.504150390625 -0.516357421875
0.506591796875 -0.516357421875
0.49072265625 -0.52001953125
0.49560546875 -0.52001953125
0.49072265625 -0.52490234375
0.49560546875 -0.52490234375
0.50048828125 -0.52001953125
0.504150390625 -0.518798828125
0.506591796875 -0.518798828125
0.504150390625 -0.521240234375
0.506591796875 -0.521240234375
0.50048828125 -0.52490234375
0.50537109375 -0.52490234375
0.4736328125 -0.5322265625
0.4833984375 -0.5322265625
0.4736328125 -0.5419921875
0.4833984375 -0.5419921875
0.4931640625 -0.5322265625
0.5029296875 -0.5322265625
0.4931640625 -0.5419921875
0.5029296875 -0.5419921875
0.5084228515625 -0.5169677734375
0.509033203125 -0.518798828125
0.5108642578125 -0.5194091796875
0.5120849609375 -0.5194091796875
0.509033203125 -0.521240234375
0.511474609375 -0.521240234375
0.5157470703125 -0.5218505859375
0.51025390625 -0.52490234375
0.513916015625 -0.523681640625
0.516357421875 -0.523681640625
0.513916015625 -0.526123046875
0.516357421875 -0.526123046875
0.518798828125 -0.526123046875
0.521240234375 -0.526123046875
0.5255126953125 -0.5267333984375
0.51025390625 -0.52978515625
0.51513671875 -0.52978515625
0.51025390625 -0.53466796875
0.51513671875 -0.53466796875
0.52001953125 -0.52978515625
0.523681640625 -0.528564453125
0.526123046875 -0.528564453125
0.523681640625 -0.531005859375
0.526123046875 -0.531005859375
0.52001953125 -0.53466796875
0.52490234375 -0.53466796875
0.5126953125 -0.5419921875
0.5224609375 -0.5419921875
0.5303955078125 -0.5291748046875
0.528564453125 -0.531005859375
0.531005859375 -0.531005859375
0.533447265625 -0.531005859375
0.5352783203125 -0.5316162109375
0.52978515625 -0.53466796875
0.533447265625 -0.533447265625
0.535888671875 -0.533447265625
0.533447265625 -0.535888671875
0.535888671875 -0.535888671875
0.538330078125 -0.533447265625
0.538330078125 -0.535888671875
0.540771484375 -0.535888671875
0.543212890625 -0.535888671875
0.545654296875 -0.535888671875
0.52978515625 -0.53955078125
0.53466796875 -0.53955078125
0.52978515625 -0.54443359375
0.53466796875 -0.54443359375
0.53955078125 -0.53955078125
0.54443359375 -0.53955078125
0.53955078125 -0.54443359375
0.54443359375 -0.54443359375
0.54931640625 -0.53955078125
0.55419921875 -0.53955078125
0.54931640625 -0.54443359375
0.55419921875 -0.54443359375
0.557861328125 -0.540771484375
0.560302734375 -0.540771484375
0.562744140625 -0.540771484375
0.565185546875 -0.540771484375
0.55908203125 -0.54443359375
0.56396484375 -0.54443359375
0.56884765625 -0.54443359375
0.57373046875 -0.54443359375
0.577392578125 -0.545654296875
0.579833984375 -0.545654296875
0.582275390625 -0.545654296875
0.584716796875 -0.545654296875
0.478515625 -0.556640625
0.498046875 -0.556640625
0.478515625 -0.576171875
0.498046875 -0.576171875
0.5126953125 -0.5517578125
0.5224609375 -0.5517578125
0.5126953125 -0.5615234375
0.5224609375 -0.5615234375
0.5322265625 -0.5517578125
0.5419921875 -0.5517578125
0.5322265625 -0.5615234375
0.5419921875 -0.5615234375
0.517578125 -0.576171875
0.537109375 -0.576171875
0.5517578125 -0.5517578125
0.5615234375 -0.5517578125
0.5517578125 -0.5615234375
0.5615234375 -0.5615234375
0.56884765625 -0.54931640625
0.57373046875 -0.54931640625
0.56884765625 -0.55419921875
0.57373046875 -0.55419921875
0.57861328125 -0.54931640625
0.58349609375 -0.54931640625
0.57861328125 -0.55419921875
0.58349609375 -0.55419921875
0.5712890625 -0.5615234375
0.5810546875 -0.5615234375
0.556640625 -0.576171875
0.576171875 -0.576171875
0.58837890625 -0.54931640625
0.59326171875 -0.54931640625
0.58837890625 -0.55419921875
0.59326171875 -0.55419921875
0.59814453125 -0.54931640625
0.59814453125 -0.55419921875
0.5908203125 -0.5615234375
0.595703125 -0.576171875
0.595703125 -0.595703125
1000 1000
