0.10000000E+01  -0.33050335E-08
0.99961452E+00  -0.54680995E-04
0.99845867E+00  -0.21847076E-03
0.99653423E+00  -0.49064541E-03
0.99384417E+00  -0.87000181E-03
0.99039264E+00  -0.13548741E-02
0.98618496E+00  -0.19431516E-02
0.98122762E+00  -0.26323008E-02
0.97552826E+00  -0.34193920E-02
0.96909567E+00  -0.43011278E-02
0.96193976E+00  -0.52738751E-02
0.95407158E+00  -0.63336983E-02
0.94550326E+00  -0.74763934E-02
0.93624800E+00  -0.86975220E-02
0.92632008E+00  -0.99924446E-02
0.91573480E+00  -0.11356353E-01
0.90450849E+00  -0.12784299E-01
0.89265846E+00  -0.14271221E-01
0.88020298E+00  -0.15811968E-01
0.86716125E+00  -0.17401321E-01
0.85355338E+00  -0.19034003E-01
0.83940036E+00  -0.20704695E-01
0.82472402E+00  -0.22408040E-01
0.80954696E+00  -0.24138646E-01
0.79389262E+00  -0.25891086E-01
0.77778511E+00  -0.27659891E-01
0.76124927E+00  -0.29439542E-01
0.74431061E+00  -0.31224462E-01
0.72699524E+00  -0.33009000E-01
0.70932985E+00  -0.34787421E-01
0.69134170E+00  -0.36553889E-01
0.67305851E+00  -0.38302460E-01
0.65450848E+00  -0.40027067E-01
0.63572021E+00  -0.41721512E-01
0.61672266E+00  -0.43379464E-01
0.59754514E+00  -0.44994456E-01
0.57821721E+00  -0.46559890E-01
0.55876868E+00  -0.48069046E-01
0.53922953E+00  -0.49515100E-01
0.51962989E+00  -0.50891139E-01
0.49999998E+00  -0.52190198E-01
0.48037007E+00  -0.53405285E-01
0.46077043E+00  -0.54529426E-01
0.44123128E+00  -0.55555707E-01
0.42178274E+00  -0.56477327E-01
0.40245481E+00  -0.57287648E-01
0.38327729E+00  -0.57980257E-01
0.36427975E+00  -0.58549022E-01
0.34549148E+00  -0.58988155E-01
0.32694145E+00  -0.59292272E-01
0.30865826E+00  -0.59456454E-01
0.29067011E+00  -0.59476301E-01
0.27300472E+00  -0.59347987E-01
0.25568935E+00  -0.59068310E-01
0.23875069E+00  -0.58634728E-01
0.22221486E+00  -0.58045399E-01
0.20610735E+00  -0.57299204E-01
0.19045300E+00  -0.56395761E-01
0.17527595E+00  -0.55335438E-01
0.16059960E+00  -0.54119340E-01
0.14644659E+00  -0.52749302E-01
0.13283872E+00  -0.51227859E-01
0.11979700E+00  -0.49558208E-01
0.10734151E+00  -0.47744167E-01
0.95491482E-01  -0.45790110E-01
0.84265174E-01  -0.43700910E-01
0.73679899E-01  -0.41481857E-01
0.63751979E-01  -0.39138582E-01
0.54496721E-01  -0.36676971E-01
0.45928397E-01  -0.34103072E-01
0.38060219E-01  -0.31423002E-01
0.30904319E-01  -0.28642857E-01
0.24471730E-01  -0.25768618E-01
0.18772371E-01  -0.22806055E-01
0.13815030E-01  -0.19760650E-01
0.96073518E-02  -0.16637510E-01
0.61558232E-02  -0.13441297E-01
0.34657666E-02  -0.10176160E-01
0.15413298E-02  -0.68456856E-02
0.38548018E-03  -0.34528510E-02
0.18873791E-14   0.77047829E-08
0.38548362E-03   0.34528662E-02
0.15413366E-02   0.68457005E-02
0.34657769E-02   0.10176174E-01
0.61558369E-02   0.13441311E-01
0.96073689E-02   0.16637524E-01
0.13815051E-01   0.19760664E-01
0.18772395E-01   0.22806069E-01
0.24471757E-01   0.25768631E-01
0.30904349E-01   0.28642870E-01
0.38060253E-01   0.31423014E-01
0.45928434E-01   0.34103083E-01
0.54496761E-01   0.36676983E-01
0.63752021E-01   0.39138593E-01
0.73679945E-01   0.41481867E-01
0.84265223E-01   0.43700920E-01
0.95491534E-01   0.45790119E-01
0.10734157E+00   0.47744175E-01
0.11979705E+00   0.49558216E-01
0.13283878E+00   0.51227866E-01
0.14644665E+00   0.52749309E-01
0.16059967E+00   0.54119346E-01
0.17527602E+00   0.55335443E-01
0.19045307E+00   0.56395766E-01
0.20610742E+00   0.57299207E-01
0.22221493E+00   0.58045402E-01
0.23875077E+00   0.58634730E-01
0.25568943E+00   0.59068311E-01
0.27300480E+00   0.59347988E-01
0.29067019E+00   0.59476301E-01
0.30865834E+00   0.59456453E-01
0.32694153E+00   0.59292271E-01
0.34549156E+00   0.58988153E-01
0.36427983E+00   0.58549019E-01
0.38327738E+00   0.57980254E-01
0.40245490E+00   0.57287644E-01
0.42178283E+00   0.56477323E-01
0.44123136E+00   0.55555703E-01
0.46077052E+00   0.54529421E-01
0.48037016E+00   0.53405280E-01
0.50000007E+00   0.52190192E-01
0.51962997E+00   0.50891133E-01
0.53922961E+00   0.49515093E-01
0.55876877E+00   0.48069040E-01
0.57821730E+00   0.46559883E-01
0.59754523E+00   0.44994449E-01
0.61672275E+00   0.43379457E-01
0.63572029E+00   0.41721505E-01
0.65450856E+00   0.40027059E-01
0.67305859E+00   0.38302452E-01
0.69134178E+00   0.36553881E-01
0.70932993E+00   0.34787413E-01
0.72699531E+00   0.33008992E-01
0.74431068E+00   0.31224454E-01
0.76124934E+00   0.29439534E-01
0.77778518E+00   0.27659883E-01
0.79389269E+00   0.25891078E-01
0.80954703E+00   0.24138638E-01
0.82472408E+00   0.22408032E-01
0.83940043E+00   0.20704687E-01
0.85355344E+00   0.19033996E-01
0.86716131E+00   0.17401314E-01
0.88020303E+00   0.15811961E-01
0.89265851E+00   0.14271214E-01
0.90450854E+00   0.12784292E-01
0.91573485E+00   0.11356347E-01
0.92632012E+00   0.99924387E-02
0.93624804E+00   0.86975164E-02
0.94550330E+00   0.74763882E-02
0.95407162E+00   0.63336934E-02
0.96193980E+00   0.52738706E-02
0.96909570E+00   0.43011236E-02
0.97552828E+00   0.34193883E-02
0.98122764E+00   0.26322975E-02
0.98618498E+00   0.19431487E-02
0.99039266E+00   0.13548717E-02
0.99384418E+00   0.86999989E-03
0.99653424E+00   0.49064395E-03
0.99845867E+00   0.21846979E-03
0.99961452E+00   0.54680508E-04
