2338 6 3 3 0
2330 6 3 3 0
2329 6 3 3 0
2324 6 3 3 0
2323 6 3 3 0
2325 6 3 3 0
2322 6 3 3 0
2321 6 3 3 0
2306 6 3 3 0
2307 6 3 3 0
2307 6 3 3 0
2305 6 3 3 0
2305 6 3 3 0
2304 6 3 3 0
21 6 3 3 0
2303 6 3 3 0
2302 6 3 3 0
2302 6 3 3 0
2293 6 3 3 0
2293 6 3 3 0
27 6 3 3 0
28 6 3 3 0
2292 6 3 3 0
2291 6 3 3 0
2290 6 3 3 0
2289 6 3 3 0
2270 6 3 3 0
2264 6 3 3 0
2266 6 3 3 0
2266 6 3 3 0
2265 6 3 3 0
2261 6 3 3 0
2261 6 3 3 0
2259 6 3 3 0
2258 6 3 3 0
2257 6 3 3 0
2248 6 3 3 0
2247 6 3 3 0
2246 6 3 3 0
2245 6 3 3 0
2245 6 3 3 0
2250 6 3 3 0
2249 6 3 3 0
2249 6 3 3 0
2210 6 3 3 0
2210 6 3 3 0
2209 6 3 3 0
2209 6 3 3 0
57 6 3 3 0
2205 6 3 3 0
2204 6 3 3 0
2203 6 3 3 0
2200 6 3 3 0
2199 6 3 3 0
2201 6 3 3 0
2198 6 3 3 0
2197 6 3 3 0
2197 6 3 3 0
2179 6 3 3 0
2179 6 3 3 0
2178 6 3 3 0
71 6 3 3 0
2177 6 3 3 0
2176 6 3 3 0
2175 6 3 3 0
2174 6 3 3 0
2184 6 3 3 0
2181 6 3 3 0
2180 6 3 3 0
2155 6 3 3 0
2155 6 3 3 0
2154 6 3 3 0
83 6 3 3 0
2151 6 3 3 0
2150 6 3 3 0
2147 6 3 3 0
2146 6 3 3 0
2143 6 3 3 0
2144 6 3 3 0
2144 6 3 3 0
2140 6 3 3 0
2139 6 3 3 0
94 6 3 3 0
93 6 3 3 0
2136 6 3 3 0
2136 6 3 3 0
2135 6 3 3 0
2130 6 3 3 0
2129 6 3 3 0
2131 6 3 3 0
2100 6 3 3 0
103 6 3 3 0
104 6 3 3 0
105 6 3 3 0
2115 7 4 3 0
2099 6 3 3 0
2098 6 3 3 0
2097 6 3 3 0
2096 6 3 3 0
2095 6 3 3 0
2094 6 3 3 0
2093 6 3 3 0
2092 6 3 3 0
2092 6 3 3 0
2091 6 3 3 0
2101 6 3 3 0
2101 6 3 3 0
2086 6 3 3 0
2086 6 3 3 0
2085 6 3 3 0
2085 6 3 3 0
2080 6 3 3 0
2080 6 3 3 0
2079 6 3 3 0
2076 6 3 3 0
2076 6 3 3 0
2077 7 4 3 0
2071 6 3 3 0
2070 6 3 3 0
2069 6 3 3 0
2068 6 3 3 0
2065 6 3 3 0
2064 6 3 3 0
2063 6 3 3 0
2062 6 3 3 0
2024 6 3 3 0
2023 6 3 3 0
2022 6 3 3 0
2021 6 3 3 0
2021 6 3 3 0
2020 6 3 3 0
2020 6 3 3 0
2014 6 3 3 0
2014 6 3 3 0
2013 6 3 3 0
2013 6 3 3 0
2012 6 3 3 0
2012 6 3 3 0
2011 6 3 3 0
2011 6 3 3 0
152 6 3 3 0
2001 6 3 3 0
2000 6 3 3 0
1999 6 3 3 0
1998 6 3 3 0
1997 6 3 3 0
1996 6 3 3 0
1995 6 3 3 0
1986 6 3 3 0
1985 6 3 3 0
1984 6 3 3 0
1983 6 3 3 0
1982 6 3 3 0
1981 6 3 3 0
1980 6 3 3 0
1957 6 3 3 0
1957 6 3 3 0
1956 6 3 3 0
1956 6 3 3 0
1953 6 3 3 0
1953 6 3 3 0
1952 6 3 3 0
1952 6 3 3 0
1949 6 3 3 0
1949 6 3 3 0
1948 6 3 3 0
1948 6 3 3 0
1945 6 3 3 0
1945 6 3 3 0
1944 6 3 3 0
1944 6 3 3 0
1941 6 3 3 0
1941 6 3 3 0
1940 6 3 3 0
1940 6 3 3 0
1937 6 3 3 0
1937 6 3 3 0
190 6 3 3 0
1934 6 3 3 0
1933 6 3 3 0
1930 6 3 3 0
1929 6 3 3 0
1928 6 3 3 0
1927 6 3 3 0
1924 6 3 3 0
1923 6 3 3 0
1922 6 3 3 0
1921 6 3 3 0
1890 6 3 3 0
1889 6 3 3 0
1888 6 3 3 0
1887 6 3 3 0
1884 6 3 3 0
1882 6 3 3 0
1881 6 3 3 0
1880 6 3 3 0
1879 6 3 3 0
1876 6 3 3 0
1875 6 3 3 0
1874 6 3 3 0
1873 6 3 3 0
1870 6 3 3 0
1868 6 3 3 0
1867 6 3 3 0
1864 6 3 3 0
1861 6 3 3 0
1858 6 3 3 0
1858 6 3 3 0
1857 6 3 3 0
1852 6 3 3 0
1852 6 3 3 0
1851 6 3 3 0
1848 6 3 3 0
1847 6 3 3 0
1842 6 3 3 0
1842 6 3 3 0
1841 6 3 3 0
1838 6 3 3 0
1826 6 3 3 0
1825 6 3 3 0
1832 6 3 3 0
1831 6 3 3 0
1824 6 3 3 0
1823 6 3 3 0
1800 6 3 3 0
1799 6 3 3 0
1798 6 3 3 0
1798 6 3 3 0
1797 6 3 3 0
1796 6 3 3 0
1796 6 3 3 0
1794 6 3 3 0
1793 6 3 3 0
1792 6 3 3 0
1790 6 3 3 0
1789 6 3 3 0
1778 6 3 3 0
1775 6 3 3 0
1775 6 3 3 0
1774 6 3 3 0
1771 6 3 3 0
1765 6 3 3 0
1764 6 3 3 0
1763 6 3 3 0
1761 6 3 3 0
1760 6 3 3 0
1755 6 3 3 0
1755 6 3 3 0
1754 6 3 3 0
1753 6 3 3 0
1752 6 3 3 0
1749 6 3 3 0
269 6 3 3 0
1742 6 3 3 0
1742 6 3 3 0
1741 6 3 3 0
1726 6 3 3 0
1725 6 3 3 0
1724 6 3 3 0
1721 6 3 3 0
1720 6 3 3 0
1719 6 3 3 0
1717 6 3 3 0
1716 6 3 3 0
1716 6 3 3 0
1713 6 3 3 0
1708 6 3 3 0
1708 6 3 3 0
1705 6 3 3 0
1704 6 3 3 0
1702 6 3 3 0
1701 7 4 3 0
1700 6 3 3 0
1689 6 3 3 0
294 6 3 3 0
1686 6 3 3 0
1686 6 3 3 0
297 6 3 3 0
300 6 3 3 0
299 6 3 3 0
300 6 3 3 0
1674 6 3 3 0
1672 6 3 3 0
303 6 3 3 0
1671 6 3 3 0
1666 6 3 3 0
306 6 3 3 0
309 6 3 3 0
308 6 3 3 0
1662 6 3 3 0
1657 6 3 3 0
314 6 3 3 0
313 6 3 3 0
315 6 3 3 0
1652 7 4 3 0
317 6 3 3 0
320 6 3 3 0
319 6 3 3 0
320 6 3 3 0
321 6 3 3 0
324 6 3 3 0
323 6 3 3 0
324 6 3 3 0
894 7 3 4 0
326 6 3 3 0
330 6 3 3 0
329 6 3 3 0
892 6 3 3 0
332 6 3 3 0
335 6 3 3 0
334 6 3 3 0
337 6 3 3 0
886 6 3 3 0
337 6 3 3 0
340 6 3 3 0
877 6 3 3 0
340 6 3 3 0
888 6 3 3 0
344 6 3 3 0
343 6 3 3 0
346 6 3 3 0
345 6 3 3 0
845 6 3 3 0
349 6 3 3 0
849 6 3 3 0
866 6 3 3 0
867 7 3 4 0
868 6 3 3 0
353 6 3 3 0
869 6 3 3 0
856 6 3 3 0
856 6 3 3 0
861 6 3 3 0
862 6 3 3 0
862 6 3 3 0
863 6 3 3 0
362 6 3 3 0
895 6 3 3 0
898 6 3 3 0
901 6 3 3 0
367 6 3 3 0
900 6 3 3 0
369 6 3 3 0
815 6 3 3 0
815 6 3 3 0
374 6 3 3 0
822 6 3 3 0
825 6 3 3 0
826 6 3 3 0
377 6 3 3 0
824 6 3 3 0
824 6 3 3 0
918 6 3 3 0
919 6 3 3 0
921 6 3 3 0
922 6 3 3 0
923 6 3 3 0
386 6 3 3 0
926 6 3 3 0
927 6 3 3 0
927 6 3 3 0
930 6 3 3 0
941 6 3 3 0
942 6 3 3 0
940 6 3 3 0
945 6 3 3 0
946 6 3 3 0
944 6 3 3 0
944 6 3 3 0
947 6 3 3 0
948 6 3 3 0
948 6 3 3 0
949 6 3 3 0
950 6 3 3 0
991 6 3 3 0
992 6 3 3 0
979 6 3 3 0
980 6 3 3 0
993 6 3 3 0
994 6 3 3 0
986 6 3 3 0
989 6 3 3 0
990 6 3 3 0
990 6 3 3 0
999 6 3 3 0
1000 6 3 3 0
1003 6 3 3 0
1004 6 3 3 0
1004 6 3 3 0
1009 6 3 3 0
1010 6 3 3 0
1010 6 3 3 0
1011 6 3 3 0
1016 6 3 3 0
1019 6 3 3 0
1020 6 3 3 0
1018 6 3 3 0
1023 6 3 3 0
1024 6 3 3 0
1025 6 3 3 0
1026 6 3 3 0
1029 6 3 3 0
1030 6 3 3 0
1033 6 3 3 0
1034 6 3 3 0
1032 6 3 3 0
1037 6 3 3 0
1038 6 3 3 0
1039 6 3 3 0
1040 6 3 3 0
1071 6 3 3 0
1072 6 3 3 0
1073 6 3 3 0
1074 6 3 3 0
1077 6 3 3 0
1078 6 3 3 0
1079 6 3 3 0
1080 6 3 3 0
1085 6 3 3 0
1086 6 3 3 0
453 6 3 3 0
1087 6 3 3 0
1087 6 3 3 0
1090 6 3 3 0
1090 6 3 3 0
1091 6 3 3 0
1091 6 3 3 0
1094 6 3 3 0
1094 6 3 3 0
1095 6 3 3 0
1095 6 3 3 0
1098 6 3 3 0
1098 6 3 3 0
1099 6 3 3 0
1099 6 3 3 0
1102 6 3 3 0
1102 6 3 3 0
1103 6 3 3 0
1103 6 3 3 0
1106 6 3 3 0
1106 6 3 3 0
1107 6 3 3 0
1107 6 3 3 0
1133 6 3 3 0
1134 6 3 3 0
1135 6 3 3 0
1136 6 3 3 0
1137 6 3 3 0
1138 6 3 3 0
1139 6 3 3 0
1148 6 3 3 0
1149 6 3 3 0
1150 6 3 3 0
1151 6 3 3 0
1152 6 3 3 0
1153 6 3 3 0
1154 6 3 3 0
491 6 3 3 0
1161 6 3 3 0
1161 6 3 3 0
1162 6 3 3 0
1162 6 3 3 0
1163 6 3 3 0
1163 6 3 3 0
1164 6 3 3 0
1164 6 3 3 0
1167 6 3 3 0
1167 6 3 3 0
1168 6 3 3 0
1168 6 3 3 0
1171 6 3 3 0
1172 6 3 3 0
1173 6 3 3 0
1202 6 3 3 0
1203 6 3 3 0
1204 6 3 3 0
1205 6 3 3 0
1208 6 3 3 0
1209 6 3 3 0
1210 6 3 3 0
1211 6 3 3 0
1216 7 3 4 0
1218 6 3 3 0
1218 6 3 3 0
1221 6 3 3 0
1222 6 3 3 0
1222 6 3 3 0
1225 6 3 3 0
1225 6 3 3 0
1226 6 3 3 0
1226 6 3 3 0
1231 6 3 3 0
1231 6 3 3 0
1247 6 3 3 0
1248 6 3 3 0
1248 6 3 3 0
1249 6 3 3 0
1250 6 3 3 0
1251 6 3 3 0
1252 6 3 3 0
1253 6 3 3 0
1254 6 3 3 0
1255 6 3 3 0
539 7 3 4 0
538 6 3 3 0
539 6 3 3 0
540 6 3 3 0
1256 6 3 3 0
1281 6 3 3 0
1287 6 3 3 0
1288 6 3 3 0
1285 6 3 3 0
1286 6 3 3 0
1286 6 3 3 0
550 6 3 3 0
549 6 3 3 0
1291 6 3 3 0
1292 6 3 3 0
1295 6 3 3 0
1295 6 3 3 0
1297 6 3 3 0
1298 6 3 3 0
1299 6 3 3 0
1304 6 3 3 0
1305 6 3 3 0
560 6 3 3 0
1308 6 3 3 0
1309 6 3 3 0
1309 6 3 3 0
1322 6 3 3 0
1323 6 3 3 0
1326 6 3 3 0
1335 6 3 3 0
1336 6 3 3 0
1337 6 3 3 0
1338 6 3 3 0
572 6 3 3 0
1339 6 3 3 0
1340 6 3 3 0
1340 6 3 3 0
1349 6 3 3 0
1349 6 3 3 0
1350 6 3 3 0
1351 6 3 3 0
1353 6 3 3 0
1354 6 3 3 0
1357 6 3 3 0
1358 6 3 3 0
1359 6 3 3 0
586 6 3 3 0
1363 6 3 3 0
1363 6 3 3 0
1364 6 3 3 0
1364 6 3 3 0
1399 6 3 3 0
1399 6 3 3 0
1400 6 3 3 0
1405 6 3 3 0
1405 6 3 3 0
1406 6 3 3 0
1407 6 3 3 0
1408 6 3 3 0
1417 6 3 3 0
1418 6 3 3 0
1421 6 3 3 0
1423 6 3 3 0
1423 6 3 3 0
1426 6 3 3 0
1427 6 3 3 0
1427 6 3 3 0
1432 6 3 3 0
1431 6 3 3 0
1457 6 3 3 0
1458 6 3 3 0
1459 6 3 3 0
1460 6 3 3 0
615 6 3 3 0
616 6 3 3 0
1461 6 3 3 0
1461 6 3 3 0
1464 6 3 3 0
1464 6 3 3 0
1465 6 3 3 0
622 6 3 3 0
1468 6 3 3 0
1469 6 3 3 0
1469 6 3 3 0
1470 6 3 3 0
1470 6 3 3 0
1472 6 3 3 0
1481 6 3 3 0
1482 6 3 3 0
1483 6 3 3 0
1485 6 3 3 0
1486 6 3 3 0
1491 6 3 3 0
1492 6 3 3 0
1504 6 3 3 0
