221 inf 1.33333331968 3.0 3.000000000000001
501 3.306594243524127 3.165880006232697 1.4136954672918833 5.653222742608673e+16
523 3.8613533000608604 3.197676767607568 1.1255318261862084 3.0192271980805916e+16
543 4.712476547208071 1.9387488757247577 3.9327768321804397 24.07965572595808
548 1.9002353291950878 11.356388884897976 2.307341449242044 4148.874672525239
559 4.722192781956092 1.4180107775784419 2.5067899544432453 6.919947502400193e+16
742 3.0000000000000906 1.6532847830396322 1.0000001748480054 66.01713162847729
745 1.5273352173741304 3.0000000000000906 1.0000001748480054 48.61248640387174
810 2.1140880725326596 3.270081890938173 1.500000000000028 86.68766067968446
845 2.5447662037700898 3.598752053971589 1.093621215734819 5.165847500808998e+17
952 2.147882917302875 2.7828363894686925 1.5000000000000364 30.760777587253646
980 6.189638520813333 10.373369169586233 2.775290494521817 1.8132242468231174e+17
1057 11.356390835764664 2.557412969263612 2.3073412699243545 42.187629004895676
1072 2.051783118823256 3.3310968033880934 1.06305374028769 inf
1120 2.245721486124673 3.8564837077714342 1.1878874645974578 1.2266057920728312e+17
1162 3.0000000000000577 3.0542080112245533 1.0000001966080463 200.11469229098373
1181 3.0000000000000577 2.870997974973883 1.7296816421705683 inf
1182 1.942297579677942 3.0000000000000577 1.0000001966080463 23.041015945830043
1191 3.0000000000000577 1.7126524943192591 1.0000001966080463 30.84210351550311
1420 inf 1.33333331968 3.000000000000001 3.0
1471 4.712476547208071 1.9387488757247577 24.07965572595808 3.9327768321804397
1510 3.8613533000608604 3.197676767607568 3.0192271980805916e+16 1.1255318261862084
1517 1.9002353291950878 11.356388884897976 4148.874672525239 2.307341449242044
1553 3.306594243524127 3.165880006232697 5.653222742608673e+16 1.4136954672918833
1572 4.722192781956092 1.4180107775784419 6.919947502400193e+16 2.5067899544432453
1731 3.0000000000000906 1.6532847830396322 66.01713162847729 1.0000001748480054
1734 1.5273352173741304 3.0000000000000906 48.61248640387174 1.0000001748480054
1825 2.1140880725326596 3.270081890938173 86.68766067968446 1.500000000000028
1858 2.5447662037700898 3.598752053971589 5.165847500808998e+17 1.093621215734819
1965 2.147882917302875 2.7828363894686925 30.760777587253646 1.5000000000000364
1983 6.189638520813333 10.373369169586233 1.8132242468231174e+17 2.775290494521817
2076 11.356390835764664 2.557412969263612 42.187629004895676 2.3073412699243545
2089 2.051783118823256 3.3310968033880934 inf 1.06305374028769
2167 2.245721486124673 3.8564837077714342 1.2266057920728312e+17 1.1878874645974578
2201 3.0000000000000577 3.0542080112245533 200.11469229098373 1.0000001966080463
2212 3.0000000000000577 2.870997974973883 inf 1.7296816421705683
2213 1.942297579677942 3.0000000000000577 23.041015945830043 1.0000001966080463
2222 3.0000000000000577 1.7126524943192591 30.84210351550311 1.0000001966080463
