18 7.257533662062258 7.2575336620622615
26 6.403592229873549 6.40359222987355
68 6.182889492569497 6.1828894925694975
80 7.219472693988519 7.219472693988517
81 6.203369465258184 6.203369465258187
91 7.312884317608282 7.312884317608281
101 8.237067820051093 8.237067820051092
136 6.410145461668048 6.410145461668044
137 15.783632792999779 15.783632792999782
164 6.043986559441887 6.043986559441888
165 14.368672824691652 14.368672824691647
184 6.040507116484844 6.040507116484845
186 6.878084010812335 6.878084010812335
218 6.2093206140725785 6.20932061407258
221 6.126197218037746 6.126197218037746
239 8.13655574224701 8.136555742247007
251 9.411304549694668 9.411304549694671
256 9.307151041848238 9.30715104184824
265 10.911302583007599 10.911302583007602
299 9.173366313857326 9.17336631385733
319 6.819286340953409 6.819286340953409
320 6.768516851473465 6.768516851473461
321 6.768516851473465 6.768516851473461
322 6.819286340953409 6.819286340953409
342 9.173366313857326 9.17336631385733
376 10.911302583007597 10.911302583007599
385 9.307151041848236 9.30715104184824
390 9.411304549694668 9.411304549694671
402 8.13655574224701 8.136555742247007
420 6.126197218037746 6.126197218037746
423 6.209320614072577 6.209320614072577
455 6.878084010812335 6.878084010812335
457 6.040507116484844 6.040507116484845
476 14.368672824691656 14.36867282469165
477 6.043986559441887 6.043986559441888
504 15.783632792999779 15.783632792999782
505 6.410145461668048 6.410145461668044
539 10.027499738497797 10.0274997384978
540 8.237067820051093 8.237067820051092
550 7.312884317608282 7.312884317608281
560 6.203369465258184 6.203369465258187
561 7.219472693988519 7.219472693988517
573 6.182889492569497 6.1828894925694975
615 6.403592229873549 6.403592229873549
623 7.257533662062258 7.2575336620622615
