305 2.9135858393155245 1.485248484933742 2.1739212838716453 37.32816504626876
310 inf 3.98303525596531 4.072555378964899 4.816170842303906
506 3.0000000000000577 2.870997974973883 1.7296816421705683 inf
507 1.942297579677942 3.0000000000000577 1.0000001966080463 23.041015945830043
516 3.0000000000000577 1.7126524943192591 1.0000001966080463 30.84210351550311
710 inf 3.98303525596531 4.816170842303906 4.072555378964899
715 2.9135858393155245 1.485248484933742 37.32816504626876 2.1739212838716453
874 3.0000000000000577 2.870997974973883 inf 1.7296816421705683
875 1.942297579677942 3.0000000000000577 23.041015945830043 1.0000001966080463
884 3.0000000000000577 1.7126524943192591 30.84210351550311 1.0000001966080463
