-8.75 8.75
-6.25 8.75
-8.75 6.25
-6.25 6.25
-3.75 8.75
-1.875 9.375
-0.625 9.375
-1.875 8.125
-0.625 8.125
-4.375 6.875
-3.125 6.875
-4.375 5.625
-3.125 5.625
-1.875 6.875
-0.625 6.875
-1.875 5.625
-0.625 5.625
-8.75 3.75
-6.25 3.75
-8.75 1.25
-6.25 1.25
-4.375 4.375
-3.125 4.375
-4.375 3.125
-3.125 3.125
-2.1875 4.6875
-1.5625 4.6875
-2.1875 4.0625
-1.5625 4.0625
-0.9375 4.6875
-0.3125 4.6875
-0.9375 4.0625
-0.3125 4.0625
-2.1875 3.4375
-1.5625 3.4375
-2.1875 2.8125
-1.5625 2.8125
-0.9375 3.4375
-0.3125 3.4375
-0.9375 2.8125
-0.3125 2.8125
-4.375 1.875
-3.125 1.875
-4.375 0.625
-3.125 0.625
-2.1875 2.1875
-1.5625 2.1875
-2.1875 1.5625
-1.5625 1.5625
-1.09375 2.34375
-0.78125 2.34375
-1.09375 2.03125
-0.78125 2.03125
-0.46875 2.34375
-0.15625 2.34375
-0.46875 2.03125
-0.15625 2.03125
-1.09375 1.71875
-0.78125 1.71875
-1.09375 1.40625
-0.78125 1.40625
-0.46875 1.71875
-0.15625 1.71875
-0.46875 1.40625
-0.15625 1.40625
-2.1875 0.9375
-1.5625 0.9375
-2.1875 0.3125
-1.5625 0.3125
-1.09375 1.09375
-0.78125 1.09375
-1.09375 0.78125
-0.78125 0.78125
-0.546875 1.171875
-0.390625 1.171875
-0.546875 1.015625
-0.390625 1.015625
-0.234375 1.171875
-0.078125 1.171875
-0.234375 1.015625
-0.078125 1.015625
-0.546875 0.859375
-0.390625 0.859375
-0.546875 0.703125
-0.390625 0.703125
-0.234375 0.859375
-0.078125 0.859375
-0.234375 0.703125
-0.078125 0.703125
-1.09375 0.46875
-0.78125 0.46875
-1.09375 0.15625
-0.78125 0.15625
-0.546875 0.546875
-0.390625 0.546875
-0.546875 0.390625
-0.390625 0.390625
-0.2734375 0.5859375
-0.1953125 0.5859375
-0.2734375 0.5078125
-0.1953125 0.5078125
-0.1171875 0.5859375
-0.0390625 0.5859375
-0.1171875 0.5078125
-0.0390625 0.5078125
-0.2734375 0.4296875
-0.1953125 0.4296875
-0.2734375 0.3515625
-0.1953125 0.3515625
-0.1171875 0.4296875
-0.0390625 0.4296875
-0.1171875 0.3515625
-0.0390625 0.3515625
-0.546875 0.234375
-0.390625 0.234375
-0.546875 0.078125
-0.390625 0.078125
-0.2734375 0.2734375
-0.1953125 0.2734375
-0.2734375 0.1953125
-0.1953125 0.1953125
-0.13671875 0.29296875
-0.09765625 0.29296875
-0.13671875 0.25390625
-0.09765625 0.25390625
-0.05859375 0.29296875
-0.01953125 0.29296875
-0.05859375 0.25390625
-0.01953125 0.25390625
-0.13671875 0.21484375
-0.09765625 0.21484375
-0.13671875 0.17578125
-0.09765625 0.17578125
-0.05859375 0.21484375
-0.01953125 0.21484375
-0.05859375 0.17578125
-0.01953125 0.17578125
-0.2734375 0.1171875
-0.1953125 0.1171875
-0.2734375 0.0390625
-0.1953125 0.0390625
-0.13671875 0.13671875
-0.09765625 0.13671875
-0.13671875 0.09765625
-0.09765625 0.09765625
-0.068359375 0.146484375
-0.048828125 0.146484375
-0.068359375 0.126953125
-0.048828125 0.126953125
-0.029296875 0.146484375
-0.009765625 0.146484375
-0.029296875 0.126953125
-0.009765625 0.126953125
-0.068359375 0.107421875
-0.048828125 0.107421875
-0.068359375 0.087890625
-0.048828125 0.087890625
-0.029296875 0.107421875
-0.009765625 0.107421875
-0.029296875 0.087890625
-0.009765625 0.087890625
-0.13671875 0.05859375
-0.09765625 0.05859375
-0.13671875 0.01953125
-0.09765625 0.01953125
-0.068359375 0.068359375
-0.048828125 0.068359375
-0.068359375 0.048828125
-0.048828125 0.048828125
-0.0341796875 0.0732421875
-0.0244140625 0.0732421875
-0.0341796875 0.0634765625
-0.0244140625 0.0634765625
-0.0146484375 0.0732421875
-0.0048828125 0.0732421875
-0.0146484375 0.0634765625
-0.0048828125 0.0634765625
-0.0341796875 0.0537109375
-0.0244140625 0.0537109375
-0.0341796875 0.0439453125
-0.0244140625 0.0439453125
-0.0146484375 0.0537109375
-0.0048828125 0.0537109375
-0.0146484375 0.0439453125
-0.0048828125 0.0439453125
-0.068359375 0.029296875
-0.048828125 0.029296875
-0.068359375 0.009765625
-0.048828125 0.009765625
-0.0341796875 0.0341796875
-0.0244140625 0.0341796875
-0.0341796875 0.0244140625
-0.0244140625 0.0244140625
-0.0170898438 0.0366210938
-0.0122070312 0.0366210938
-0.0170898438 0.0317382812
-0.0122070312 0.0317382812
-0.00732421875 0.0366210938
-0.00244140625 0.0366210938
-0.00732421875 0.0317382812
-0.00244140625 0.0317382812
-0.0170898438 0.0268554688
-0.0122070312 0.0268554688
-0.0170898438 0.0219726562
-0.0122070312 0.0219726562
-0.00732421875 0.0268554688
-0.00244140625 0.0268554688
-0.00732421875 0.0219726562
-0.00244140625 0.0219726562
-0.0341796875 0.0146484375
-0.0244140625 0.0146484375
-0.0341796875 0.0048828125
-0.0244140625 0.0048828125
-0.0170898438 0.0170898438
-0.0122070312 0.0170898438
-0.0170898438 0.0122070312
-0.0122070312 0.0122070312
-0.00854492188 0.0183105469
-0.00610351562 0.0183105469
-0.00854492188 0.0158691406
-0.00610351562 0.0158691406
-0.00366210938 0.0183105469
-0.00122070312 0.0183105469
-0.00366210938 0.0158691406
-0.00122070312 0.0158691406
-0.00854492188 0.0134277344
-0.00610351562 0.0134277344
-0.00854492188 0.0109863281
-0.00610351562 0.0109863281
-0.00366210938 0.0134277344
-0.00122070312 0.0134277344
-0.00366210938 0.0109863281
-0.00122070312 0.0109863281
-0.0170898438 0.00732421875
-0.0122070312 0.00732421875
-0.0170898438 0.00244140625
-0.0122070312 0.00244140625
-0.00854492188 0.00854492188
-0.00610351562 0.00854492188
-0.00854492188 0.00610351562
-0.00610351562 0.00610351562
-0.00366210938 0.00854492188
-0.00122070312 0.00854492188
-0.00366210938 0.00610351562
-0.00122070312 0.00610351562
-0.00854492188 0.00366210938
-0.00610351562 0.00366210938
-0.00854492188 0.00122070312
-0.00610351562 0.00122070312
-0.00366210938 0.00366210938
-0.00122070312 0.00366210938
-0.00366210938 0.00122070312
-0.00122070312 0.00122070312
0.625 9.375
1.875 9.375
0.625 8.125
1.875 8.125
3.125 9.375
4.375 9.375
3.125 8.125
4.375 8.125
0.625 6.875
1.875 6.875
0.625 5.625
1.875 5.625
3.125 6.875
4.375 6.875
3.125 5.625
4.375 5.625
5.625 9.375
6.875 9.375
5.625 8.125
6.875 8.125
8.125 9.375
9.375 9.375
8.125 8.125
9.375 8.125
5.625 6.875
6.875 6.875
5.625 5.625
6.875 5.625
8.125 6.875
9.375 6.875
8.125 5.625
9.375 5.625
0.3125 4.6875
0.9375 4.6875
0.3125 4.0625
0.9375 4.0625
1.5625 4.6875
2.1875 4.6875
1.5625 4.0625
2.1875 4.0625
0.3125 3.4375
0.9375 3.4375
0.3125 2.8125
0.9375 2.8125
1.5625 3.4375
2.1875 3.4375
1.5625 2.8125
2.1875 2.8125
2.8125 4.6875
3.4375 4.6875
2.8125 4.0625
3.4375 4.0625
4.0625 4.6875
4.6875 4.6875
4.0625 4.0625
4.6875 4.0625
2.8125 3.4375
3.4375 3.4375
2.8125 2.8125
3.4375 2.8125
4.0625 3.4375
4.6875 3.4375
4.0625 2.8125
4.6875 2.8125
0.15625 2.34375
0.46875 2.34375
0.15625 2.03125
0.46875 2.03125
0.78125 2.34375
1.09375 2.34375
0.78125 2.03125
1.09375 2.03125
0.15625 1.71875
0.46875 1.71875
0.15625 1.40625
0.46875 1.40625
0.78125 1.71875
1.09375 1.71875
0.78125 1.40625
1.09375 1.40625
1.40625 2.34375
1.71875 2.34375
1.40625 2.03125
1.71875 2.03125
2.03125 2.34375
2.34375 2.34375
2.03125 2.03125
2.34375 2.03125
1.40625 1.71875
1.71875 1.71875
1.40625 1.40625
1.71875 1.40625
2.03125 1.71875
2.34375 1.71875
2.03125 1.40625
2.34375 1.40625
0.078125 1.171875
0.234375 1.171875
0.078125 1.015625
0.234375 1.015625
0.390625 1.171875
0.546875 1.171875
0.390625 1.015625
0.546875 1.015625
0.078125 0.859375
0.234375 0.859375
0.078125 0.703125
0.234375 0.703125
0.390625 0.859375
0.546875 0.859375
0.390625 0.703125
0.546875 0.703125
0.703125 1.171875
0.859375 1.171875
0.703125 1.015625
0.859375 1.015625
1.015625 1.171875
1.171875 1.171875
1.015625 1.015625
1.171875 1.015625
0.703125 0.859375
0.859375 0.859375
0.703125 0.703125
0.859375 0.703125
1.015625 0.859375
1.171875 0.859375
1.015625 0.703125
1.171875 0.703125
0.0390625 0.5859375
0.1171875 0.5859375
0.0390625 0.5078125
0.1171875 0.5078125
0.1953125 0.5859375
0.2734375 0.5859375
0.1953125 0.5078125
0.2734375 0.5078125
0.0390625 0.4296875
0.1171875 0.4296875
0.0390625 0.3515625
0.1171875 0.3515625
0.1953125 0.4296875
0.2734375 0.4296875
0.1953125 0.3515625
0.2734375 0.3515625
0.3515625 0.5859375
0.4296875 0.5859375
0.3515625 0.5078125
0.4296875 0.5078125
0.5078125 0.5859375
0.5859375 0.5859375
0.5078125 0.5078125
0.5859375 0.5078125
0.3515625 0.4296875
0.4296875 0.4296875
0.3515625 0.3515625
0.4296875 0.3515625
0.5078125 0.4296875
0.5859375 0.4296875
0.5078125 0.3515625
0.5859375 0.3515625
0.01953125 0.29296875
0.05859375 0.29296875
0.01953125 0.25390625
0.05859375 0.25390625
0.09765625 0.29296875
0.13671875 0.29296875
0.09765625 0.25390625
0.13671875 0.25390625
0.01953125 0.21484375
0.05859375 0.21484375
0.01953125 0.17578125
0.05859375 0.17578125
0.09765625 0.21484375
0.13671875 0.21484375
0.09765625 0.17578125
0.13671875 0.17578125
0.17578125 0.29296875
0.21484375 0.29296875
0.17578125 0.25390625
0.21484375 0.25390625
0.25390625 0.29296875
0.29296875 0.29296875
0.25390625 0.25390625
0.29296875 0.25390625
0.17578125 0.21484375
0.21484375 0.21484375
0.17578125 0.17578125
0.21484375 0.17578125
0.25390625 0.21484375
0.29296875 0.21484375
0.25390625 0.17578125
0.29296875 0.17578125
0.009765625 0.146484375
0.029296875 0.146484375
0.009765625 0.126953125
0.029296875 0.126953125
0.048828125 0.146484375
0.068359375 0.146484375
0.048828125 0.126953125
0.068359375 0.126953125
0.009765625 0.107421875
0.029296875 0.107421875
0.009765625 0.087890625
0.029296875 0.087890625
0.048828125 0.107421875
0.068359375 0.107421875
0.048828125 0.087890625
0.068359375 0.087890625
0.087890625 0.146484375
0.107421875 0.146484375
0.087890625 0.126953125
0.107421875 0.126953125
0.126953125 0.146484375
0.146484375 0.146484375
0.126953125 0.126953125
0.146484375 0.126953125
0.087890625 0.107421875
0.107421875 0.107421875
0.087890625 0.087890625
0.107421875 0.087890625
0.126953125 0.107421875
0.146484375 0.107421875
0.126953125 0.087890625
0.146484375 0.087890625
0.0048828125 0.0732421875
0.0146484375 0.0732421875
0.0048828125 0.0634765625
0.0146484375 0.0634765625
0.0244140625 0.0732421875
0.0341796875 0.0732421875
0.0244140625 0.0634765625
0.0341796875 0.0634765625
0.0048828125 0.0537109375
0.0146484375 0.0537109375
0.0048828125 0.0439453125
0.0146484375 0.0439453125
0.0244140625 0.0537109375
0.0341796875 0.0537109375
0.0244140625 0.0439453125
0.0341796875 0.0439453125
0.0439453125 0.0732421875
0.0537109375 0.0732421875
0.0439453125 0.0634765625
0.0537109375 0.0634765625
0.0634765625 0.0732421875
0.0732421875 0.0732421875
0.0634765625 0.0634765625
0.0732421875 0.0634765625
0.0415039062 0.0561523438
0.0463867188 0.0561523438
0.0415039062 0.0512695312
0.0463867188 0.0512695312
0.0512695312 0.0561523438
0.0561523438 0.0561523438
0.0512695312 0.0512695312
0.0561523438 0.0512695312
0.0415039062 0.0463867188
0.0463867188 0.0463867188
0.0415039062 0.0415039062
0.0463867188 0.0415039062
0.0512695312 0.0463867188
0.0561523438 0.0463867188
0.0512695312 0.0415039062
0.0561523438 0.0415039062
0.0610351562 0.0561523438
0.0659179688 0.0561523438
0.0610351562 0.0512695312
0.0659179688 0.0512695312
0.0708007812 0.0561523438
0.0756835938 0.0561523438
0.0708007812 0.0512695312
0.0756835938 0.0512695312
0.0610351562 0.0463867188
0.0659179688 0.0463867188
0.0610351562 0.0415039062
0.0708007812 0.0463867188
0.0756835938 0.0463867188
0.0708007812 0.0415039062
0.00244140625 0.0366210938
0.00732421875 0.0366210938
0.00244140625 0.0317382812
0.00732421875 0.0317382812
0.0122070312 0.0366210938
0.0170898438 0.0366210938
0.0122070312 0.0317382812
0.0170898438 0.0317382812
0.00244140625 0.0268554688
0.00732421875 0.0268554688
0.00244140625 0.0219726562
0.00732421875 0.0219726562
0.0122070312 0.0268554688
0.0170898438 0.0268554688
0.0122070312 0.0219726562
0.0219726562 0.0366210938
0.0268554688 0.0366210938
0.0219726562 0.0317382812
0.0268554688 0.0317382812
0.0317382812 0.0366210938
0.0366210938 0.0366210938
0.0366210938 0.0317382812
0.0207519531 0.0280761719
0.0231933594 0.0280761719
0.0207519531 0.0256347656
0.0231933594 0.0256347656
0.0256347656 0.0280761719
0.00122070312 0.0183105469
0.00366210938 0.0183105469
0.00122070312 0.0158691406
0.00366210938 0.0158691406
0.00610351562 0.0183105469
0.00854492188 0.0183105469
0.00610351562 0.0158691406
0.00122070312 0.0134277344
0.00366210938 0.0134277344
0.00122070312 0.0109863281
0.00610351562 0.0134277344
0.000610351562 0.00915527344
0.00183105469 0.00915527344
0.000610351562 0.00793457031
0.000610351562 0.00671386719
0.0415039062 0.0366210938
0.0463867188 0.0366210938
0.0500488281 0.0378417969
0.0524902344 0.0378417969
0.0549316406 0.0378417969
0.0830078125 0.0732421875
0.0927734375 0.0732421875
0.0830078125 0.0634765625
0.0927734375 0.0634765625
0.102539062 0.0732421875
0.112304688 0.0732421875
0.102539062 0.0634765625
0.112304688 0.0634765625
0.0830078125 0.0537109375
0.0927734375 0.0537109375
0.0830078125 0.0439453125
0.100097656 0.0561523438
0.104980469 0.0561523438
0.100097656 0.0512695312
0.104980469 0.0512695312
0.109863281 0.0561523438
0.114746094 0.0561523438
0.109863281 0.0512695312
0.114746094 0.0512695312
0.122070312 0.0732421875
0.131835938 0.0732421875
0.122070312 0.0634765625
0.131835938 0.0634765625
0.141601562 0.0732421875
0.151367188 0.0732421875
0.141601562 0.0634765625
0.151367188 0.0634765625
0.131835938 0.0537109375
0.139160156 0.0561523438
0.144042969 0.0561523438
0.148925781 0.0561523438
0.153808594 0.0561523438
0.166015625 0.146484375
0.185546875 0.146484375
0.166015625 0.126953125
0.185546875 0.126953125
0.205078125 0.146484375
0.224609375 0.146484375
0.205078125 0.126953125
0.224609375 0.126953125
0.166015625 0.107421875
0.185546875 0.107421875
0.166015625 0.087890625
0.185546875 0.087890625
0.205078125 0.107421875
0.224609375 0.107421875
0.205078125 0.087890625
0.224609375 0.087890625
0.244140625 0.146484375
0.263671875 0.146484375
0.244140625 0.126953125
0.263671875 0.126953125
0.283203125 0.146484375
0.302734375 0.146484375
0.283203125 0.126953125
0.302734375 0.126953125
0.244140625 0.107421875
0.263671875 0.107421875
0.244140625 0.087890625
0.263671875 0.087890625
0.283203125 0.107421875
0.302734375 0.107421875
0.283203125 0.087890625
0.302734375 0.087890625
0.161132812 0.0732421875
0.170898438 0.0732421875
0.161132812 0.0634765625
0.170898438 0.0634765625
0.180664062 0.0732421875
0.190429688 0.0732421875
0.180664062 0.0634765625
0.190429688 0.0634765625
0.200195312 0.0732421875
0.209960938 0.0732421875
0.200195312 0.0634765625
0.209960938 0.0634765625
0.219726562 0.0732421875
0.229492188 0.0732421875
0.219726562 0.0634765625
0.229492188 0.0634765625
0.239257812 0.0732421875
0.249023438 0.0732421875
0.239257812 0.0634765625
0.258789062 0.0732421875
0.268554688 0.0732421875
0.268554688 0.0634765625
0.278320312 0.0732421875
0.288085938 0.0732421875
0.288085938 0.0634765625
0.297851562 0.0732421875
0.307617188 0.0732421875
0.307617188 0.0634765625
0.33203125 0.29296875
0.37109375 0.29296875
0.33203125 0.25390625
0.37109375 0.25390625
0.41015625 0.29296875
0.44921875 0.29296875
0.41015625 0.25390625
0.44921875 0.25390625
0.33203125 0.21484375
0.37109375 0.21484375
0.33203125 0.17578125
0.37109375 0.17578125
0.41015625 0.21484375
0.44921875 0.21484375
0.41015625 0.17578125
0.44921875 0.17578125
0.48828125 0.29296875
0.52734375 0.29296875
0.48828125 0.25390625
0.52734375 0.25390625
0.56640625 0.29296875
0.60546875 0.29296875
0.56640625 0.25390625
0.60546875 0.25390625
0.48828125 0.21484375
0.52734375 0.21484375
0.48828125 0.17578125
0.52734375 0.17578125
0.56640625 0.21484375
0.60546875 0.21484375
0.56640625 0.17578125
0.60546875 0.17578125
0.322265625 0.146484375
0.341796875 0.146484375
0.322265625 0.126953125
0.341796875 0.126953125
0.361328125 0.146484375
0.380859375 0.146484375
0.361328125 0.126953125
0.380859375 0.126953125
0.317382812 0.112304688
0.327148438 0.112304688
0.317382812 0.102539062
0.327148438 0.102539062
0.336914062 0.112304688
0.346679688 0.112304688
0.336914062 0.102539062
0.346679688 0.102539062
0.317382812 0.0927734375
0.327148438 0.0927734375
0.317382812 0.0830078125
0.327148438 0.0830078125
0.336914062 0.0927734375
0.346679688 0.0927734375
0.336914062 0.0830078125
0.346679688 0.0830078125
0.356445312 0.112304688
0.366210938 0.112304688
0.356445312 0.102539062
0.366210938 0.102539062
0.375976562 0.112304688
0.385742188 0.112304688
0.375976562 0.102539062
0.385742188 0.102539062
0.356445312 0.0927734375
0.366210938 0.0927734375
0.356445312 0.0830078125
0.366210938 0.0830078125
0.375976562 0.0927734375
0.385742188 0.0927734375
0.375976562 0.0830078125
0.385742188 0.0830078125
0.400390625 0.146484375
0.419921875 0.146484375
0.400390625 0.126953125
0.419921875 0.126953125
0.439453125 0.146484375
0.458984375 0.146484375
0.439453125 0.126953125
0.458984375 0.126953125
0.400390625 0.107421875
0.419921875 0.107421875
0.400390625 0.087890625
0.419921875 0.087890625
0.439453125 0.107421875
0.458984375 0.107421875
0.439453125 0.087890625
0.458984375 0.087890625
0.317382812 0.0732421875
0.327148438 0.0732421875
0.327148438 0.0634765625
0.334472656 0.0756835938
0.339355469 0.0756835938
0.334472656 0.0708007812
0.339355469 0.0708007812
0.344238281 0.0756835938
0.349121094 0.0756835938
0.344238281 0.0708007812
0.349121094 0.0708007812
0.334472656 0.0659179688
0.339355469 0.0659179688
0.339355469 0.0610351562
0.344238281 0.0659179688
0.349121094 0.0659179688
0.344238281 0.0610351562
0.356445312 0.0732421875
0.366210938 0.0732421875
0.356445312 0.0634765625
0.366210938 0.0634765625
0.375976562 0.0732421875
0.385742188 0.0732421875
0.375976562 0.0634765625
0.385742188 0.0634765625
0.395507812 0.0732421875
0.405273438 0.0732421875
0.395507812 0.0634765625
0.405273438 0.0634765625
0.415039062 0.0732421875
0.424804688 0.0732421875
0.415039062 0.0634765625
0.424804688 0.0634765625
0.434570312 0.0732421875
0.444335938 0.0732421875
0.434570312 0.0634765625
0.444335938 0.0634765625
0.454101562 0.0732421875
0.463867188 0.0732421875
0.454101562 0.0634765625
0.463867188 0.0634765625
0.478515625 0.146484375
0.498046875 0.146484375
0.478515625 0.126953125
0.498046875 0.126953125
0.517578125 0.146484375
0.537109375 0.146484375
0.517578125 0.126953125
0.537109375 0.126953125
0.478515625 0.107421875
0.498046875 0.107421875
0.478515625 0.087890625
0.498046875 0.087890625
0.517578125 0.107421875
0.537109375 0.107421875
0.517578125 0.087890625
0.537109375 0.087890625
0.556640625 0.146484375
0.576171875 0.146484375
0.556640625 0.126953125
0.576171875 0.126953125
0.595703125 0.146484375
0.615234375 0.146484375
0.595703125 0.126953125
0.615234375 0.126953125
0.556640625 0.107421875
0.576171875 0.107421875
0.556640625 0.087890625
0.576171875 0.087890625
0.595703125 0.107421875
0.615234375 0.107421875
0.595703125 0.087890625
0.615234375 0.087890625
0.473632812 0.0732421875
0.483398438 0.0732421875
0.473632812 0.0634765625
0.483398438 0.0634765625
0.493164062 0.0732421875
0.502929688 0.0732421875
0.493164062 0.0634765625
0.502929688 0.0634765625
0.493164062 0.0537109375
0.512695312 0.0732421875
0.522460938 0.0732421875
0.512695312 0.0634765625
0.522460938 0.0634765625
0.532226562 0.0732421875
0.541992188 0.0732421875
0.532226562 0.0634765625
0.541992188 0.0634765625
0.512695312 0.0537109375
0.532226562 0.0537109375
0.551757812 0.0732421875
0.561523438 0.0732421875
0.551757812 0.0634765625
0.561523438 0.0634765625
0.571289062 0.0732421875
0.581054688 0.0732421875
0.571289062 0.0634765625
0.581054688 0.0634765625
0.551757812 0.0537109375
0.561523438 0.0537109375
0.571289062 0.0537109375
0.581054688 0.0537109375
0.590820312 0.0732421875
0.600585938 0.0732421875
0.590820312 0.0634765625
0.600585938 0.0634765625
0.610351562 0.0732421875
0.620117188 0.0732421875
0.610351562 0.0634765625
0.620117188 0.0634765625
0.590820312 0.0537109375
0.600585938 0.0537109375
0.610351562 0.0537109375
0.620117188 0.0537109375
0.610351562 0.0439453125
0.6640625 0.5859375
0.7421875 0.5859375
0.6640625 0.5078125
0.7421875 0.5078125
0.8203125 0.5859375
0.8984375 0.5859375
0.8203125 0.5078125
0.8984375 0.5078125
0.6640625 0.4296875
0.7421875 0.4296875
0.6640625 0.3515625
0.7421875 0.3515625
0.8203125 0.4296875
0.8984375 0.4296875
0.8203125 0.3515625
0.8984375 0.3515625
0.9765625 0.5859375
1.0546875 0.5859375
0.9765625 0.5078125
1.0546875 0.5078125
1.1328125 0.5859375
1.2109375 0.5859375
1.1328125 0.5078125
1.2109375 0.5078125
0.9765625 0.4296875
1.0546875 0.4296875
0.9765625 0.3515625
1.0546875 0.3515625
1.1328125 0.4296875
1.2109375 0.4296875
1.1328125 0.3515625
1.2109375 0.3515625
0.64453125 0.29296875
0.68359375 0.29296875
0.64453125 0.25390625
0.68359375 0.25390625
0.72265625 0.29296875
0.76171875 0.29296875
0.72265625 0.25390625
0.76171875 0.25390625
0.64453125 0.21484375
0.68359375 0.21484375
0.64453125 0.17578125
0.68359375 0.17578125
0.72265625 0.21484375
0.76171875 0.21484375
0.72265625 0.17578125
0.76171875 0.17578125
0.80078125 0.29296875
0.83984375 0.29296875
0.80078125 0.25390625
0.83984375 0.25390625
0.87890625 0.29296875
0.91796875 0.29296875
0.87890625 0.25390625
0.91796875 0.25390625
0.80078125 0.21484375
0.83984375 0.21484375
0.80078125 0.17578125
0.83984375 0.17578125
0.87890625 0.21484375
0.91796875 0.21484375
0.87890625 0.17578125
0.91796875 0.17578125
0.634765625 0.146484375
0.654296875 0.146484375
0.634765625 0.126953125
0.654296875 0.126953125
0.673828125 0.146484375
0.693359375 0.146484375
0.673828125 0.126953125
0.693359375 0.126953125
0.634765625 0.107421875
0.654296875 0.107421875
0.634765625 0.087890625
0.654296875 0.087890625
0.673828125 0.107421875
0.693359375 0.107421875
0.673828125 0.087890625
0.693359375 0.087890625
0.712890625 0.146484375
0.732421875 0.146484375
0.712890625 0.126953125
0.732421875 0.126953125
0.751953125 0.146484375
0.771484375 0.146484375
0.751953125 0.126953125
0.771484375 0.126953125
0.712890625 0.107421875
0.732421875 0.107421875
0.712890625 0.087890625
0.732421875 0.087890625
0.751953125 0.107421875
0.771484375 0.107421875
0.751953125 0.087890625
0.771484375 0.087890625
0.629882812 0.0732421875
0.639648438 0.0732421875
0.629882812 0.0634765625
0.639648438 0.0634765625
0.649414062 0.0732421875
0.659179688 0.0732421875
0.649414062 0.0634765625
0.659179688 0.0634765625
0.629882812 0.0537109375
0.639648438 0.0537109375
0.629882812 0.0439453125
0.649414062 0.0537109375
0.659179688 0.0537109375
0.649414062 0.0439453125
0.673828125 0.068359375
0.693359375 0.068359375
0.673828125 0.048828125
0.693359375 0.048828125
0.712890625 0.068359375
0.732421875 0.068359375
0.712890625 0.048828125
0.732421875 0.048828125
0.747070312 0.0732421875
0.756835938 0.0732421875
0.747070312 0.0634765625
0.756835938 0.0634765625
0.766601562 0.0732421875
0.776367188 0.0732421875
0.766601562 0.0634765625
0.776367188 0.0634765625
0.747070312 0.0537109375
0.756835938 0.0537109375
0.747070312 0.0439453125
0.756835938 0.0439453125
0.766601562 0.0537109375
0.776367188 0.0537109375
0.766601562 0.0439453125
0.776367188 0.0439453125
0.717773438 0.0341796875
0.737304688 0.0341796875
0.756835938 0.0341796875
0.764160156 0.0366210938
0.769042969 0.0366210938
0.764160156 0.0317382812
0.769042969 0.0317382812
0.773925781 0.0366210938
0.778808594 0.0366210938
0.773925781 0.0317382812
0.778808594 0.0317382812
0.791015625 0.146484375
0.810546875 0.146484375
0.791015625 0.126953125
0.810546875 0.126953125
0.830078125 0.146484375
0.849609375 0.146484375
0.830078125 0.126953125
0.849609375 0.126953125
0.791015625 0.107421875
0.810546875 0.107421875
0.791015625 0.087890625
0.810546875 0.087890625
0.830078125 0.107421875
0.849609375 0.107421875
0.830078125 0.087890625
0.849609375 0.087890625
0.87890625 0.13671875
0.91796875 0.13671875
0.87890625 0.09765625
0.91796875 0.09765625
0.786132812 0.0732421875
0.795898438 0.0732421875
0.786132812 0.0634765625
0.795898438 0.0634765625
0.805664062 0.0732421875
0.815429688 0.0732421875
0.805664062 0.0634765625
0.815429688 0.0634765625
0.786132812 0.0537109375
0.795898438 0.0537109375
0.786132812 0.0439453125
0.795898438 0.0439453125
0.805664062 0.0537109375
0.815429688 0.0537109375
0.805664062 0.0439453125
0.815429688 0.0439453125
0.830078125 0.068359375
0.849609375 0.068359375
0.830078125 0.048828125
0.849609375 0.048828125
0.786132812 0.0341796875
0.795898438 0.0341796875
0.805664062 0.0341796875
0.815429688 0.0341796875
0.825195312 0.0341796875
0.834960938 0.0341796875
0.834960938 0.0244140625
0.844726562 0.0341796875
0.854492188 0.0341796875
0.854492188 0.0244140625
0.869140625 0.068359375
0.888671875 0.068359375
0.869140625 0.048828125
0.888671875 0.048828125
0.908203125 0.068359375
0.927734375 0.068359375
0.908203125 0.048828125
0.927734375 0.048828125
0.864257812 0.0341796875
0.874023438 0.0341796875
0.864257812 0.0244140625
0.874023438 0.0244140625
0.883789062 0.0341796875
0.893554688 0.0341796875
0.883789062 0.0244140625
0.893554688 0.0244140625
0.886230469 0.0170898438
0.891113281 0.0170898438
0.895996094 0.0170898438
0.903320312 0.0341796875
0.913085938 0.0341796875
0.903320312 0.0244140625
0.913085938 0.0244140625
0.922851562 0.0341796875
0.932617188 0.0341796875
0.922851562 0.0244140625
0.932617188 0.0244140625
0.900878906 0.0170898438
0.905761719 0.0170898438
0.910644531 0.0170898438
0.915527344 0.0170898438
0.910644531 0.0122070312
0.920410156 0.0170898438
0.925292969 0.0170898438
0.920410156 0.0122070312
0.930175781 0.0170898438
0.935058594 0.0170898438
0.930175781 0.0122070312
0.935058594 0.0122070312
0.9765625 0.2734375
1.0546875 0.2734375
0.9765625 0.1953125
1.0546875 0.1953125
1.1328125 0.2734375
1.2109375 0.2734375
1.1328125 0.1953125
1.2109375 0.1953125
0.95703125 0.13671875
0.99609375 0.13671875
0.95703125 0.09765625
0.99609375 0.09765625
1.03515625 0.13671875
1.07421875 0.13671875
1.03515625 0.09765625
1.07421875 0.09765625
0.947265625 0.068359375
0.966796875 0.068359375
0.947265625 0.048828125
0.966796875 0.048828125
0.986328125 0.068359375
1.00585938 0.068359375
0.986328125 0.048828125
1.00585938 0.048828125
0.942382812 0.0341796875
0.952148438 0.0341796875
0.942382812 0.0244140625
0.952148438 0.0244140625
0.961914062 0.0341796875
0.971679688 0.0341796875
0.961914062 0.0244140625
0.971679688 0.0244140625
0.939941406 0.0170898438
0.944824219 0.0170898438
0.939941406 0.0122070312
0.944824219 0.0122070312
0.949707031 0.0170898438
0.954589844 0.0170898438
0.949707031 0.0122070312
0.954589844 0.0122070312
0.949707031 0.00732421875
0.959472656 0.0170898438
0.964355469 0.0170898438
0.959472656 0.0122070312
0.964355469 0.0122070312
0.969238281 0.0170898438
0.974121094 0.0170898438
0.969238281 0.0122070312
0.974121094 0.0122070312
0.959472656 0.00732421875
0.968017578 0.00854492188
0.970458984 0.00854492188
0.968017578 0.00610351562
0.970458984 0.00610351562
0.972900391 0.00854492188
0.975341797 0.00854492188
0.972900391 0.00610351562
0.975341797 0.00610351562
0.981445312 0.0341796875
0.991210938 0.0341796875
0.981445312 0.0244140625
0.991210938 0.0244140625
1.00097656 0.0341796875
1.01074219 0.0341796875
1.00097656 0.0244140625
1.01074219 0.0244140625
0.979003906 0.0170898438
0.983886719 0.0170898438
0.979003906 0.0122070312
0.983886719 0.0122070312
0.988769531 0.0170898438
0.993652344 0.0170898438
0.988769531 0.0122070312
0.993652344 0.0122070312
0.977783203 0.00854492188
0.980224609 0.00854492188
0.977783203 0.00610351562
0.980224609 0.00610351562
0.982666016 0.00854492188
0.985107422 0.00854492188
0.982666016 0.00610351562
0.985107422 0.00610351562
0.977783203 0.00366210938
0.980224609 0.00366210938
0.985107422 0.00366210938
0.987548828 0.00854492188
0.989990234 0.00854492188
0.987548828 0.00610351562
0.989990234 0.00610351562
0.992431641 0.00854492188
0.994873047 0.00854492188
0.992431641 0.00610351562
0.994873047 0.00610351562
0.986938477 0.00427246094
0.98815918 0.00427246094
0.986938477 0.00305175781
0.98815918 0.00305175781
0.989379883 0.00427246094
0.990600586 0.00427246094
0.989379883 0.00305175781
0.990600586 0.00305175781
0.98815918 0.00183105469
0.989379883 0.00183105469
0.991821289 0.00427246094
0.993041992 0.00427246094
0.991821289 0.00305175781
0.993041992 0.00305175781
0.994262695 0.00427246094
0.995483398 0.00427246094
0.994262695 0.00305175781
0.995483398 0.00305175781
0.991821289 0.00183105469
0.993041992 0.00183105469
0.994262695 0.00183105469
0.995483398 0.00183105469
0.998535156 0.0170898438
1.00341797 0.0170898438
0.998535156 0.0122070312
1.00341797 0.0122070312
1.00830078 0.0170898438
1.01318359 0.0170898438
1.00830078 0.0122070312
1.01318359 0.0122070312
0.997314453 0.00854492188
0.999755859 0.00854492188
0.997314453 0.00610351562
0.999755859 0.00610351562
1.00219727 0.00854492188
1.00463867 0.00854492188
1.00219727 0.00610351562
1.00463867 0.00610351562
0.996704102 0.00427246094
0.997924805 0.00427246094
0.996704102 0.00305175781
0.997924805 0.00305175781
0.999145508 0.00427246094
1.00036621 0.00427246094
0.999145508 0.00305175781
1.00036621 0.00305175781
0.996398926 0.00213623047
0.997009277 0.00213623047
0.996398926 0.00152587891
0.997009277 0.00152587891
0.997619629 0.00213623047
0.99822998 0.00213623047
0.997619629 0.00152587891
0.99822998 0.00152587891
0.996398926 0.000915527344
0.997009277 0.000915527344
0.997619629 0.000915527344
0.99822998 0.000915527344
0.999145508 0.00183105469
1.00036621 0.00183105469
0.999145508 0.000610351562
1.00036621 0.000610351562
1.00158691 0.00427246094
1.00280762 0.00427246094
1.00158691 0.00305175781
1.00280762 0.00305175781
1.00402832 0.00427246094
1.00524902 0.00427246094
1.00402832 0.00305175781
1.00524902 0.00305175781
1.00158691 0.00183105469
1.00280762 0.00183105469
1.00158691 0.000610351562
1.00280762 0.000610351562
1.00402832 0.00183105469
1.00524902 0.00183105469
1.00402832 0.000610351562
1.00524902 0.000610351562
1.00708008 0.00854492188
1.00952148 0.00854492188
1.00708008 0.00610351562
1.00952148 0.00610351562
1.01196289 0.00854492188
1.0144043 0.00854492188
1.01196289 0.00610351562
1.0144043 0.00610351562
1.00708008 0.00366210938
1.00952148 0.00366210938
1.00708008 0.00122070312
1.00952148 0.00122070312
1.01196289 0.00366210938
1.0144043 0.00366210938
1.01196289 0.00122070312
1.0144043 0.00122070312
1.02539062 0.068359375
1.04492188 0.068359375
1.02539062 0.048828125
1.04492188 0.048828125
1.06445312 0.068359375
1.08398438 0.068359375
1.06445312 0.048828125
1.08398438 0.048828125
1.02050781 0.0341796875
1.03027344 0.0341796875
1.02050781 0.0244140625
1.03027344 0.0244140625
1.04003906 0.0341796875
1.04980469 0.0341796875
1.04003906 0.0244140625
1.04980469 0.0244140625
1.01806641 0.0170898438
1.02294922 0.0170898438
1.01806641 0.0122070312
1.02294922 0.0122070312
1.02783203 0.0170898438
1.03271484 0.0170898438
1.02783203 0.0122070312
1.03271484 0.0122070312
1.01806641 0.00732421875
1.02294922 0.00732421875
1.01806641 0.00244140625
1.02294922 0.00244140625
1.02783203 0.00732421875
1.03271484 0.00732421875
1.02783203 0.00244140625
1.03271484 0.00244140625
1.04003906 0.0146484375
1.04980469 0.0146484375
1.04003906 0.0048828125
1.04980469 0.0048828125
1.06445312 0.029296875
1.08398438 0.029296875
1.06445312 0.009765625
1.08398438 0.009765625
1.11328125 0.13671875
1.15234375 0.13671875
1.11328125 0.09765625
1.15234375 0.09765625
1.19140625 0.13671875
1.23046875 0.13671875
1.19140625 0.09765625
1.23046875 0.09765625
1.11328125 0.05859375
1.15234375 0.05859375
1.11328125 0.01953125
1.15234375 0.01953125
1.19140625 0.05859375
1.23046875 0.05859375
1.19140625 0.01953125
1.23046875 0.01953125
1.328125 1.171875
1.484375 1.171875
1.328125 1.015625
1.484375 1.015625
1.640625 1.171875
1.796875 1.171875
1.640625 1.015625
1.796875 1.015625
1.328125 0.859375
1.484375 0.859375
1.328125 0.703125
1.484375 0.703125
1.640625 0.859375
1.796875 0.859375
1.640625 0.703125
1.796875 0.703125
2.03125 1.09375
2.34375 1.09375
2.03125 0.78125
2.34375 0.78125
1.328125 0.546875
1.484375 0.546875
1.328125 0.390625
1.484375 0.390625
1.640625 0.546875
1.796875 0.546875
1.640625 0.390625
1.796875 0.390625
1.2890625 0.2734375
1.3671875 0.2734375
1.2890625 0.1953125
1.3671875 0.1953125
1.4453125 0.2734375
1.5234375 0.2734375
1.4453125 0.1953125
1.5234375 0.1953125
1.2890625 0.1171875
1.3671875 0.1171875
1.2890625 0.0390625
1.3671875 0.0390625
1.4453125 0.1171875
1.5234375 0.1171875
1.4453125 0.0390625
1.5234375 0.0390625
1.640625 0.234375
1.796875 0.234375
1.640625 0.078125
1.796875 0.078125
2.03125 0.46875
2.34375 0.46875
2.03125 0.15625
2.34375 0.15625
2.8125 2.1875
3.4375 2.1875
2.8125 1.5625
3.4375 1.5625
4.0625 2.1875
4.6875 2.1875
4.0625 1.5625
4.6875 1.5625
2.8125 0.9375
3.4375 0.9375
2.8125 0.3125
3.4375 0.3125
4.0625 0.9375
4.6875 0.9375
4.0625 0.3125
4.6875 0.3125
5.625 4.375
6.875 4.375
5.625 3.125
6.875 3.125
8.125 4.375
9.375 4.375
8.125 3.125
9.375 3.125
5.625 1.875
6.875 1.875
5.625 0.625
6.875 0.625
8.125 1.875
9.375 1.875
8.125 0.625
9.375 0.625
-8.75 -1.25
-6.25 -1.25
-8.75 -3.75
-6.25 -3.75
-4.375 -0.625
-3.125 -0.625
-4.375 -1.875
-3.125 -1.875
-2.1875 -0.3125
-1.5625 -0.3125
-2.1875 -0.9375
-1.5625 -0.9375
-1.09375 -0.15625
-0.78125 -0.15625
-1.09375 -0.46875
-0.78125 -0.46875
-0.546875 -0.078125
-0.390625 -0.078125
-0.546875 -0.234375
-0.390625 -0.234375
-0.2734375 -0.0390625
-0.1953125 -0.0390625
-0.2734375 -0.1171875
-0.1953125 -0.1171875
-0.13671875 -0.01953125
-0.09765625 -0.01953125
-0.13671875 -0.05859375
-0.09765625 -0.05859375
-0.068359375 -0.009765625
-0.048828125 -0.009765625
-0.068359375 -0.029296875
-0.048828125 -0.029296875
-0.0341796875 -0.0048828125
-0.0244140625 -0.0048828125
-0.0341796875 -0.0146484375
-0.0244140625 -0.0146484375
-0.0170898438 -0.00244140625
-0.0122070312 -0.00244140625
-0.0170898438 -0.00732421875
-0.0122070312 -0.00732421875
-0.00732421875 -0.00244140625
-0.00366210938 -0.00122070312
-0.00122070312 -0.00122070312
-0.00366210938 -0.00366210938
-0.00122070312 -0.00366210938
-0.00854492188 -0.00610351562
-0.00610351562 -0.00610351562
-0.00854492188 -0.00854492188
-0.00610351562 -0.00854492188
-0.00366210938 -0.00610351562
-0.00122070312 -0.00610351562
-0.00366210938 -0.00854492188
-0.00122070312 -0.00854492188
-0.0170898438 -0.0122070312
-0.0122070312 -0.0122070312
-0.0170898438 -0.0170898438
-0.0122070312 -0.0170898438
-0.00732421875 -0.0122070312
-0.00366210938 -0.0109863281
-0.00122070312 -0.0109863281
-0.00366210938 -0.0134277344
-0.00122070312 -0.0134277344
-0.00854492188 -0.0158691406
-0.00610351562 -0.0158691406
-0.00854492188 -0.0183105469
-0.00610351562 -0.0183105469
-0.00244140625 -0.0170898438
-0.0341796875 -0.0244140625
-0.0244140625 -0.0244140625
-0.0341796875 -0.0341796875
-0.0244140625 -0.0341796875
-0.0170898438 -0.0219726562
-0.0122070312 -0.0219726562
-0.0170898438 -0.0268554688
-0.0122070312 -0.0268554688
-0.00732421875 -0.0219726562
-0.00244140625 -0.0219726562
-0.00732421875 -0.0268554688
-0.00244140625 -0.0268554688
-0.0170898438 -0.0317382812
-0.0122070312 -0.0317382812
-0.0170898438 -0.0366210938
-0.0122070312 -0.0366210938
-0.0048828125 -0.0341796875
-0.068359375 -0.048828125
-0.048828125 -0.048828125
-0.068359375 -0.068359375
-0.048828125 -0.068359375
-0.0341796875 -0.0439453125
-0.0244140625 -0.0439453125
-0.0341796875 -0.0537109375
-0.0244140625 -0.0537109375
-0.0146484375 -0.0439453125
-0.0048828125 -0.0439453125
-0.0146484375 -0.0537109375
-0.0048828125 -0.0537109375
-0.0341796875 -0.0634765625
-0.0244140625 -0.0634765625
-0.0341796875 -0.0732421875
-0.0244140625 -0.0732421875
-0.009765625 -0.068359375
-0.13671875 -0.09765625
-0.09765625 -0.09765625
-0.13671875 -0.13671875
-0.09765625 -0.13671875
-0.068359375 -0.087890625
-0.048828125 -0.087890625
-0.068359375 -0.107421875
-0.048828125 -0.107421875
-0.029296875 -0.087890625
-0.009765625 -0.087890625
-0.029296875 -0.107421875
-0.009765625 -0.107421875
-0.068359375 -0.126953125
-0.048828125 -0.126953125
-0.068359375 -0.146484375
-0.048828125 -0.146484375
-0.01953125 -0.13671875
-0.2734375 -0.1953125
-0.1953125 -0.1953125
-0.2734375 -0.2734375
-0.1953125 -0.2734375
-0.13671875 -0.17578125
-0.09765625 -0.17578125
-0.13671875 -0.21484375
-0.09765625 -0.21484375
-0.05859375 -0.17578125
-0.01953125 -0.17578125
-0.05859375 -0.21484375
-0.01953125 -0.21484375
-0.13671875 -0.25390625
-0.09765625 -0.25390625
-0.13671875 -0.29296875
-0.09765625 -0.29296875
-0.0390625 -0.2734375
-0.546875 -0.390625
-0.390625 -0.390625
-0.546875 -0.546875
-0.390625 -0.546875
-0.2734375 -0.3515625
-0.1953125 -0.3515625
-0.2734375 -0.4296875
-0.1953125 -0.4296875
-0.1171875 -0.3515625
-0.0390625 -0.3515625
-0.1171875 -0.4296875
-0.0390625 -0.4296875
-0.2734375 -0.5078125
-0.1953125 -0.5078125
-0.2734375 -0.5859375
-0.1953125 -0.5859375
-0.078125 -0.546875
-1.09375 -0.78125
-0.78125 -0.78125
-1.09375 -1.09375
-0.78125 -1.09375
-0.546875 -0.703125
-0.390625 -0.703125
-0.546875 -0.859375
-0.390625 -0.859375
-0.234375 -0.703125
-0.078125 -0.703125
-0.234375 -0.859375
-0.078125 -0.859375
-0.546875 -1.015625
-0.390625 -1.015625
-0.546875 -1.171875
-0.390625 -1.171875
-0.15625 -1.09375
-2.1875 -1.5625
-1.5625 -1.5625
-2.1875 -2.1875
-1.5625 -2.1875
-1.09375 -1.40625
-0.78125 -1.40625
-1.09375 -1.71875
-0.78125 -1.71875
-0.46875 -1.40625
-0.15625 -1.40625
-0.46875 -1.71875
-0.15625 -1.71875
-1.09375 -2.03125
-0.78125 -2.03125
-1.09375 -2.34375
-0.78125 -2.34375
-0.3125 -2.1875
-4.375 -3.125
-3.125 -3.125
-4.375 -4.375
-3.125 -4.375
-2.1875 -2.8125
-1.5625 -2.8125
-2.1875 -3.4375
-1.5625 -3.4375
-0.9375 -2.8125
-0.3125 -2.8125
-0.9375 -3.4375
-0.3125 -3.4375
-2.1875 -4.0625
-1.5625 -4.0625
-2.1875 -4.6875
-1.5625 -4.6875
-0.625 -4.375
-8.75 -6.25
-6.25 -6.25
-8.75 -8.75
-6.25 -8.75
-4.375 -5.625
-3.125 -5.625
-4.375 -6.875
-3.125 -6.875
-1.875 -5.625
-0.625 -5.625
-1.875 -6.875
-0.625 -6.875
-4.375 -8.125
-3.125 -8.125
-4.375 -9.375
-3.125 -9.375
-1.875 -8.125
-0.625 -8.125
-1.875 -9.375
-0.625 -9.375
0.000610351562 -0.00671386719
0.000610351562 -0.00793457031
0.000610351562 -0.00915527344
0.00183105469 -0.00915527344
0.00122070312 -0.0109863281
0.00122070312 -0.0134277344
0.00366210938 -0.0134277344
0.00610351562 -0.0134277344
0.00122070312 -0.0158691406
0.00366210938 -0.0158691406
0.00122070312 -0.0183105469
0.00366210938 -0.0183105469
0.00610351562 -0.0158691406
0.00610351562 -0.0183105469
0.00854492188 -0.0183105469
0.00244140625 -0.0219726562
0.00732421875 -0.0219726562
0.00244140625 -0.0268554688
0.00732421875 -0.0268554688
0.0122070312 -0.0219726562
0.0122070312 -0.0268554688
0.0170898438 -0.0268554688
0.00244140625 -0.0317382812
0.00732421875 -0.0317382812
0.00244140625 -0.0366210938
0.00732421875 -0.0366210938
0.0122070312 -0.0317382812
0.0170898438 -0.0317382812
0.0122070312 -0.0366210938
0.0170898438 -0.0366210938
0.0207519531 -0.0256347656
0.0231933594 -0.0256347656
0.0207519531 -0.0280761719
0.0231933594 -0.0280761719
0.0256347656 -0.0280761719
0.0219726562 -0.0317382812
0.0268554688 -0.0317382812
0.0219726562 -0.0366210938
0.0268554688 -0.0366210938
0.0366210938 -0.0317382812
0.0317382812 -0.0366210938
0.0366210938 -0.0366210938
0.0415039062 -0.0366210938
0.0463867188 -0.0366210938
0.0500488281 -0.0378417969
0.0524902344 -0.0378417969
0.0549316406 -0.0378417969
0.0048828125 -0.0439453125
0.0146484375 -0.0439453125
0.0048828125 -0.0537109375
0.0146484375 -0.0537109375
0.0244140625 -0.0439453125
0.0341796875 -0.0439453125
0.0244140625 -0.0537109375
0.0341796875 -0.0537109375
0.0048828125 -0.0634765625
0.0146484375 -0.0634765625
0.0048828125 -0.0732421875
0.0146484375 -0.0732421875
0.0244140625 -0.0634765625
0.0341796875 -0.0634765625
0.0244140625 -0.0732421875
0.0341796875 -0.0732421875
0.0415039062 -0.0415039062
0.0463867188 -0.0415039062
0.0415039062 -0.0463867188
0.0463867188 -0.0463867188
0.0512695312 -0.0415039062
0.0561523438 -0.0415039062
0.0512695312 -0.0463867188
0.0561523438 -0.0463867188
0.0415039062 -0.0512695312
0.0463867188 -0.0512695312
0.0415039062 -0.0561523438
0.0463867188 -0.0561523438
0.0512695312 -0.0512695312
0.0561523438 -0.0512695312
0.0512695312 -0.0561523438
0.0561523438 -0.0561523438
0.0610351562 -0.0415039062
0.0610351562 -0.0463867188
0.0659179688 -0.0463867188
0.0708007812 -0.0415039062
0.0708007812 -0.0463867188
0.0756835938 -0.0463867188
0.0610351562 -0.0512695312
0.0659179688 -0.0512695312
0.0610351562 -0.0561523438
0.0659179688 -0.0561523438
0.0708007812 -0.0512695312
0.0756835938 -0.0512695312
0.0708007812 -0.0561523438
0.0756835938 -0.0561523438
0.0439453125 -0.0634765625
0.0537109375 -0.0634765625
0.0439453125 -0.0732421875
0.0537109375 -0.0732421875
0.0634765625 -0.0634765625
0.0732421875 -0.0634765625
0.0634765625 -0.0732421875
0.0732421875 -0.0732421875
0.0830078125 -0.0439453125
0.0830078125 -0.0537109375
0.0927734375 -0.0537109375
0.100097656 -0.0512695312
0.104980469 -0.0512695312
0.100097656 -0.0561523438
0.104980469 -0.0561523438
0.109863281 -0.0512695312
0.114746094 -0.0512695312
0.109863281 -0.0561523438
0.114746094 -0.0561523438
0.0830078125 -0.0634765625
0.0927734375 -0.0634765625
0.0830078125 -0.0732421875
0.0927734375 -0.0732421875
0.102539062 -0.0634765625
0.112304688 -0.0634765625
0.102539062 -0.0732421875
0.112304688 -0.0732421875
0.131835938 -0.0537109375
0.139160156 -0.0561523438
0.144042969 -0.0561523438
0.148925781 -0.0561523438
0.153808594 -0.0561523438
0.122070312 -0.0634765625
0.131835938 -0.0634765625
0.122070312 -0.0732421875
0.131835938 -0.0732421875
0.141601562 -0.0634765625
0.151367188 -0.0634765625
0.141601562 -0.0732421875
0.151367188 -0.0732421875
0.009765625 -0.087890625
0.029296875 -0.087890625
0.009765625 -0.107421875
0.029296875 -0.107421875
0.048828125 -0.087890625
0.068359375 -0.087890625
0.048828125 -0.107421875
0.068359375 -0.107421875
0.009765625 -0.126953125
0.029296875 -0.126953125
0.009765625 -0.146484375
0.029296875 -0.146484375
0.048828125 -0.126953125
0.068359375 -0.126953125
0.048828125 -0.146484375
0.068359375 -0.146484375
0.087890625 -0.087890625
0.107421875 -0.087890625
0.087890625 -0.107421875
0.107421875 -0.107421875
0.126953125 -0.087890625
0.146484375 -0.087890625
0.126953125 -0.107421875
0.146484375 -0.107421875
0.087890625 -0.126953125
0.107421875 -0.126953125
0.087890625 -0.146484375
0.107421875 -0.146484375
0.126953125 -0.126953125
0.146484375 -0.126953125
0.126953125 -0.146484375
0.146484375 -0.146484375
0.161132812 -0.0634765625
0.170898438 -0.0634765625
0.161132812 -0.0732421875
0.170898438 -0.0732421875
0.180664062 -0.0634765625
0.190429688 -0.0634765625
0.180664062 -0.0732421875
0.190429688 -0.0732421875
0.200195312 -0.0634765625
0.209960938 -0.0634765625
0.200195312 -0.0732421875
0.209960938 -0.0732421875
0.219726562 -0.0634765625
0.229492188 -0.0634765625
0.219726562 -0.0732421875
0.229492188 -0.0732421875
0.239257812 -0.0634765625
0.239257812 -0.0732421875
0.249023438 -0.0732421875
0.268554688 -0.0634765625
0.258789062 -0.0732421875
0.268554688 -0.0732421875
0.288085938 -0.0634765625
0.278320312 -0.0732421875
0.288085938 -0.0732421875
0.307617188 -0.0634765625
0.297851562 -0.0732421875
0.307617188 -0.0732421875
0.166015625 -0.087890625
0.185546875 -0.087890625
0.166015625 -0.107421875
0.185546875 -0.107421875
0.205078125 -0.087890625
0.224609375 -0.087890625
0.205078125 -0.107421875
0.224609375 -0.107421875
0.166015625 -0.126953125
0.185546875 -0.126953125
0.166015625 -0.146484375
0.185546875 -0.146484375
0.205078125 -0.126953125
0.224609375 -0.126953125
0.205078125 -0.146484375
0.224609375 -0.146484375
0.244140625 -0.087890625
0.263671875 -0.087890625
0.244140625 -0.107421875
0.263671875 -0.107421875
0.283203125 -0.087890625
0.302734375 -0.087890625
0.283203125 -0.107421875
0.302734375 -0.107421875
0.244140625 -0.126953125
0.263671875 -0.126953125
0.244140625 -0.146484375
0.263671875 -0.146484375
0.283203125 -0.126953125
0.302734375 -0.126953125
0.283203125 -0.146484375
0.302734375 -0.146484375
0.01953125 -0.17578125
0.05859375 -0.17578125
0.01953125 -0.21484375
0.05859375 -0.21484375
0.09765625 -0.17578125
0.13671875 -0.17578125
0.09765625 -0.21484375
0.13671875 -0.21484375
0.01953125 -0.25390625
0.05859375 -0.25390625
0.01953125 -0.29296875
0.05859375 -0.29296875
0.09765625 -0.25390625
0.13671875 -0.25390625
0.09765625 -0.29296875
0.13671875 -0.29296875
0.17578125 -0.17578125
0.21484375 -0.17578125
0.17578125 -0.21484375
0.21484375 -0.21484375
0.25390625 -0.17578125
0.29296875 -0.17578125
0.25390625 -0.21484375
0.29296875 -0.21484375
0.17578125 -0.25390625
0.21484375 -0.25390625
0.17578125 -0.29296875
0.21484375 -0.29296875
0.25390625 -0.25390625
0.29296875 -0.25390625
0.25390625 -0.29296875
0.29296875 -0.29296875
0.327148438 -0.0634765625
0.317382812 -0.0732421875
0.327148438 -0.0732421875
0.339355469 -0.0610351562
0.334472656 -0.0659179688
0.339355469 -0.0659179688
0.344238281 -0.0610351562
0.344238281 -0.0659179688
0.349121094 -0.0659179688
0.334472656 -0.0708007812
0.339355469 -0.0708007812
0.334472656 -0.0756835938
0.339355469 -0.0756835938
0.344238281 -0.0708007812
0.349121094 -0.0708007812
0.344238281 -0.0756835938
0.349121094 -0.0756835938
0.356445312 -0.0634765625
0.366210938 -0.0634765625
0.356445312 -0.0732421875
0.366210938 -0.0732421875
0.375976562 -0.0634765625
0.385742188 -0.0634765625
0.375976562 -0.0732421875
0.385742188 -0.0732421875
0.395507812 -0.0634765625
0.405273438 -0.0634765625
0.395507812 -0.0732421875
0.405273438 -0.0732421875
0.415039062 -0.0634765625
0.424804688 -0.0634765625
0.415039062 -0.0732421875
0.424804688 -0.0732421875
0.434570312 -0.0634765625
0.444335938 -0.0634765625
0.434570312 -0.0732421875
0.444335938 -0.0732421875
0.454101562 -0.0634765625
0.463867188 -0.0634765625
0.454101562 -0.0732421875
0.463867188 -0.0732421875
0.317382812 -0.0830078125
0.327148438 -0.0830078125
0.317382812 -0.0927734375
0.327148438 -0.0927734375
0.336914062 -0.0830078125
0.346679688 -0.0830078125
0.336914062 -0.0927734375
0.346679688 -0.0927734375
0.317382812 -0.102539062
0.327148438 -0.102539062
0.317382812 -0.112304688
0.327148438 -0.112304688
0.336914062 -0.102539062
0.346679688 -0.102539062
0.336914062 -0.112304688
0.346679688 -0.112304688
0.356445312 -0.0830078125
0.366210938 -0.0830078125
0.356445312 -0.0927734375
0.366210938 -0.0927734375
0.375976562 -0.0830078125
0.385742188 -0.0830078125
0.375976562 -0.0927734375
0.385742188 -0.0927734375
0.356445312 -0.102539062
0.366210938 -0.102539062
0.356445312 -0.112304688
0.366210938 -0.112304688
0.375976562 -0.102539062
0.385742188 -0.102539062
0.375976562 -0.112304688
0.385742188 -0.112304688
0.322265625 -0.126953125
0.341796875 -0.126953125
0.322265625 -0.146484375
0.341796875 -0.146484375
0.361328125 -0.126953125
0.380859375 -0.126953125
0.361328125 -0.146484375
0.380859375 -0.146484375
0.400390625 -0.087890625
0.419921875 -0.087890625
0.400390625 -0.107421875
0.419921875 -0.107421875
0.439453125 -0.087890625
0.458984375 -0.087890625
0.439453125 -0.107421875
0.458984375 -0.107421875
0.400390625 -0.126953125
0.419921875 -0.126953125
0.400390625 -0.146484375
0.419921875 -0.146484375
0.439453125 -0.126953125
0.458984375 -0.126953125
0.439453125 -0.146484375
0.458984375 -0.146484375
0.493164062 -0.0537109375
0.473632812 -0.0634765625
0.483398438 -0.0634765625
0.473632812 -0.0732421875
0.483398438 -0.0732421875
0.493164062 -0.0634765625
0.502929688 -0.0634765625
0.493164062 -0.0732421875
0.502929688 -0.0732421875
0.512695312 -0.0537109375
0.532226562 -0.0537109375
0.512695312 -0.0634765625
0.522460938 -0.0634765625
0.512695312 -0.0732421875
0.522460938 -0.0732421875
0.532226562 -0.0634765625
0.541992188 -0.0634765625
0.532226562 -0.0732421875
0.541992188 -0.0732421875
0.551757812 -0.0537109375
0.561523438 -0.0537109375
0.571289062 -0.0537109375
0.581054688 -0.0537109375
0.551757812 -0.0634765625
0.561523438 -0.0634765625
0.551757812 -0.0732421875
0.561523438 -0.0732421875
0.571289062 -0.0634765625
0.581054688 -0.0634765625
0.571289062 -0.0732421875
0.581054688 -0.0732421875
0.590820312 -0.0537109375
0.600585938 -0.0537109375
0.610351562 -0.0439453125
0.610351562 -0.0537109375
0.620117188 -0.0537109375
0.590820312 -0.0634765625
0.600585938 -0.0634765625
0.590820312 -0.0732421875
0.600585938 -0.0732421875
0.610351562 -0.0634765625
0.620117188 -0.0634765625
0.610351562 -0.0732421875
0.620117188 -0.0732421875
0.478515625 -0.087890625
0.498046875 -0.087890625
0.478515625 -0.107421875
0.498046875 -0.107421875
0.517578125 -0.087890625
0.537109375 -0.087890625
0.517578125 -0.107421875
0.537109375 -0.107421875
0.478515625 -0.126953125
0.498046875 -0.126953125
0.478515625 -0.146484375
0.498046875 -0.146484375
0.517578125 -0.126953125
0.537109375 -0.126953125
0.517578125 -0.146484375
0.537109375 -0.146484375
0.556640625 -0.087890625
0.576171875 -0.087890625
0.556640625 -0.107421875
0.576171875 -0.107421875
0.595703125 -0.087890625
0.615234375 -0.087890625
0.595703125 -0.107421875
0.615234375 -0.107421875
0.556640625 -0.126953125
0.576171875 -0.126953125
0.556640625 -0.146484375
0.576171875 -0.146484375
0.595703125 -0.126953125
0.615234375 -0.126953125
0.595703125 -0.146484375
0.615234375 -0.146484375
0.33203125 -0.17578125
0.37109375 -0.17578125
0.33203125 -0.21484375
0.37109375 -0.21484375
0.41015625 -0.17578125
0.44921875 -0.17578125
0.41015625 -0.21484375
0.44921875 -0.21484375
0.33203125 -0.25390625
0.37109375 -0.25390625
0.33203125 -0.29296875
0.37109375 -0.29296875
0.41015625 -0.25390625
0.44921875 -0.25390625
0.41015625 -0.29296875
0.44921875 -0.29296875
0.48828125 -0.17578125
0.52734375 -0.17578125
0.48828125 -0.21484375
0.52734375 -0.21484375
0.56640625 -0.17578125
0.60546875 -0.17578125
0.56640625 -0.21484375
0.60546875 -0.21484375
0.48828125 -0.25390625
0.52734375 -0.25390625
0.48828125 -0.29296875
0.52734375 -0.29296875
0.56640625 -0.25390625
0.60546875 -0.25390625
0.56640625 -0.29296875
0.60546875 -0.29296875
0.0390625 -0.3515625
0.1171875 -0.3515625
0.0390625 -0.4296875
0.1171875 -0.4296875
0.1953125 -0.3515625
0.2734375 -0.3515625
0.1953125 -0.4296875
0.2734375 -0.4296875
0.0390625 -0.5078125
0.1171875 -0.5078125
0.0390625 -0.5859375
0.1171875 -0.5859375
0.1953125 -0.5078125
0.2734375 -0.5078125
0.1953125 -0.5859375
0.2734375 -0.5859375
0.3515625 -0.3515625
0.4296875 -0.3515625
0.3515625 -0.4296875
0.4296875 -0.4296875
0.5078125 -0.3515625
0.5859375 -0.3515625
0.5078125 -0.4296875
0.5859375 -0.4296875
0.3515625 -0.5078125
0.4296875 -0.5078125
0.3515625 -0.5859375
0.4296875 -0.5859375
0.5078125 -0.5078125
0.5859375 -0.5078125
0.5078125 -0.5859375
0.5859375 -0.5859375
0.629882812 -0.0439453125
0.629882812 -0.0537109375
0.639648438 -0.0537109375
0.649414062 -0.0439453125
0.649414062 -0.0537109375
0.659179688 -0.0537109375
0.629882812 -0.0634765625
0.639648438 -0.0634765625
0.629882812 -0.0732421875
0.639648438 -0.0732421875
0.649414062 -0.0634765625
0.659179688 -0.0634765625
0.649414062 -0.0732421875
0.659179688 -0.0732421875
0.673828125 -0.048828125
0.693359375 -0.048828125
0.673828125 -0.068359375
0.693359375 -0.068359375
0.717773438 -0.0341796875
0.737304688 -0.0341796875
0.756835938 -0.0341796875
0.764160156 -0.0317382812
0.769042969 -0.0317382812
0.764160156 -0.0366210938
0.769042969 -0.0366210938
0.773925781 -0.0317382812
0.778808594 -0.0317382812
0.773925781 -0.0366210938
0.778808594 -0.0366210938
0.712890625 -0.048828125
0.732421875 -0.048828125
0.712890625 -0.068359375
0.732421875 -0.068359375
0.747070312 -0.0439453125
0.756835938 -0.0439453125
0.747070312 -0.0537109375
0.756835938 -0.0537109375
0.766601562 -0.0439453125
0.776367188 -0.0439453125
0.766601562 -0.0537109375
0.776367188 -0.0537109375
0.747070312 -0.0634765625
0.756835938 -0.0634765625
0.747070312 -0.0732421875
0.756835938 -0.0732421875
0.766601562 -0.0634765625
0.776367188 -0.0634765625
0.766601562 -0.0732421875
0.776367188 -0.0732421875
0.634765625 -0.087890625
0.654296875 -0.087890625
0.634765625 -0.107421875
0.654296875 -0.107421875
0.673828125 -0.087890625
0.693359375 -0.087890625
0.673828125 -0.107421875
0.693359375 -0.107421875
0.634765625 -0.126953125
0.654296875 -0.126953125
0.634765625 -0.146484375
0.654296875 -0.146484375
0.673828125 -0.126953125
0.693359375 -0.126953125
0.673828125 -0.146484375
0.693359375 -0.146484375
0.712890625 -0.087890625
0.732421875 -0.087890625
0.712890625 -0.107421875
0.732421875 -0.107421875
0.751953125 -0.087890625
0.771484375 -0.087890625
0.751953125 -0.107421875
0.771484375 -0.107421875
0.712890625 -0.126953125
0.732421875 -0.126953125
0.712890625 -0.146484375
0.732421875 -0.146484375
0.751953125 -0.126953125
0.771484375 -0.126953125
0.751953125 -0.146484375
0.771484375 -0.146484375
0.786132812 -0.0341796875
0.795898438 -0.0341796875
0.805664062 -0.0341796875
0.815429688 -0.0341796875
0.834960938 -0.0244140625
0.825195312 -0.0341796875
0.834960938 -0.0341796875
0.854492188 -0.0244140625
0.844726562 -0.0341796875
0.854492188 -0.0341796875
0.786132812 -0.0439453125
0.795898438 -0.0439453125
0.786132812 -0.0537109375
0.795898438 -0.0537109375
0.805664062 -0.0439453125
0.815429688 -0.0439453125
0.805664062 -0.0537109375
0.815429688 -0.0537109375
0.786132812 -0.0634765625
0.795898438 -0.0634765625
0.786132812 -0.0732421875
0.795898438 -0.0732421875
0.805664062 -0.0634765625
0.815429688 -0.0634765625
0.805664062 -0.0732421875
0.815429688 -0.0732421875
0.830078125 -0.048828125
0.849609375 -0.048828125
0.830078125 -0.068359375
0.849609375 -0.068359375
0.886230469 -0.0170898438
0.891113281 -0.0170898438
0.895996094 -0.0170898438
0.864257812 -0.0244140625
0.874023438 -0.0244140625
0.864257812 -0.0341796875
0.874023438 -0.0341796875
0.883789062 -0.0244140625
0.893554688 -0.0244140625
0.883789062 -0.0341796875
0.893554688 -0.0341796875
0.900878906 -0.0170898438
0.905761719 -0.0170898438
0.910644531 -0.0122070312
0.910644531 -0.0170898438
0.915527344 -0.0170898438
0.920410156 -0.0122070312
0.920410156 -0.0170898438
0.925292969 -0.0170898438
0.930175781 -0.0122070312
0.935058594 -0.0122070312
0.930175781 -0.0170898438
0.935058594 -0.0170898438
0.903320312 -0.0244140625
0.913085938 -0.0244140625
0.903320312 -0.0341796875
0.913085938 -0.0341796875
0.922851562 -0.0244140625
0.932617188 -0.0244140625
0.922851562 -0.0341796875
0.932617188 -0.0341796875
0.869140625 -0.048828125
0.888671875 -0.048828125
0.869140625 -0.068359375
0.888671875 -0.068359375
0.908203125 -0.048828125
0.927734375 -0.048828125
0.908203125 -0.068359375
0.927734375 -0.068359375
0.791015625 -0.087890625
0.810546875 -0.087890625
0.791015625 -0.107421875
0.810546875 -0.107421875
0.830078125 -0.087890625
0.849609375 -0.087890625
0.830078125 -0.107421875
0.849609375 -0.107421875
0.791015625 -0.126953125
0.810546875 -0.126953125
0.791015625 -0.146484375
0.810546875 -0.146484375
0.830078125 -0.126953125
0.849609375 -0.126953125
0.830078125 -0.146484375
0.849609375 -0.146484375
0.87890625 -0.09765625
0.91796875 -0.09765625
0.87890625 -0.13671875
0.91796875 -0.13671875
0.64453125 -0.17578125
0.68359375 -0.17578125
0.64453125 -0.21484375
0.68359375 -0.21484375
0.72265625 -0.17578125
0.76171875 -0.17578125
0.72265625 -0.21484375
0.76171875 -0.21484375
0.64453125 -0.25390625
0.68359375 -0.25390625
0.64453125 -0.29296875
0.68359375 -0.29296875
0.72265625 -0.25390625
0.76171875 -0.25390625
0.72265625 -0.29296875
0.76171875 -0.29296875
0.80078125 -0.17578125
0.83984375 -0.17578125
0.80078125 -0.21484375
0.83984375 -0.21484375
0.87890625 -0.17578125
0.91796875 -0.17578125
0.87890625 -0.21484375
0.91796875 -0.21484375
0.80078125 -0.25390625
0.83984375 -0.25390625
0.80078125 -0.29296875
0.83984375 -0.29296875
0.87890625 -0.25390625
0.91796875 -0.25390625
0.87890625 -0.29296875
0.91796875 -0.29296875
0.949707031 -0.00732421875
0.939941406 -0.0122070312
0.944824219 -0.0122070312
0.939941406 -0.0170898438
0.944824219 -0.0170898438
0.949707031 -0.0122070312
0.954589844 -0.0122070312
0.949707031 -0.0170898438
0.954589844 -0.0170898438
0.959472656 -0.00732421875
0.968017578 -0.00610351562
0.970458984 -0.00610351562
0.968017578 -0.00854492188
0.970458984 -0.00854492188
0.972900391 -0.00610351562
0.975341797 -0.00610351562
0.972900391 -0.00854492188
0.975341797 -0.00854492188
0.959472656 -0.0122070312
0.964355469 -0.0122070312
0.959472656 -0.0170898438
0.964355469 -0.0170898438
0.969238281 -0.0122070312
0.974121094 -0.0122070312
0.969238281 -0.0170898438
0.974121094 -0.0170898438
0.942382812 -0.0244140625
0.952148438 -0.0244140625
0.942382812 -0.0341796875
0.952148438 -0.0341796875
0.961914062 -0.0244140625
0.971679688 -0.0244140625
0.961914062 -0.0341796875
0.971679688 -0.0341796875
0.977783203 -0.00366210938
0.980224609 -0.00366210938
0.985107422 -0.00366210938
0.977783203 -0.00610351562
0.980224609 -0.00610351562
0.977783203 -0.00854492188
0.980224609 -0.00854492188
0.982666016 -0.00610351562
0.985107422 -0.00610351562
0.982666016 -0.00854492188
0.985107422 -0.00854492188
0.98815918 -0.00183105469
0.989379883 -0.00183105469
0.986938477 -0.00305175781
0.98815918 -0.00305175781
0.986938477 -0.00427246094
0.98815918 -0.00427246094
0.989379883 -0.00305175781
0.990600586 -0.00305175781
0.989379883 -0.00427246094
0.990600586 -0.00427246094
0.991821289 -0.00183105469
0.993041992 -0.00183105469
0.994262695 -0.00183105469
0.995483398 -0.00183105469
0.991821289 -0.00305175781
0.993041992 -0.00305175781
0.991821289 -0.00427246094
0.993041992 -0.00427246094
0.994262695 -0.00305175781
0.995483398 -0.00305175781
0.994262695 -0.00427246094
0.995483398 -0.00427246094
0.987548828 -0.00610351562
0.989990234 -0.00610351562
0.987548828 -0.00854492188
0.989990234 -0.00854492188
0.992431641 -0.00610351562
0.994873047 -0.00610351562
0.992431641 -0.00854492188
0.994873047 -0.00854492188
0.979003906 -0.0122070312
0.983886719 -0.0122070312
0.979003906 -0.0170898438
0.983886719 -0.0170898438
0.988769531 -0.0122070312
0.993652344 -0.0122070312
0.988769531 -0.0170898438
0.993652344 -0.0170898438
0.996398926 -0.000915527344
0.997009277 -0.000915527344
0.997619629 -0.000915527344
0.99822998 -0.000915527344
0.996398926 -0.00152587891
0.997009277 -0.00152587891
0.996398926 -0.00213623047
0.997009277 -0.00213623047
0.997619629 -0.00152587891
0.99822998 -0.00152587891
0.997619629 -0.00213623047
0.99822998 -0.00213623047
0.998840332 -0.000305175781
0.998840332 -0.000915527344
0.999450684 -0.000915527344
1.00067139 -0.000305175781
1.00006104 -0.000915527344
1.00067139 -0.000915527344
0.998840332 -0.00152587891
0.999450684 -0.00152587891
0.998840332 -0.00213623047
0.999450684 -0.00213623047
1.00006104 -0.00152587891
1.00067139 -0.00152587891
1.00006104 -0.00213623047
1.00067139 -0.00213623047
0.996704102 -0.00305175781
0.997924805 -0.00305175781
0.996704102 -0.00427246094
0.997924805 -0.00427246094
0.999145508 -0.00305175781
1.00036621 -0.00305175781
0.999145508 -0.00427246094
1.00036621 -0.00427246094
1.00158691 -0.000610351562
1.00280762 -0.000610351562
1.00158691 -0.00183105469
1.00280762 -0.00183105469
1.00402832 -0.000610351562
1.00524902 -0.000610351562
1.00402832 -0.00183105469
1.00524902 -0.00183105469
1.00158691 -0.00305175781
1.00280762 -0.00305175781
1.00158691 -0.00427246094
1.00280762 -0.00427246094
1.00402832 -0.00305175781
1.00524902 -0.00305175781
1.00402832 -0.00427246094
1.00524902 -0.00427246094
0.997314453 -0.00610351562
0.999755859 -0.00610351562
0.997314453 -0.00854492188
0.999755859 -0.00854492188
1.00219727 -0.00610351562
1.00463867 -0.00610351562
1.00219727 -0.00854492188
1.00463867 -0.00854492188
1.00708008 -0.00122070312
1.00952148 -0.00122070312
1.00708008 -0.00366210938
1.00952148 -0.00366210938
1.01196289 -0.00122070312
1.0144043 -0.00122070312
1.01196289 -0.00366210938
1.0144043 -0.00366210938
1.00708008 -0.00610351562
1.00952148 -0.00610351562
1.00708008 -0.00854492188
1.00952148 -0.00854492188
1.01196289 -0.00610351562
1.0144043 -0.00610351562
1.01196289 -0.00854492188
1.0144043 -0.00854492188
0.998535156 -0.0122070312
1.00341797 -0.0122070312
0.998535156 -0.0170898438
1.00341797 -0.0170898438
1.00830078 -0.0122070312
1.01318359 -0.0122070312
1.00830078 -0.0170898438
1.01318359 -0.0170898438
0.981445312 -0.0244140625
0.991210938 -0.0244140625
0.981445312 -0.0341796875
0.991210938 -0.0341796875
1.00097656 -0.0244140625
1.01074219 -0.0244140625
1.00097656 -0.0341796875
1.01074219 -0.0341796875
0.947265625 -0.048828125
0.966796875 -0.048828125
0.947265625 -0.068359375
0.966796875 -0.068359375
0.986328125 -0.048828125
1.00585938 -0.048828125
0.986328125 -0.068359375
1.00585938 -0.068359375
1.01806641 -0.00244140625
1.02294922 -0.00244140625
1.01806641 -0.00732421875
1.02294922 -0.00732421875
1.02783203 -0.00244140625
1.03271484 -0.00244140625
1.02783203 -0.00732421875
1.03271484 -0.00732421875
1.01806641 -0.0122070312
1.02294922 -0.0122070312
1.01806641 -0.0170898438
1.02294922 -0.0170898438
1.02783203 -0.0122070312
1.03271484 -0.0122070312
1.02783203 -0.0170898438
1.03271484 -0.0170898438
1.04003906 -0.0048828125
1.04980469 -0.0048828125
1.04003906 -0.0146484375
1.04980469 -0.0146484375
1.02050781 -0.0244140625
1.03027344 -0.0244140625
1.02050781 -0.0341796875
1.03027344 -0.0341796875
1.04003906 -0.0244140625
1.04980469 -0.0244140625
1.04003906 -0.0341796875
1.04980469 -0.0341796875
1.06445312 -0.009765625
1.08398438 -0.009765625
1.06445312 -0.029296875
1.08398438 -0.029296875
1.02539062 -0.048828125
1.04492188 -0.048828125
1.02539062 -0.068359375
1.04492188 -0.068359375
1.06445312 -0.048828125
1.08398438 -0.048828125
1.06445312 -0.068359375
1.08398438 -0.068359375
0.95703125 -0.09765625
0.99609375 -0.09765625
0.95703125 -0.13671875
0.99609375 -0.13671875
1.03515625 -0.09765625
1.07421875 -0.09765625
1.03515625 -0.13671875
1.07421875 -0.13671875
1.11328125 -0.01953125
1.15234375 -0.01953125
1.11328125 -0.05859375
1.15234375 -0.05859375
1.19140625 -0.01953125
1.23046875 -0.01953125
1.19140625 -0.05859375
1.23046875 -0.05859375
1.11328125 -0.09765625
1.15234375 -0.09765625
1.11328125 -0.13671875
1.15234375 -0.13671875
1.19140625 -0.09765625
1.23046875 -0.09765625
1.19140625 -0.13671875
1.23046875 -0.13671875
0.9765625 -0.1953125
1.0546875 -0.1953125
0.9765625 -0.2734375
1.0546875 -0.2734375
1.1328125 -0.1953125
1.2109375 -0.1953125
1.1328125 -0.2734375
1.2109375 -0.2734375
0.6640625 -0.3515625
0.7421875 -0.3515625
0.6640625 -0.4296875
0.7421875 -0.4296875
0.8203125 -0.3515625
0.8984375 -0.3515625
0.8203125 -0.4296875
0.8984375 -0.4296875
0.6640625 -0.5078125
0.7421875 -0.5078125
0.6640625 -0.5859375
0.7421875 -0.5859375
0.8203125 -0.5078125
0.8984375 -0.5078125
0.8203125 -0.5859375
0.8984375 -0.5859375
0.9765625 -0.3515625
1.0546875 -0.3515625
0.9765625 -0.4296875
1.0546875 -0.4296875
1.1328125 -0.3515625
1.2109375 -0.3515625
1.1328125 -0.4296875
1.2109375 -0.4296875
0.9765625 -0.5078125
1.0546875 -0.5078125
0.9765625 -0.5859375
1.0546875 -0.5859375
1.1328125 -0.5078125
1.2109375 -0.5078125
1.1328125 -0.5859375
1.2109375 -0.5859375
0.078125 -0.703125
0.234375 -0.703125
0.078125 -0.859375
0.234375 -0.859375
0.390625 -0.703125
0.546875 -0.703125
0.390625 -0.859375
0.546875 -0.859375
0.078125 -1.015625
0.234375 -1.015625
0.078125 -1.171875
0.234375 -1.171875
0.390625 -1.015625
0.546875 -1.015625
0.390625 -1.171875
0.546875 -1.171875
0.703125 -0.703125
0.859375 -0.703125
0.703125 -0.859375
0.859375 -0.859375
1.015625 -0.703125
1.171875 -0.703125
1.015625 -0.859375
1.171875 -0.859375
0.703125 -1.015625
0.859375 -1.015625
0.703125 -1.171875
0.859375 -1.171875
1.015625 -1.015625
1.171875 -1.015625
1.015625 -1.171875
1.171875 -1.171875
1.2890625 -0.0390625
1.3671875 -0.0390625
1.2890625 -0.1171875
1.3671875 -0.1171875
1.4453125 -0.0390625
1.5234375 -0.0390625
1.4453125 -0.1171875
1.5234375 -0.1171875
1.2890625 -0.1953125
1.3671875 -0.1953125
1.2890625 -0.2734375
1.3671875 -0.2734375
1.4453125 -0.1953125
1.5234375 -0.1953125
1.4453125 -0.2734375
1.5234375 -0.2734375
1.640625 -0.078125
1.796875 -0.078125
1.640625 -0.234375
1.796875 -0.234375
1.328125 -0.390625
1.484375 -0.390625
1.328125 -0.546875
1.484375 -0.546875
1.640625 -0.390625
1.796875 -0.390625
1.640625 -0.546875
1.796875 -0.546875
2.03125 -0.15625
2.34375 -0.15625
2.03125 -0.46875
2.34375 -0.46875
1.328125 -0.703125
1.484375 -0.703125
1.328125 -0.859375
1.484375 -0.859375
1.640625 -0.703125
1.796875 -0.703125
1.640625 -0.859375
1.796875 -0.859375
1.328125 -1.015625
1.484375 -1.015625
1.328125 -1.171875
1.484375 -1.171875
1.640625 -1.015625
1.796875 -1.015625
1.640625 -1.171875
1.796875 -1.171875
2.03125 -0.78125
2.34375 -0.78125
2.03125 -1.09375
2.34375 -1.09375
0.15625 -1.40625
0.46875 -1.40625
0.15625 -1.71875
0.46875 -1.71875
0.78125 -1.40625
1.09375 -1.40625
0.78125 -1.71875
1.09375 -1.71875
0.15625 -2.03125
0.46875 -2.03125
0.15625 -2.34375
0.46875 -2.34375
0.78125 -2.03125
1.09375 -2.03125
0.78125 -2.34375
1.09375 -2.34375
1.40625 -1.40625
1.71875 -1.40625
1.40625 -1.71875
1.71875 -1.71875
2.03125 -1.40625
2.34375 -1.40625
2.03125 -1.71875
2.34375 -1.71875
1.40625 -2.03125
1.71875 -2.03125
1.40625 -2.34375
1.71875 -2.34375
2.03125 -2.03125
2.34375 -2.03125
2.03125 -2.34375
2.34375 -2.34375
2.8125 -0.3125
3.4375 -0.3125
2.8125 -0.9375
3.4375 -0.9375
4.0625 -0.3125
4.6875 -0.3125
4.0625 -0.9375
4.6875 -0.9375
2.8125 -1.5625
3.4375 -1.5625
2.8125 -2.1875
3.4375 -2.1875
4.0625 -1.5625
4.6875 -1.5625
4.0625 -2.1875
4.6875 -2.1875
0.3125 -2.8125
0.9375 -2.8125
0.3125 -3.4375
0.9375 -3.4375
1.5625 -2.8125
2.1875 -2.8125
1.5625 -3.4375
2.1875 -3.4375
0.3125 -4.0625
0.9375 -4.0625
0.3125 -4.6875
0.9375 -4.6875
1.5625 -4.0625
2.1875 -4.0625
1.5625 -4.6875
2.1875 -4.6875
2.8125 -2.8125
3.4375 -2.8125
2.8125 -3.4375
3.4375 -3.4375
4.0625 -2.8125
4.6875 -2.8125
4.0625 -3.4375
4.6875 -3.4375
2.8125 -4.0625
3.4375 -4.0625
2.8125 -4.6875
3.4375 -4.6875
4.0625 -4.0625
4.6875 -4.0625
4.0625 -4.6875
4.6875 -4.6875
5.625 -0.625
6.875 -0.625
5.625 -1.875
6.875 -1.875
8.125 -0.625
9.375 -0.625
8.125 -1.875
9.375 -1.875
5.625 -3.125
6.875 -3.125
5.625 -4.375
6.875 -4.375
8.125 -3.125
9.375 -3.125
8.125 -4.375
9.375 -4.375
0.625 -5.625
1.875 -5.625
0.625 -6.875
1.875 -6.875
3.125 -5.625
4.375 -5.625
3.125 -6.875
4.375 -6.875
0.625 -8.125
1.875 -8.125
0.625 -9.375
1.875 -9.375
3.125 -8.125
4.375 -8.125
3.125 -9.375
4.375 -9.375
5.625 -5.625
6.875 -5.625
5.625 -6.875
6.875 -6.875
8.125 -5.625
9.375 -5.625
8.125 -6.875
9.375 -6.875
5.625 -8.125
6.875 -8.125
5.625 -9.375
6.875 -9.375
8.125 -8.125
9.375 -8.125
8.125 -9.375
9.375 -9.375
