318	
319	
320	
321	
322	
323	
324	
3845	
3846	
3847	
3850	
3851	
3852	
3853	
3883	
3884	
3885	
3886	
3887	
3890	
3891	
3892	
3893	
3894	
3895	
3896	
3897	
3898	
3899	
3900	
3901	
3902	
3903	
3904	
3905	
3906	
3907	
3908	
3909	
3910	
3911	
3912	
3913	
3914	
3915	
3916	
3917	
3918	
3919	
3920	
3921	
3922	
3923	
3924	
3925	
3926	
3927	
3928	
3929	
3930	
3931	
3932	
3933	
3934	
3935	
3936	
3937	
3938	
3939	
3940	
3941	
3942	
3943	
3944	
3945	
3946	
3947	
3948	
3949	
3950	
3951	
3952	
3953	
3954	
3955	
3956	
3957	
3958	
3959	
3960	
3961	
3962	
3963	
3964	
3965	
3966	
3967	
3968	
3969	
3970	
3971	
3972	
3973	
3974	
3975	
3976	
3977	
3978	
3979	
3980	
3981	
3982	
3983	
3984	
3985	
3986	
3987	
3988	
3989	
3990	
3991	
3992	
3993	
3994	
3995	
3996	
3997	
3998	
3999	
4008	
4010	
4011	
4012	
4013	
4014	
4035	
4036	
4037	
4038	
4039	
4040	
4041	
4042	
4044	
4046	
4047	
7075	
7076	
7077	
7078	
7079	
7080	
7081	
7082	
7083	
7084	
7086	
7087	
7089	
7095	
7096	
7097	
7098	
7099	
7100	
7101	
7102	
7103	
7104	
7105	
7106	
7107	
7108	
7109	
7110	
7111	
7112	
7113	
7114	
7115	
7116	
7117	
7118	
7119	
7120	
7121	
7122	
7123	
7124	
7125	
7126	
7127	
7128	
7129	
7130	
7131	
7132	
7133	
7134	
7135	
7136	
7137	
7138	
7139	
7140	
7141	
7142	
7143	
7144	
7145	
7146	
7147	
7148	
7149	
7150	
7151	
7152	
7153	
7154	
7155	
7156	
7157	
7158	
7159	
7160	
7161	
7162	
7163	
7164	
7165	
7166	
7167	
7168	
7169	
7170	
7171	
7172	
7173	
7174	
7175	
7176	
7177	
7178	
7179	
7180	
7181	
7182	
7183	
7184	
7185	
7186	
7187	
7188	
7189	
7190	
7191	
7192	
7193	
7194	
7195	
7196	
7197	
7198	
7199	
7200	
7201	
7202	
7203	
7204	
7205	
7206	
7207	
7208	
7209	
7210	
7211	
7212	
7213	
7214	
7215	
7217	
7226	
7227	
7228	
