305 2.9135858393155245 1.485248484933742 2.1739212838716453 37.32816504626876 0.027258362,0.027065253 0.0244140625,0.0341796875
310 inf 3.98303525596531 4.072555378964899 4.816170842303906 0.0076905349,0.014958905
312 19.133740111660245 1.5102887251999366 4.307574964729488 2.948489452274419 0.004657027,0.011746112 0.0023778447,0.0084671713
313 3.160686626307102 2.0489922340624256 2.1180016779218445 11.3563883951633 0.0023778447,0.0084671713 0.00183105469,0.00915527344 0.000610351562,0.00915527344 0.000610351562,0.00671386719
489 1.000000347747836 1.6036987573276706 2.7665929388316295 16.907528538001333 0.986938477,0.00427246094 0.986938477,0.00305175781 0.985107422,0.00610351562
506 3.0000000000000577 2.870997974973883 1.7296816421705683 inf 0.989379883,0.00183105469 0.989379883,0.00305175781 0.98815918,0.00305175781
507 1.942297579677942 3.0000000000000577 1.0000001966080463 23.041015945830043 0.99051124,0.0013382449 0.990600586,0.00305175781 0.989379883,0.00305175781
516 3.0000000000000577 1.7126524943192591 1.0000001966080463 30.84210351550311 0.993041992,0.00183105469 0.993041992,0.00305175781 0.991821289,0.00305175781
552 2.1149583781654058 11.356384703325546 1.833335786020217 2.6546729933079622 0.997009277,0.000915527344 0.997009277,0.00152587891 0.996398926,0.00152587891 0.9965771,0.0004845861
704 3.160686626307102 2.0489922340624256 11.3563883951633 2.1180016779218445 0.0023778447,-0.0084671713 0.00183105469,-0.00915527344 0.000610351562,-0.00671386719 0.000610351562,-0.00915527344
706 19.133740111660245 1.5102887251999368 2.948489452274419 4.307574964729488 0.004657027,-0.011746112 0.0023778447,-0.0084671713
710 inf 3.98303525596531 4.816170842303906 4.072555378964899 0.0076905349,-0.014958905
715 2.9135858393155245 1.485248484933742 37.32816504626876 2.1739212838716453 0.027258362,-0.027065253 0.0244140625,-0.0341796875
868 1.000000347747836 1.6036987573276706 16.907528538001333 2.7665929388316295 0.986938477,-0.00305175781 0.986938477,-0.00427246094 0.985107422,-0.00610351562
874 3.0000000000000577 2.870997974973883 inf 1.7296816421705683 0.989379883,-0.00183105469 0.989379883,-0.00305175781 0.98815918,-0.00305175781
875 1.942297579677942 3.0000000000000577 23.041015945830043 1.0000001966080463 0.99051124,-0.0013382449 0.990600586,-0.00305175781 0.989379883,-0.00305175781
884 3.0000000000000577 1.7126524943192591 30.84210351550311 1.0000001966080463 0.993041992,-0.00183105469 0.993041992,-0.00305175781 0.991821289,-0.00305175781
904 1.5540881401912887 13.958664724992472 2.12500007142411 5.6350385408911725 0.983886719,-0.0122070312 0.982666016,-0.00854492188 0.983886719,-0.0170898438 0.979003906,-0.00732421875 0.979003906,-0.0170898438
912 2.1149583781654058 11.356384703325546 2.6546729933079622 1.833335786020217 0.997009277,-0.000915527344 0.997009277,-0.00152587891 0.9965771,-0.0004845861 0.996398926,-0.00152587891
988 1.2804367768444684 13.119044536219347 2.0000001365333815 5.635038410381112 0.991210938,-0.0244140625 0.988769531,-0.0170898438 0.991210938,-0.0341796875 0.983886719,-0.0170898438 0.981445312,-0.0341796875
305 2.9135858393155245 1.485248484933742 2.1739212838716453 37.32816504626876 0.027258362,0.027065253 0.0244140625,0.0341796875
310 inf 3.98303525596531 4.072555378964899 4.816170842303906 0.0076905349,0.014958905
312 19.133740111660245 1.5102887251999366 4.307574964729488 2.948489452274419 0.004657027,0.011746112 0.0023778447,0.0084671713
313 3.160686626307102 2.0489922340624256 2.1180016779218445 11.3563883951633 0.0023778447,0.0084671713 0.00183105469,0.00915527344 0.000610351562,0.00915527344 0.000610351562,0.00671386719
489 1.000000347747836 1.6036987573276706 2.7665929388316295 16.907528538001333 0.986938477,0.00427246094 0.986938477,0.00305175781 0.985107422,0.00610351562
506 3.0000000000000577 2.870997974973883 1.7296816421705683 inf 0.989379883,0.00183105469 0.989379883,0.00305175781 0.98815918,0.00305175781
507 1.942297579677942 3.0000000000000577 1.0000001966080463 23.041015945830043 0.99051124,0.0013382449 0.990600586,0.00305175781 0.989379883,0.00305175781
516 3.0000000000000577 1.7126524943192591 1.0000001966080463 30.84210351550311 0.993041992,0.00183105469 0.993041992,0.00305175781 0.991821289,0.00305175781
552 2.1149583781654058 11.356384703325546 1.833335786020217 2.6546729933079622 0.997009277,0.000915527344 0.997009277,0.00152587891 0.996398926,0.00152587891 0.9965771,0.0004845861
704 3.160686626307102 2.0489922340624256 11.3563883951633 2.1180016779218445 0.0023778447,-0.0084671713 0.00183105469,-0.00915527344 0.000610351562,-0.00671386719 0.000610351562,-0.00915527344
706 19.133740111660245 1.5102887251999368 2.948489452274419 4.307574964729488 0.004657027,-0.011746112 0.0023778447,-0.0084671713
710 inf 3.98303525596531 4.816170842303906 4.072555378964899 0.0076905349,-0.014958905
715 2.9135858393155245 1.485248484933742 37.32816504626876 2.1739212838716453 0.027258362,-0.027065253 0.0244140625,-0.0341796875
868 1.000000347747836 1.6036987573276706 16.907528538001333 2.7665929388316295 0.986938477,-0.00305175781 0.986938477,-0.00427246094 0.985107422,-0.00610351562
874 3.0000000000000577 2.870997974973883 inf 1.7296816421705683 0.989379883,-0.00183105469 0.989379883,-0.00305175781 0.98815918,-0.00305175781
875 1.942297579677942 3.0000000000000577 23.041015945830043 1.0000001966080463 0.99051124,-0.0013382449 0.990600586,-0.00305175781 0.989379883,-0.00305175781
884 3.0000000000000577 1.7126524943192591 30.84210351550311 1.0000001966080463 0.993041992,-0.00183105469 0.993041992,-0.00305175781 0.991821289,-0.00305175781
904 1.5540881401912887 13.958664724992472 2.12500007142411 5.6350385408911725 0.983886719,-0.0122070312 0.982666016,-0.00854492188 0.983886719,-0.0170898438 0.979003906,-0.00732421875 0.979003906,-0.0170898438
912 2.1149583781654058 11.356384703325546 2.6546729933079622 1.833335786020217 0.997009277,-0.000915527344 0.997009277,-0.00152587891 0.9965771,-0.0004845861 0.996398926,-0.00152587891
988 1.2804367768444684 13.119044536219347 2.0000001365333815 5.635038410381112 0.991210938,-0.0244140625 0.988769531,-0.0170898438 0.991210938,-0.0341796875 0.983886719,-0.0170898438 0.981445312,-0.0341796875
