1	1,-3.878896e-16	1.00021362,-0.000152587891	0.99997598,-3.4078877e-06	0.999984741,7.62939453e-05	1.00002289,-0.000114440918		4	
2	0.99997598,-3.4078877e-06	1,-3.878896e-16	0.99990392,-1.3630605e-05	0.999984741,7.62939453e-05	0.999946594,-0.000114440918		4	
3	0.99990392,-1.3630605e-05	0.99997598,-3.4078877e-06	0.99978383,-3.0665313e-05	0.9998703,-0.000114440918		3	
4	0.99978383,-3.0665313e-05	0.99990392,-1.3630605e-05	0.99961572,-5.4507286e-05	0.999794006,-0.000114440918		3	
5	0.99961572,-5.4507286e-05	0.999832153,-0.000228881836	0.99939961,-8.5149909e-05	0.999603271,-0.000457763672		3	
6	0.99939961,-8.5149909e-05	0.99961572,-5.4507286e-05	0.99913551,-0.00012258469	0.999298096,-0.000457763672		3	
7	0.99913551,-0.00012258469	0.99939961,-8.5149909e-05	0.99882345,-0.00016680125	0.99899292,-0.000457763672		3	
8	0.99882345,-0.00016680125	0.99913551,-0.00012258469	0.99846347,-0.00021778736	0.998687744,-0.000457763672		3	
9	0.99846347,-0.00021778736	0.99882345,-0.00016680125	0.99805559,-0.00027552891	0.998382568,-0.000457763672		3	
10	0.99805559,-0.00027552891	0.99846347,-0.00021778736	0.99759986,-0.00034000995	0.998077393,-0.000457763672		3	
11	0.99759986,-0.00034000995	0.99805559,-0.00027552891	0.998077393,-0.000457763672	0.99709632,-0.00041121269	0.997619629,-0.000915527344		4	
12	0.99709632,-0.00041121269	0.99759986,-0.00034000995	0.99654502,-0.00048911752	0.997009277,-0.000915527344		3	
13	0.99654502,-0.00048911752	0.99709632,-0.00041121269	0.99594601,-0.000573703	0.996398926,-0.000915527344		3	
14	0.99594601,-0.000573703	0.99654502,-0.00048911752	0.995788574,-0.000915527344		2	
15	0.99529935,-0.00066494589	0.995788574,-0.000915527344	0.9946051,-0.00076282119	0.995483398,-0.00183105469		3	
16	0.9946051,-0.00076282119	0.99529935,-0.00066494589	0.99386332,-0.00086730211	0.994262695,-0.00183105469	0.99594601,-0.000573703	0.99529935,-0.00066494589		5	
17	0.99386332,-0.00086730211	0.9946051,-0.00076282119	0.9930741,-0.00097836012	0.994262695,-0.00183105469		3	
18	0.9930741,-0.00097836012	0.99386332,-0.00086730211	0.9922375,-0.0010959649	0.993041992,-0.00183105469		3	
19	0.9922375,-0.0010959649	0.9930741,-0.00097836012	0.9913536,-0.0012200846	0.991821289,-0.00183105469		3	
20	0.9913536,-0.0012200846	0.9922375,-0.0010959649	0.991821289,-0.00183105469		2	
21	0.9904225,-0.0013506855	0.991821289,-0.00183105469	0.98944427,-0.0014877322	0.989990234,-0.00366210938		3	
22	0.98944427,-0.0014877322	0.9904225,-0.0013506855	0.98841902,-0.0016311879	0.989990234,-0.00366210938		3	
23	0.98841902,-0.0016311879	0.98944427,-0.0014877322	0.98734684,-0.0017810138	0.987548828,-0.00366210938	0.98944427,-0.0014877322	0.9913536,-0.0012200846	0.9904225,-0.0013506855		6	
24	0.98734684,-0.0017810138	0.98841902,-0.0016311879	0.98622783,-0.0019371698	0.987548828,-0.00366210938		3	
25	0.98622783,-0.0019371698	0.98734684,-0.0017810138	0.98506211,-0.0020996143	0.985107422,-0.00366210938		3	
26	0.98506211,-0.0020996143	0.98622783,-0.0019371698	0.98384978,-0.0022683037	0.985107422,-0.00366210938		3	
27	0.98384978,-0.0022683037	0.98506211,-0.0020996143	0.98259096,-0.0024431935	0.98384978,-0.0022683037	0.98506211,-0.0020996143	0.98622783,-0.0019371698		5	
28	0.98259096,-0.0024431935	0.985107422,-0.00366210938	0.98128578,-0.0026242371	0.980834961,-0.00427246094	0.98384978,-0.0022683037	0.983886719,-0.00732421875		5	
29	0.98128578,-0.0026242371	0.98259096,-0.0024431935	0.97993435,-0.002811387	0.980834961,-0.00427246094		3	
30	0.97993435,-0.002811387	0.98128578,-0.0026242371	0.97853681,-0.0030045939	0.979614258,-0.00427246094		3	
31	0.97853681,-0.0030045939	0.97993435,-0.002811387	0.97709329,-0.0032038072	0.978393555,-0.00427246094		3	
32	0.97709329,-0.0032038072	0.97853681,-0.0030045939	0.97560393,-0.003408975	0.977172852,-0.00427246094		3	
33	0.97560393,-0.003408975	0.97709329,-0.0032038072	0.977172852,-0.00427246094	0.97406887,-0.003620044	0.973510742,-0.00427246094	0.974121094,-0.00732421875		5	
34	0.97406887,-0.003620044	0.97560393,-0.003408975	0.973510742,-0.00427246094		2	
35	0.97248826,-0.0038369595	0.973510742,-0.00427246094	0.97086226,-0.0040596658	0.974121094,-0.00732421875		3	
36	0.97086226,-0.0040596658	0.97248826,-0.0038369595	0.96919102,-0.0042881057	0.969238281,-0.00732421875	0.97406887,-0.003620044	0.97560393,-0.003408975	0.97406887,-0.003620044	0.97086226,-0.0040596658	0.97248826,-0.0038369595		8	
37	0.96919102,-0.0042881057	0.97086226,-0.0040596658	0.96747469,-0.0045222208	0.969238281,-0.00732421875		3	
38	0.96747469,-0.0045222208	0.96919102,-0.0042881057	0.96571345,-0.0047619517	0.969238281,-0.00732421875		3	
39	0.96571345,-0.0047619517	0.965576172,-0.00610351562		1	
40	0.96390746,-0.0050072378	0.965576172,-0.00610351562	0.9620569,-0.0052580172	0.96571345,-0.0047619517	0.963745117,-0.00671386719		4	
41	0.9620569,-0.0052580172	0.96390746,-0.0050072378	0.96016195,-0.0055142272	0.962524414,-0.00671386719		3	
42	0.96016195,-0.0055142272	0.9620569,-0.0052580172	0.962524414,-0.00671386719	0.95822278,-0.0057758038	0.960693359,-0.00854492188		4	
43	0.95822278,-0.0057758038	0.96016195,-0.0055142272	0.95623958,-0.0060426823	0.958251953,-0.00854492188		3	
44	0.95623958,-0.0060426823	0.95822278,-0.0057758038	0.95421255,-0.0063147966	0.955810547,-0.00854492188		3	
45	0.95421255,-0.0063147966	0.95623958,-0.0060426823	0.95214188,-0.0065920801	0.953369141,-0.00854492188		3	
46	0.95214188,-0.0065920801	0.95421255,-0.0063147966	0.95002776,-0.006874465	0.950927734,-0.00854492188		3	
47	0.95002776,-0.006874465	0.95214188,-0.0065920801	0.94787041,-0.0071618826	0.950927734,-0.00854492188		3	
48	0.94787041,-0.0071618826	0.95002776,-0.006874465	0.948486328,-0.00854492188	0.94787041,-0.0071618826	0.95002776,-0.006874465	0.95421255,-0.0063147966	0.95214188,-0.0065920801		6	
49	0.94567002,-0.0074542636	0.948486328,-0.00854492188	0.94342681,-0.0077515377	0.942382812,-0.0146484375	0.94787041,-0.0071618826	0.95421255,-0.0063147966	0.95623958,-0.0060426823		6	
50	0.94342681,-0.0077515377	0.94567002,-0.0074542636	0.941141,-0.0080536338	0.942382812,-0.0146484375		3	
51	0.941141,-0.0080536338	0.94342681,-0.0077515377	0.9388128,-0.0083604802	0.942382812,-0.0146484375	0.94342681,-0.0077515377	0.94787041,-0.0071618826	0.94567002,-0.0074542636		6	
52	0.9388128,-0.0083604802	0.941141,-0.0080536338	0.93644244,-0.0086720043	0.942382812,-0.0146484375		3	
53	0.93644244,-0.0086720043	0.9388128,-0.0083604802	0.93403015,-0.008988133	0.932617188,-0.0146484375		3	
54	0.93403015,-0.008988133	0.93644244,-0.0086720043	0.93157615,-0.0093087924	0.932617188,-0.0146484375		3	
55	0.93157615,-0.0093087924	0.93403015,-0.008988133	0.92908069,-0.0096339079	0.932617188,-0.0146484375	0.93403015,-0.008988133	0.93644244,-0.0086720043		5	
56	0.92908069,-0.0096339079	0.93157615,-0.0093087924	0.932617188,-0.0146484375		2	
57	0.926544,-0.0099634047	0.932617188,-0.0146484375	0.92396632,-0.010297207	0.926513672,-0.0134277344		3	
58	0.92396632,-0.010297207	0.926544,-0.0099634047	0.92134791,-0.010635238	0.924072266,-0.0134277344		3	
59	0.92134791,-0.010635238	0.92396632,-0.010297207	0.91868902,-0.010977422	0.921630859,-0.0134277344		3	
60	0.91868902,-0.010977422	0.92134791,-0.010635238	0.9159899,-0.011323682	0.919189453,-0.0134277344		3	
61	0.9159899,-0.011323682	0.91868902,-0.010977422	0.91325081,-0.011673939	0.916748047,-0.0134277344		3	
62	0.91325081,-0.011673939	0.9159899,-0.011323682	0.91047202,-0.012028116	0.914306641,-0.0134277344		3	
63	0.91047202,-0.012028116	0.91325081,-0.011673939	0.914306641,-0.0134277344	0.90765378,-0.012386134	0.910644531,-0.0170898438		4	
64	0.90765378,-0.012386134	0.91047202,-0.012028116	0.90479638,-0.012747914	0.905761719,-0.0170898438		3	
65	0.90479638,-0.012747914	0.90765378,-0.012386134	0.90190009,-0.013113377	0.905761719,-0.0170898438		3	
66	0.90190009,-0.013113377	0.90479638,-0.012747914	0.89896517,-0.013482443	0.900878906,-0.0170898438	0.90479638,-0.012747914	0.91047202,-0.012028116	0.90765378,-0.012386134		6	
67	0.89896517,-0.013482443	0.90190009,-0.013113377	0.89599193,-0.013855033	0.900878906,-0.0170898438		3	
68	0.89599193,-0.013855033	0.89896517,-0.013482443	0.89298064,-0.014231065	0.895996094,-0.0170898438		3	
69	0.89298064,-0.014231065	0.89599193,-0.013855033	0.88993159,-0.01461046	0.891113281,-0.0170898438		3	
70	0.88993159,-0.01461046	0.89298064,-0.014231065	0.891113281,-0.0170898438		2	
71	0.88684507,-0.014993137	0.891113281,-0.0170898438	0.88372139,-0.015379015	0.882568359,-0.0183105469	0.888671875,-0.029296875	0.88993159,-0.01461046	0.89599193,-0.013855033	0.89298064,-0.014231065		7	
72	0.88372139,-0.015379015	0.88684507,-0.014993137	0.88056084,-0.015768012	0.882568359,-0.0183105469		3	
73	0.88056084,-0.015768012	0.88372139,-0.015379015	0.87736372,-0.016160047	0.880126953,-0.0183105469		3	
74	0.87736372,-0.016160047	0.88056084,-0.015768012	0.87413035,-0.016555037	0.877685547,-0.0183105469		3	
75	0.87413035,-0.016555037	0.87736372,-0.016160047	0.87086102,-0.016952902	0.875244141,-0.0183105469		3	
76	0.87086102,-0.016952902	0.87413035,-0.016555037	0.875244141,-0.0183105469	0.86755607,-0.017353559	0.869140625,-0.029296875		4	
77	0.86755607,-0.017353559	0.87086102,-0.016952902	0.8642158,-0.017756925	0.869140625,-0.029296875	0.87086102,-0.016952902	0.87413035,-0.016555037	0.87736372,-0.016160047		6	
78	0.8642158,-0.017756925	0.86755607,-0.017353559	0.86084054,-0.018162919	0.869140625,-0.029296875		3	
79	0.86084054,-0.018162919	0.8642158,-0.017756925	0.8574306,-0.018571457	0.869140625,-0.029296875		3	
80	0.8574306,-0.018571457	0.86084054,-0.018162919	0.85398632,-0.018982457	0.854492188,-0.0244140625		3	
81	0.85398632,-0.018982457	0.8574306,-0.018571457	0.85050803,-0.019395835	0.854492188,-0.0244140625		3	
82	0.85050803,-0.019395835	0.85398632,-0.018982457	0.854492188,-0.0244140625		2	
83	0.84699607,-0.019811509	0.854492188,-0.0244140625	0.84345076,-0.020229396	0.843505859,-0.0231933594	0.847167969,-0.0268554688		4	
84	0.84345076,-0.020229396	0.84699607,-0.019811509	0.83987246,-0.020649412	0.843505859,-0.0231933594		3	
85	0.83987246,-0.020649412	0.84345076,-0.020229396	0.8362615,-0.021071473	0.841064453,-0.0231933594		3	
86	0.8362615,-0.021071473	0.83987246,-0.020649412	0.841064453,-0.0231933594	0.83261823,-0.021495496	0.837402344,-0.0268554688		4	
87	0.83261823,-0.021495496	0.8362615,-0.021071473	0.828943,-0.021921397	0.828857422,-0.0231933594	0.832519531,-0.0268554688		4	
88	0.828943,-0.021921397	0.83261823,-0.021495496	0.828857422,-0.0231933594		2	
89	0.82523617,-0.022349093	0.828857422,-0.0231933594	0.82149808,-0.022778499	0.827636719,-0.0268554688		3	
90	0.82149808,-0.022778499	0.82523617,-0.022349093	0.81772911,-0.023209531	0.822753906,-0.0268554688	0.828943,-0.021921397	0.82149808,-0.022778499	0.82523617,-0.022349093		6	
91	0.81772911,-0.023209531	0.82149808,-0.022778499	0.81392961,-0.023642105	0.817871094,-0.0268554688		3	
92	0.81392961,-0.023642105	0.81772911,-0.023209531	0.81009995,-0.024076136	0.812988281,-0.0268554688		3	
93	0.81009995,-0.024076136	0.81392961,-0.023642105	0.80624049,-0.02451154		2	
94	0.80624049,-0.02451154	0.812988281,-0.0268554688	0.80235161,-0.024948232	0.81009995,-0.024076136	0.805664062,-0.0341796875		4	
95	0.80235161,-0.024948232	0.80624049,-0.02451154	0.79843367,-0.025386127	0.805664062,-0.0341796875		3	
96	0.79843367,-0.025386127	0.80235161,-0.024948232	0.79448707,-0.02582514	0.795898438,-0.0341796875		3	
97	0.79448707,-0.02582514	0.79843367,-0.025386127	0.79051217,-0.026265186	0.789794922,-0.0280761719	0.795898438,-0.0341796875		4	
98	0.79051217,-0.026265186	0.79448707,-0.02582514	0.78650935,-0.026706178	0.789794922,-0.0280761719		3	
99	0.78650935,-0.026706178	0.79051217,-0.026265186	0.78247901,-0.027148033	0.787353516,-0.0280761719		3	
100	0.78247901,-0.027148033	0.78650935,-0.026706178	0.787353516,-0.0280761719	0.77842152,-0.027590663	0.786132812,-0.0341796875		4	
101	0.77842152,-0.027590663	0.78247901,-0.027148033	0.77433729,-0.028033982	0.776367188,-0.0341796875		3	
102	0.77433729,-0.028033982	0.77842152,-0.027590663	0.7702267,-0.028477905	0.776367188,-0.0341796875		3	
103	0.7702267,-0.028477905	0.77433729,-0.028033982	0.76609014,-0.028922344	0.77433729,-0.028033982	0.77842152,-0.027590663		4	
104	0.76609014,-0.028922344	0.7702267,-0.028477905	0.76192802,-0.029367214		2	
105	0.76192802,-0.029367214	0.776367188,-0.0341796875	0.75774072,-0.029812426	0.759277344,-0.0366210938	0.76609014,-0.028922344	0.76171875,-0.05859375		5	
106	0.75774072,-0.029812426	0.76192802,-0.029367214	0.75352867,-0.030257893	0.759277344,-0.0366210938		3	
107	0.75352867,-0.030257893	0.75774072,-0.029812426	0.74929226,-0.030703529	0.754394531,-0.0366210938		3	
108	0.74929226,-0.030703529	0.75352867,-0.030257893	0.74503189,-0.031149244	0.749511719,-0.0366210938		3	
109	0.74503189,-0.031149244	0.74929226,-0.030703529	0.74074798,-0.03159495	0.744628906,-0.0366210938		3	
110	0.74074798,-0.03159495	0.74503189,-0.031149244	0.73644094,-0.03204056	0.739746094,-0.0366210938		3	
111	0.73644094,-0.03204056	0.74074798,-0.03159495	0.73211118,-0.032485984	0.734863281,-0.0366210938		3	
112	0.73211118,-0.032485984	0.73644094,-0.03204056	0.72775912,-0.032931132	0.729980469,-0.0366210938		3	
113	0.72775912,-0.032931132	0.73211118,-0.032485984	0.72338518,-0.033375915	0.729980469,-0.0366210938		3	
114	0.72338518,-0.033375915	0.72775912,-0.032931132	0.71898977,-0.033820244	0.725097656,-0.0366210938	0.72338518,-0.033375915	0.72775912,-0.032931132	0.73644094,-0.03204056	0.73211118,-0.032485984		7	
115	0.71898977,-0.033820244	0.72338518,-0.033375915	0.720214844,-0.0366210938		2	
116	0.71457332,-0.034264027	0.720214844,-0.0366210938	0.71013626,-0.034707173	0.72265625,-0.05859375		3	
117	0.71013626,-0.034707173	0.71457332,-0.034264027	0.70567901,-0.035149592	0.72265625,-0.05859375	0.71898977,-0.033820244	0.71457332,-0.034264027		5	
118	0.70567901,-0.035149592	0.71013626,-0.034707173	0.70120199,-0.035591192	0.72265625,-0.05859375		3	
119	0.70120199,-0.035591192	0.70567901,-0.035149592	0.69670564,-0.036031881		2	
120	0.69670564,-0.036031881	0.70120199,-0.035591192	0.69219039,-0.036471565		2	
121	0.69219039,-0.036471565	0.69670564,-0.036031881	0.68765668,-0.036910153	0.69670564,-0.036031881	0.70120199,-0.035591192		4	
122	0.68765668,-0.036910153	0.69219039,-0.036471565	0.68310494,-0.03734755		2	
123	0.68310494,-0.03734755	0.68765668,-0.036910153	0.6785356,-0.037783663	0.68765668,-0.036910153	0.69219039,-0.036471565		4	
124	0.6785356,-0.037783663	0.68310494,-0.03734755	0.67394911,-0.038218396		2	
125	0.67394911,-0.038218396	0.6785356,-0.037783663	0.6693459,-0.038651655		2	
126	0.6693459,-0.038651655	0.66472643,-0.039083345	0.6693459,-0.038651655	0.68310494,-0.03734755	0.6693459,-0.038651655	0.67394911,-0.038218396	0.68310494,-0.03734755	0.6785356,-0.037783663		7	
127	0.66472643,-0.039083345	0.72265625,-0.05859375	0.654296875,-0.068359375	0.6640625,-0.1171875	0.71898977,-0.033820244	0.70567901,-0.035149592	0.71013626,-0.034707173		6	
128	0.66009113,-0.03951337	0.66472643,-0.039083345	0.65544044,-0.039941632	0.661621094,-0.0463867188		3	
129	0.65544044,-0.039941632	0.66009113,-0.03951337	0.65077482,-0.040368036	0.656738281,-0.0463867188		3	
130	0.65077482,-0.040368036	0.65544044,-0.039941632	0.64609472,-0.040792482	0.651855469,-0.0463867188		3	
131	0.64609472,-0.040792482	0.65077482,-0.040368036	0.64140057,-0.041214874	0.646972656,-0.0463867188		3	
132	0.64140057,-0.041214874	0.64609472,-0.040792482	0.63669284,-0.041635113	0.642089844,-0.0463867188		3	
133	0.63669284,-0.041635113	0.64140057,-0.041214874	0.63197198,-0.042053099	0.637207031,-0.0463867188		3	
134	0.63197198,-0.042053099	0.63669284,-0.041635113	0.62723844,-0.042468733	0.632324219,-0.0463867188		3	
135	0.62723844,-0.042468733	0.63197198,-0.042053099	0.62249267,-0.042881914	0.627441406,-0.0463867188		3	
136	0.62249267,-0.042881914	0.62723844,-0.042468733	0.61773513,-0.043292542	0.622558594,-0.0463867188		3	
137	0.61773513,-0.043292542	0.62249267,-0.042881914	0.61296628,-0.043700516	0.617675781,-0.0463867188		3	
138	0.61296628,-0.043700516	0.61773513,-0.043292542	0.612792969,-0.0463867188		2	
139	0.60818658,-0.044105734	0.612792969,-0.0463867188	0.60339648,-0.044508093	0.610351562,-0.0537109375		3	
140	0.60339648,-0.044508093	0.60818658,-0.044105734	0.59859645,-0.044907491	0.600585938,-0.0537109375		3	
141	0.59859645,-0.044907491	0.60339648,-0.044508093	0.59378694,-0.045303825	0.600585938,-0.0537109375		3	
142	0.59378694,-0.045303825	0.59859645,-0.044907491	0.58896842,-0.04569699	0.590820312,-0.0537109375	0.59859645,-0.044907491	0.60339648,-0.044508093		5	
143	0.58896842,-0.04569699	0.59378694,-0.045303825	0.58414136,-0.046086883	0.590820312,-0.0537109375		3	
144	0.58414136,-0.046086883	0.58896842,-0.04569699	0.57930621,-0.046473399	0.581054688,-0.0537109375		3	
145	0.57930621,-0.046473399	0.58414136,-0.046086883	0.57446344,-0.046856432	0.581054688,-0.0537109375		3	
146	0.57446344,-0.046856432	0.57930621,-0.046473399	0.56961351,-0.047235878	0.571289062,-0.0537109375	0.57930621,-0.046473399	0.58414136,-0.046086883		5	
147	0.56961351,-0.047235878	0.57446344,-0.046856432	0.5647569,-0.047611631	0.571289062,-0.0537109375		3	
148	0.5647569,-0.047611631	0.56961351,-0.047235878	0.55989407,-0.047983583	0.561523438,-0.0537109375		3	
149	0.55989407,-0.047983583	0.5647569,-0.047611631	0.55502548,-0.048351629	0.561523438,-0.0537109375		3	
150	0.55502548,-0.048351629	0.55989407,-0.047983583	0.5501516,-0.048715662	0.551757812,-0.0537109375	0.55989407,-0.047983583	0.5647569,-0.047611631		5	
151	0.5501516,-0.048715662	0.55502548,-0.048351629	0.551757812,-0.0537109375		2	
152	0.5452729,-0.049075573	0.551757812,-0.0537109375	0.54038986,-0.049431257	0.544433594,-0.0561523438		3	
153	0.54038986,-0.049431257	0.5452729,-0.049075573	0.53550293,-0.049782604	0.539550781,-0.0561523438		3	
154	0.53550293,-0.049782604	0.54038986,-0.049431257	0.5306126,-0.050129506	0.534667969,-0.0561523438		3	
155	0.5306126,-0.050129506	0.53550293,-0.049782604	0.52571932,-0.050471856	0.529785156,-0.0561523438		3	
156	0.52571932,-0.050471856	0.5306126,-0.050129506	0.52082357,-0.050809545	0.524902344,-0.0561523438		3	
157	0.52082357,-0.050809545	0.52571932,-0.050471856	0.51592582,-0.051142464	0.520019531,-0.0561523438		3	
158	0.51592582,-0.051142464	0.52082357,-0.050809545	0.51102654,-0.051470505	0.515136719,-0.0561523438		3	
159	0.51102654,-0.051470505	0.51592582,-0.051142464	0.5061262,-0.051793559	0.510253906,-0.0561523438		3	
160	0.5061262,-0.051793559	0.51102654,-0.051470505	0.50122527,-0.052111516	0.505371094,-0.0561523438		3	
161	0.50122527,-0.052111516	0.5061262,-0.051793559	0.49632422,-0.052424269	0.500488281,-0.0561523438		3	
162	0.49632422,-0.052424269	0.50122527,-0.052111516	0.49142353,-0.052731709	0.495605469,-0.0561523438		3	
163	0.49142353,-0.052731709	0.49632422,-0.052424269	0.48652366,-0.053033726	0.490722656,-0.0561523438		3	
164	0.48652366,-0.053033726	0.49142353,-0.052731709	0.48162509,-0.053330213	0.485839844,-0.0561523438		3	
165	0.48162509,-0.053330213	0.48652366,-0.053033726	0.47672828,-0.05362106	0.480957031,-0.0561523438		3	
166	0.47672828,-0.05362106	0.48162509,-0.053330213	0.476074219,-0.0561523438		2	
167	0.4718337,-0.053906161	0.476074219,-0.0561523438	0.46694184,-0.054185406	0.478515625,-0.068359375		3	
168	0.46694184,-0.054185406	0.4718337,-0.053906161	0.46205315,-0.054458689	0.458984375,-0.068359375		3	
169	0.46205315,-0.054458689	0.46694184,-0.054185406	0.4571681,-0.054725903	0.458984375,-0.068359375		3	
170	0.4571681,-0.054725903	0.46205315,-0.054458689	0.45228718,-0.05498694	0.458984375,-0.068359375	0.46205315,-0.054458689	0.46694184,-0.054185406		5	
171	0.45228718,-0.05498694	0.4571681,-0.054725903	0.44741083,-0.055241695	0.458984375,-0.068359375		3	
172	0.44741083,-0.055241695	0.45228718,-0.05498694	0.44253954,-0.055490061	0.439453125,-0.068359375	0.45228718,-0.05498694	0.4571681,-0.054725903		5	
173	0.44253954,-0.055490061	0.44741083,-0.055241695	0.43767377,-0.055731933	0.439453125,-0.068359375		3	
174	0.43767377,-0.055731933	0.44253954,-0.055490061	0.43281399,-0.055967207	0.439453125,-0.068359375	0.44253954,-0.055490061	0.44741083,-0.055241695		5	
175	0.43281399,-0.055967207	0.43767377,-0.055731933	0.42796066,-0.05619578	0.439453125,-0.068359375		3	
176	0.42796066,-0.05619578	0.43281399,-0.055967207	0.42311425,-0.056417547	0.419921875,-0.068359375		3	
177	0.42311425,-0.056417547	0.42796066,-0.05619578	0.41827524,-0.056632406	0.419921875,-0.068359375		3	
178	0.41827524,-0.056632406	0.42311425,-0.056417547	0.41344407,-0.056840257	0.419921875,-0.068359375	0.42311425,-0.056417547	0.42796066,-0.05619578		5	
179	0.41344407,-0.056840257	0.41827524,-0.056632406	0.40862122,-0.057040998	0.419921875,-0.068359375		3	
180	0.40862122,-0.057040998	0.41344407,-0.056840257	0.40380715,-0.057234529	0.400390625,-0.068359375	0.41344407,-0.056840257	0.41827524,-0.056632406		5	
181	0.40380715,-0.057234529	0.40862122,-0.057040998	0.39900232,-0.057420753	0.400390625,-0.068359375		3	
182	0.39900232,-0.057420753	0.40380715,-0.057234529	0.3942072,-0.057599571	0.400390625,-0.068359375	0.40380715,-0.057234529	0.40862122,-0.057040998		5	
183	0.3942072,-0.057599571	0.39900232,-0.057420753	0.38942224,-0.057770887	0.400390625,-0.068359375		3	
184	0.38942224,-0.057770887	0.3942072,-0.057599571	0.38464791,-0.057934606	0.380859375,-0.068359375		3	
185	0.38464791,-0.057934606	0.38942224,-0.057770887	0.37988466,-0.058090635	0.380859375,-0.068359375		3	
186	0.37988466,-0.058090635	0.38464791,-0.057934606	0.37513295,-0.058238879	0.380859375,-0.068359375	0.38464791,-0.057934606	0.38942224,-0.057770887		5	
187	0.37513295,-0.058238879	0.37988466,-0.058090635	0.37039323,-0.058379249	0.380859375,-0.068359375		3	
188	0.37039323,-0.058379249	0.37513295,-0.058238879	0.36566598,-0.058511654	0.366210938,-0.0634765625	0.37513295,-0.058238879	0.37988466,-0.058090635		5	
189	0.36566598,-0.058511654	0.37039323,-0.058379249	0.366210938,-0.0634765625		2	
190	0.36095162,-0.058636006	0.366210938,-0.0634765625	0.35625063,-0.058752218	0.355224609,-0.0622558594	0.358886719,-0.0659179688		4	
191	0.35625063,-0.058752218	0.36095162,-0.058636006	0.35156345,-0.058860205	0.355224609,-0.0622558594		3	
192	0.35156345,-0.058860205	0.35625063,-0.058752218	0.34689053,-0.058959883	0.352783203,-0.0622558594		3	
193	0.34689053,-0.058959883	0.35156345,-0.058860205	0.352783203,-0.0622558594	0.34223232,-0.059051172	0.349121094,-0.0659179688		4	
194	0.34223232,-0.059051172	0.34689053,-0.058959883	0.33758927,-0.05913399	0.344238281,-0.0659179688		3	
195	0.33758927,-0.05913399	0.34223232,-0.059051172	0.33296183,-0.05920826	0.339355469,-0.0659179688		3	
196	0.33296183,-0.05920826	0.33758927,-0.05913399	0.32835043,-0.059273905	0.334472656,-0.0659179688		3	
197	0.32835043,-0.059273905	0.33296183,-0.05920826	0.32375553,-0.059330851	0.329589844,-0.0659179688		3	
198	0.32375553,-0.059330851	0.32835043,-0.059273905	0.31917756,-0.059379026	0.324707031,-0.0659179688		3	
199	0.31917756,-0.059379026	0.32375553,-0.059330851	0.31461697,-0.05941836	0.319824219,-0.0659179688		3	
200	0.31461697,-0.05941836	0.31917756,-0.059379026	0.31007418,-0.059448784	0.314941406,-0.0659179688		3	
201	0.31007418,-0.059448784	0.31461697,-0.05941836	0.30554965,-0.059470233	0.310058594,-0.0659179688		3	
202	0.30554965,-0.059470233	0.31007418,-0.059448784	0.30104379,-0.059482643	0.305175781,-0.0659179688		3	
203	0.30104379,-0.059482643	0.30554965,-0.059470233	0.29655706,-0.059485951	0.300292969,-0.0659179688		3	
204	0.29655706,-0.059485951	0.30104379,-0.059482643	0.29208987,-0.059480101	0.295410156,-0.0659179688		3	
205	0.29208987,-0.059480101	0.29655706,-0.059485951	0.28764266,-0.059465033	0.286865234,-0.0622558594	0.290527344,-0.0659179688		4	
206	0.28764266,-0.059465033	0.29208987,-0.059480101	0.28321585,-0.059440695	0.286865234,-0.0622558594		3	
207	0.28321585,-0.059440695	0.28764266,-0.059465033	0.27880987,-0.059407033	0.284423828,-0.0622558594		3	
208	0.27880987,-0.059407033	0.28321585,-0.059440695	0.284423828,-0.0622558594	0.27442514,-0.059364	0.280761719,-0.0659179688		4	
209	0.27442514,-0.059364	0.27880987,-0.059407033	0.27006209,-0.059311547	0.275878906,-0.0659179688		3	
210	0.27006209,-0.059311547	0.27442514,-0.059364	0.26572112,-0.05924963	0.270996094,-0.0659179688		3	
211	0.26572112,-0.05924963	0.27006209,-0.059311547	0.26140267,-0.059178208	0.266113281,-0.0659179688		3	
212	0.26140267,-0.059178208	0.26572112,-0.05924963	0.25710715,-0.059097241	0.261230469,-0.0659179688		3	
213	0.25710715,-0.059097241	0.26140267,-0.059178208	0.25283496,-0.059006694	0.256347656,-0.0659179688		3	
214	0.25283496,-0.059006694	0.25710715,-0.059097241	0.24858652,-0.058906532	0.247802734,-0.0622558594	0.251464844,-0.0659179688		4	
215	0.24858652,-0.058906532	0.25283496,-0.059006694	0.24436223,-0.058796724	0.247802734,-0.0622558594		3	
216	0.24436223,-0.058796724	0.24858652,-0.058906532	0.24016251,-0.058677242	0.245361328,-0.0622558594		3	
217	0.24016251,-0.058677242	0.246582031,-0.0659179688	0.224609375,-0.068359375	0.23598775,-0.058548061	0.239257812,-0.0732421875		4	
218	0.23598775,-0.058548061	0.24016251,-0.058677242	0.23598775,-0.058548061		2	
219	0.23183836,-0.058409158	0.23598775,-0.058548061	0.22771474,-0.058260512	0.224609375,-0.068359375		3	
220	0.22771474,-0.058260512	0.23183836,-0.058409158	0.22361727,-0.058102108	0.224609375,-0.068359375		3	
221	0.22361727,-0.058102108	0.22771474,-0.058260512	0.21954637,-0.057933931	0.224609375,-0.068359375	0.22771474,-0.058260512	0.23598775,-0.058548061	0.23183836,-0.058409158		6	
222	0.21954637,-0.057933931	0.22361727,-0.058102108	0.2155024,-0.05775597	0.224609375,-0.068359375		3	
223	0.2155024,-0.05775597	0.21954637,-0.057933931	0.21148578,-0.057568216	0.224609375,-0.068359375		3	
224	0.21148578,-0.057568216	0.2155024,-0.05775597	0.20749687,-0.057370664	0.205078125,-0.068359375	0.23598775,-0.058548061	0.22361727,-0.058102108	0.21148578,-0.057568216	0.2155024,-0.05775597	0.22361727,-0.058102108	0.21954637,-0.057933931		9	
225	0.20749687,-0.057370664	0.21148578,-0.057568216	0.20353607,-0.057163311	0.205078125,-0.068359375		3	
226	0.20353607,-0.057163311	0.20749687,-0.057370664	0.19960375,-0.056946158	0.205078125,-0.068359375	0.20749687,-0.057370664	0.21148578,-0.057568216		5	
227	0.19960375,-0.056946158	0.20353607,-0.057163311	0.1957003,-0.056719208	0.205078125,-0.068359375		3	
228	0.1957003,-0.056719208	0.19960375,-0.056946158	0.19182608,-0.056482466	0.205078125,-0.068359375		3	
229	0.19182608,-0.056482466	0.1957003,-0.056719208	0.18798147,-0.056235943	0.185546875,-0.068359375		3	
230	0.18798147,-0.056235943	0.19182608,-0.056482466	0.18416685,-0.055979649	0.185546875,-0.068359375		3	
231	0.18416685,-0.055979649	0.18798147,-0.056235943	0.18038256,-0.0557136	0.179443359,-0.0573730469	0.185546875,-0.068359375	0.18798147,-0.056235943	0.19182608,-0.056482466		6	
232	0.18038256,-0.0557136	0.18416685,-0.055979649	0.17662899,-0.055437813	0.179443359,-0.0573730469		3	
233	0.17662899,-0.055437813	0.18038256,-0.0557136	0.17290649,-0.05515231	0.177001953,-0.0573730469		3	
234	0.17290649,-0.05515231	0.17662899,-0.055437813	0.177001953,-0.0573730469	0.16921541,-0.054857112	0.166015625,-0.068359375	0.17662899,-0.055437813	0.18038256,-0.0557136	0.18416685,-0.055979649		7	
235	0.16921541,-0.054857112	0.17290649,-0.05515231	0.16555612,-0.054552246	0.164794922,-0.0573730469	0.166015625,-0.068359375		4	
236	0.16555612,-0.054552246	0.16921541,-0.054857112	0.16192896,-0.054237742	0.164794922,-0.0573730469		3	
237	0.16192896,-0.054237742	0.16555612,-0.054552246	0.15833429,-0.053913631	0.162353516,-0.0573730469		3	
238	0.15833429,-0.053913631	0.16192896,-0.054237742	0.162353516,-0.0573730469	0.153808594,-0.0561523438	0.166015625,-0.068359375		4	
239	0.15477244,-0.053579947	0.15124376,-0.053236728	0.153808594,-0.0561523438		2	
240	0.15124376,-0.053236728	0.15477244,-0.053579947	0.14774859,-0.052884013	0.148925781,-0.0561523438		3	
241	0.14774859,-0.052884013	0.15124376,-0.053236728	0.14428727,-0.052521844	0.148925781,-0.0561523438		3	
242	0.14428727,-0.052521844	0.14774859,-0.052884013	0.14086012,-0.052150268	0.144042969,-0.0561523438		3	
243	0.14086012,-0.052150268	0.14428727,-0.052521844	0.13746748,-0.051769331	0.139160156,-0.0561523438		3	
244	0.13746748,-0.051769331	0.14086012,-0.052150268	0.13410967,-0.051379084	0.139160156,-0.0561523438		3	
245	0.13410967,-0.051379084	0.13746748,-0.051769331	0.13078702,-0.050979579	0.130615234,-0.0524902344	0.134277344,-0.0561523438		4	
246	0.13078702,-0.050979579	0.13410967,-0.051379084	0.12749984,-0.050570871	0.130615234,-0.0524902344		3	
247	0.12749984,-0.050570871	0.13078702,-0.050979579	0.12424845,-0.050153018	0.128173828,-0.0524902344		3	
248	0.12424845,-0.050153018	0.12749984,-0.050570871	0.128173828,-0.0524902344	0.12103317,-0.049726079	0.120849609,-0.0524902344	0.124511719,-0.0561523438		5	
249	0.12103317,-0.049726079	0.12424845,-0.050153018	0.1178543,-0.049290117	0.120849609,-0.0524902344		3	
250	0.1178543,-0.049290117	0.12103317,-0.049726079	0.11471214,-0.048845195	0.118408203,-0.0524902344		3	
251	0.11471214,-0.048845195	0.119628906,-0.0561523438	0.102539062,-0.0537109375	0.107421875,-0.068359375		3	
252	0.111607,-0.04839138	0.10853918,-0.047928741	0.11471214,-0.048845195	0.111607,-0.04839138	0.11471214,-0.048845195		4	
253	0.10853918,-0.047928741	0.111607,-0.04839138	0.10550898,-0.047457347		2	
254	0.10550898,-0.047457347	0.10853918,-0.047928741	0.10251667,-0.046977271	0.102539062,-0.0537109375	0.10550898,-0.047457347	0.10853918,-0.047928741	0.111607,-0.04839138		6	
255	0.10251667,-0.046977271	0.10550898,-0.047457347	0.09956256,-0.046488587	0.102539062,-0.0537109375		3	
256	0.09956256,-0.046488587	0.10251667,-0.046977271	0.0964355469,-0.0476074219	0.102539062,-0.0537109375		3	
257	0.096646922,-0.045991372	0.093770039,-0.045485703	0.0964355469,-0.0476074219		2	
258	0.093770039,-0.045485703	0.096646922,-0.045991372	0.090932187,-0.044971659	0.0939941406,-0.0476074219		3	
259	0.090932187,-0.044971659	0.093770039,-0.045485703	0.088133639,-0.044449323	0.0915527344,-0.0476074219		3	
260	0.088133639,-0.044449323	0.090932187,-0.044971659	0.0854492188,-0.0463867188	0.0891113281,-0.0476074219		3	
261	0.085374663,-0.043918775	0.082655525,-0.043380101	0.0854492188,-0.0463867188		2	
262	0.082655525,-0.043380101	0.085374663,-0.043918775	0.079976487,-0.042833386	0.0805664062,-0.0463867188		3	
263	0.079976487,-0.042833386	0.082655525,-0.043380101	0.077337805,-0.042278716	0.0805664062,-0.0463867188		3	
264	0.077337805,-0.042278716	0.079976487,-0.042833386	0.074739733,-0.041716179	0.0756835938,-0.0463867188		3	
265	0.074739733,-0.041716179	0.077337805,-0.042278716	0.0720214844,-0.0427246094	0.0756835938,-0.0463867188		3	
266	0.072182521,-0.041145864	0.069666414,-0.040567862	0.0720214844,-0.0427246094		2	
267	0.069666414,-0.040567862	0.072182521,-0.041145864	0.067191654,-0.039982262	0.0695800781,-0.0427246094		3	
268	0.067191654,-0.039982262	0.069666414,-0.040567862	0.064758479,-0.039389157	0.0671386719,-0.0427246094		3	
269	0.064758479,-0.039389157	0.067191654,-0.039982262	0.0610351562,-0.0415039062	0.0646972656,-0.0427246094		3	
270	0.062367123,-0.03878864	0.060017816,-0.038180802	0.0610351562,-0.0415039062	0.062367123,-0.03878864	0.064758479,-0.039389157	0.067191654,-0.039982262		5	
271	0.060017816,-0.038180802	0.062367123,-0.03878864	0.057710782,-0.03756574	0.0610351562,-0.0415039062		3	
272	0.057710782,-0.03756574	0.060017816,-0.038180802	0.055446245,-0.036943545	0.048828125,-0.048828125	0.060017816,-0.038180802	0.062367123,-0.03878864		5	
273	0.055446245,-0.036943545	0.057710782,-0.03756574	0.0524902344,-0.0378417969	0.048828125,-0.048828125		3	
274	0.053224421,-0.036314314	0.051045523,-0.035678141	0.0524902344,-0.0378417969		2	
275	0.051045523,-0.035678141	0.053224421,-0.036314314	0.0494384766,-0.0360107422	0.0500488281,-0.0378417969		3	
276	0.048909762,-0.035035121	0.046817343,-0.03438535	0.0494384766,-0.0360107422	0.053224421,-0.036314314	0.048909762,-0.035035121	0.051045523,-0.035678141		5	
277	0.046817343,-0.03438535	0.0500488281,-0.0378417969	0.0415039062,-0.0366210938	0.044768466,-0.033728923	0.048828125,-0.048828125	0.044768466,-0.033728923	0.053224421,-0.036314314		6	
278	0.044768466,-0.033728923	0.042763328,-0.033065936	0.046817343,-0.03438535		2	
279	0.042763328,-0.033065936	0.044768466,-0.033728923	0.040802123,-0.032396483	0.0415039062,-0.0366210938		3	
280	0.040802123,-0.032396483	0.042763328,-0.033065936	0.0378417969,-0.0329589844	0.0415039062,-0.0366210938		3	
281	0.038885037,-0.031720659	0.037012257,-0.03103856	0.0378417969,-0.0329589844		2	
282	0.037012257,-0.03103856	0.038885037,-0.031720659	0.035183961,-0.030350279	0.0378417969,-0.0329589844		3	
283	0.035183961,-0.030350279	0.037012257,-0.03103856	0.033400326,-0.02965591	0.0354003906,-0.0329589844	0.035183961,-0.030350279	0.037012257,-0.03103856	0.038885037,-0.031720659		6	
284	0.033400326,-0.02965591	0.035183961,-0.030350279	0.0354003906,-0.0329589844	0.0244140625,-0.0341796875	0.0317382812,-0.0366210938		4	
285	0.031661522,-0.028955546	0.029967716,-0.02824928	0.033400326,-0.02965591	0.031661522,-0.028955546	0.033400326,-0.02965591	0.035183961,-0.030350279		5	
286	0.029967716,-0.02824928	0.031661522,-0.028955546	0.028319072,-0.027537203		2	
287	0.028319072,-0.027537203	0.029967716,-0.02824928	0.0256347656,-0.0280761719	0.0244140625,-0.0341796875	0.028319072,-0.027537203	0.029967716,-0.02824928	0.031661522,-0.028955546		6	
288	0.026715749,-0.026819406	0.025157898,-0.026095979	0.0256347656,-0.0280761719	0.026715749,-0.026819406	0.028319072,-0.027537203		4	
289	0.025157898,-0.026095979	0.026715749,-0.026819406	0.0238037109,-0.0262451172	0.0256347656,-0.0280761719		3	
290	0.023645672,-0.025367011	0.022179214,-0.024632589	0.0238037109,-0.0262451172		2	
291	0.022179214,-0.024632589	0.023645672,-0.025367011	0.0207519531,-0.0256347656	0.020758667,-0.023892801	0.0225830078,-0.0262451172		4	
292	0.020758667,-0.023892801	0.0207519531,-0.0256347656	0.020758667,-0.023892801		2	
293	0.019384165,-0.023147731	0.020758667,-0.023892801	0.018055842,-0.022397464	0.0189208984,-0.0238037109		3	
294	0.018055842,-0.022397464	0.019384165,-0.023147731	0.0158691406,-0.0231933594	0.0177001953,-0.0238037109		3	
295	0.016773825,-0.021642081	0.015538237,-0.020881665	0.0158691406,-0.0231933594	0.020758667,-0.023892801	0.016773825,-0.021642081	0.018055842,-0.022397464	0.019384165,-0.023147731		6	
296	0.015538237,-0.020881665	0.016773825,-0.021642081	0.014349196,-0.020116295	0.0158691406,-0.0231933594		3	
297	0.014349196,-0.020116295	0.0158691406,-0.0231933594	0.0048828125,-0.0244140625	0.013206818,-0.019346047	0.0122070312,-0.0268554688	0.014349196,-0.020116295	0.015538237,-0.020881665	0.016773825,-0.021642081		7	
298	0.013206818,-0.019346047	0.012111212,-0.018571	0.014349196,-0.020116295	0.013206818,-0.019346047		3	
299	0.012111212,-0.018571	0.013206818,-0.019346047	0.0103759766,-0.0189208984	0.011062483,-0.017791226		3	
300	0.011062483,-0.017791226	0.0103759766,-0.0177001953	0.010060732,-0.017006799	0.012111212,-0.018571		3	
301	0.010060732,-0.017006799	0.0091060546,-0.016217789	0.0103759766,-0.0177001953	0.011062483,-0.017791226	0.010060732,-0.017006799	0.013206818,-0.019346047		5	
302	0.0091060546,-0.016217789	0.010060732,-0.017006799	0.00793457031,-0.0164794922	0.00854492188,-0.0183105469		3	
303	0.0081985434,-0.015424265	0.00610351562,-0.0158691406	0.0073382852,-0.014626294	0.00793457031,-0.0164794922	0.010060732,-0.017006799	0.0081985434,-0.015424265	0.0073382852,-0.014626294	0.0091060546,-0.016217789		7	
304	0.0073382852,-0.014626294	0.0065253628,-0.013823939	0.0081985434,-0.015424265		2	
305	0.0065253628,-0.013823939	0.0073382852,-0.014626294	0.00549316406,-0.0140380859	0.00610351562,-0.0158691406		3	
306	0.0057598542,-0.013017264	0.00366210938,-0.0134277344	0.005041833,-0.012206329	0.00549316406,-0.0140380859	0.0073382852,-0.014626294	0.0057598542,-0.013017264	0.005041833,-0.012206329	0.0065253628,-0.013823939		7	
307	0.005041833,-0.012206329	0.0043713682,-0.011391192	0.0057598542,-0.013017264	0.005041833,-0.012206329	0.0073382852,-0.014626294		4	
308	0.0043713682,-0.011391192	0.005041833,-0.012206329	0.00305175781,-0.0115966797	0.0037485241,-0.010571909	0.00366210938,-0.0134277344		4	
309	0.0037485241,-0.010571909	0.00305175781,-0.0103759766	0.0043713682,-0.011391192		2	
310	0.0031733607,-0.0097485329	0.00274658203,-0.00946044922	0.00305175781,-0.0103759766	0.0031733607,-0.0097485329	0.0037485241,-0.010571909	0.005041833,-0.012206329		5	
311	0.0026459332,-0.0089211151	0.0021662922,-0.0080897045	0.00274658203,-0.00946044922	0.0026459332,-0.0089211151	0.0031733607,-0.0097485329		4	
312	0.0021662922,-0.0080897045	-5,-5	0.000610351562,-0.00671386719	0.00122070312,-0.0109863281	0.0021662922,-0.0080897045	0.0026459332,-0.0089211151		5	
313	0.001734484,-0.0072543472	0.000610351562,-0.00671386719	0.0013505498,-0.0064150872	0.0021662922,-0.0080897045	0.001734484,-0.0072543472	0.0021662922,-0.0080897045		5	
314	0.0013505498,-0.0064150872	0.000610351562,-0.00671386719	0.001734484,-0.0072543472	0.0013505498,-0.0064150872		3	
315	0.0010145267,-0.0055719659	-5,-5	0.0007264469,-0.0047250221	0.000305175781,-0.00457763672	0.000610351562,-0.00671386719	0.0010145267,-0.0055719659	0.0013505498,-0.0064150872		6	
316	0.0007264469,-0.0047250221	0.000305175781,-0.00457763672	0.0010145267,-0.0055719659	0.0007264469,-0.0047250221		3	
317	0.0004863381,-0.0038742921	-5,-5	0.00029422338,-0.0030198099	0.000305175781,-0.00457763672	0.0004863381,-0.0038742921	0.00029422338,-0.0030198099	0.0007264469,-0.0047250221		6	
318	0.00029422338,-0.0030198099	-5,-5	0.00015012118,-0.0021616065	0.0004863381,-0.0038742921	0.00029422338,-0.0030198099		4	
319	0.00015012118,-0.0021616065	-5,-5	5.4045356e-05,-0.0012997107	0.00029422338,-0.0030198099	0.00015012118,-0.0021616065	0.00029422338,-0.0030198099		5	
320	5.4045356e-05,-0.0012997107	-5,-5	6.0051357e-06,-0.00043414854	0.00015012118,-0.0021616065	5.4045356e-05,-0.0012997107	6.0051357e-06,-0.00043414854		5	
321	6.0051357e-06,-0.00043414854	-5,-5	6.0051357e-06,0.00043414854	5.4045356e-05,-0.0012997107	6.0051357e-06,-0.00043414854		4	
322	6.0051357e-06,0.00043414854	-0.000610351562,0.000610351562	5.4045356e-05,0.0012997107	6.0051357e-06,-0.00043414854	6.0051357e-06,0.00043414854		4	
323	5.4045356e-05,0.0012997107	-0.000610351562,0.00183105469	0.00015012118,0.0021616065	6.0051357e-06,0.00043414854	5.4045356e-05,0.0012997107	6.0051357e-06,0.00043414854		5	
324	0.00015012118,0.0021616065	-0.000610351562,0.00183105469	0.00029422338,0.0030198099	5.4045356e-05,0.0012997107	0.00015012118,0.0021616065	0.00029422338,0.0030198099		5	
325	0.00029422338,0.0030198099	-0.000610351562,0.00305175781	0.0004863381,0.0038742921	0.00015012118,0.0021616065	0.00029422338,0.0030198099		4	
326	0.0004863381,0.0038742921	-0.000610351562,0.00427246094	0.000305175781,0.00457763672	0.00029422338,0.0030198099	0.0004863381,0.0038742921	0.0007264469,0.0047250221	0.00029422338,0.0030198099	0.0007264469,0.0047250221		7	
327	0.0007264469,0.0047250221	0.000305175781,0.00457763672	0.0010145267,0.0055719659		2	
328	0.0010145267,0.0055719659	-0.00122070312,0.00610351562	0.000610351562,0.00671386719	0.000305175781,0.00457763672	0.0007264469,0.0047250221	0.0010145267,0.0055719659	0.0013505498,0.0064150872	0.005041833,0.012206329		7	
329	0.0013505498,0.0064150872	0.000610351562,0.00671386719	0.001734484,0.0072543472	0.0013505498,0.0064150872		3	
330	0.001734484,0.0072543472	0.000610351562,0.00671386719	0.0021662922,0.0080897045	0.0013505498,0.0064150872	0.001734484,0.0072543472	0.0021662922,0.0080897045		5	
331	0.0021662922,0.0080897045	0.000610351562,0.00793457031	0.00183105469,0.00915527344	0.001734484,0.0072543472		3	
332	0.0026459332,0.0089211151	0.00183105469,0.00915527344	0.00274658203,0.00946044922	0.0026459332,0.0089211151	0.0031733607,0.0097485329	0.0031733607,0.0097485329	0.0037485241,0.010571909	0.0021662922,0.0080897045	0.0026459332,0.0089211151		8	
333	0.0031733607,0.0097485329	0.00274658203,0.00946044922	0.00305175781,0.0103759766		2	
334	0.0037485241,0.010571909	0.00305175781,0.0103759766	0.0043713682,0.011391192		2	
335	0.0043713682,0.011391192	0.005041833,0.012206329	0.00305175781,0.0115966797	0.00366210938,0.0134277344	0.0037485241,0.010571909		4	
336	0.005041833,0.012206329	0.0043713682,0.011391192	0.0057598542,0.013017264	0.005041833,0.012206329	0.0073382852,0.014626294		4	
337	0.0057598542,0.013017264	0.00366210938,0.0134277344	0.00549316406,0.0140380859	0.005041833,0.012206329	0.0073382852,0.014626294	0.0057598542,0.013017264	0.0065253628,0.013823939	0.005041833,0.012206329		7	
338	0.0065253628,0.013823939	0.0073382852,0.014626294	0.00549316406,0.0140380859	0.00610351562,0.0158691406		3	
339	0.0073382852,0.014626294	0.0065253628,0.013823939	0.0081985434,0.015424265		2	
340	0.0081985434,0.015424265	0.00610351562,0.0158691406	0.00793457031,0.0164794922	0.0073382852,0.014626294	0.010060732,0.017006799	0.0081985434,0.015424265	0.0091060546,0.016217789	0.0073382852,0.014626294		7	
341	0.0091060546,0.016217789	0.010060732,0.017006799	0.00793457031,0.0164794922	0.00854492188,0.0183105469		3	
342	0.010060732,0.017006799	0.0091060546,0.016217789	0.011062483,0.017791226	0.0103759766,0.0177001953	0.010060732,0.017006799	0.013206818,0.019346047	0.013206818,0.019346047	0.0073382852,0.014626294	0.010060732,0.017006799		8	
343	0.011062483,0.017791226	0.0103759766,0.0177001953	0.012111212,0.018571	0.010060732,0.017006799		3	
344	0.012111212,0.018571	0.013206818,0.019346047	0.0103759766,0.0189208984	0.0109863281,0.0207519531	0.011062483,0.017791226		4	
345	0.013206818,0.019346047	0.012111212,0.018571	0.014349196,0.020116295		2	
346	0.014349196,0.020116295	0.015538237,0.020881665	0.0109863281,0.0207519531	0.0134277344,0.0231933594	0.013206818,0.019346047		4	
347	0.015538237,0.020881665	0.016773825,0.021642081	0.014349196,0.020116295	0.0158691406,0.0231933594		3	
348	0.016773825,0.021642081	0.015538237,0.020881665	0.0158691406,0.0231933594	0.014349196,0.020116295	0.015538237,0.020881665	0.016773825,0.021642081	0.016773825,0.021642081	0.019384165,0.023147731	0.018055842,0.022397464		8	
349	0.018055842,0.022397464	0.019384165,0.023147731	0.0158691406,0.0231933594	0.0177001953,0.0238037109		3	
350	0.019384165,0.023147731	0.020758667,0.023892801	0.018055842,0.022397464	0.0189208984,0.0238037109		3	
351	0.020758667,0.023892801	0.0189208984,0.0238037109	0.019384165,0.023147731	0.0207519531,0.0256347656	0.020758667,0.023892801	0.023645672,0.025367011	0.022179214,0.024632589	0.020758667,0.023892801		7	
352	0.022179214,0.024632589	0.023645672,0.025367011	0.0207519531,0.0256347656	0.0225830078,0.0262451172		3	
353	0.023645672,0.025367011	0.022179214,0.024632589	0.0238037109,0.0262451172		2	
354	0.025157898,0.026095979	0.026715749,0.026819406	0.0238037109,0.0262451172	0.0256347656,0.0280761719		3	
355	0.026715749,0.026819406	0.025157898,0.026095979	0.0256347656,0.0280761719	0.023645672,0.025367011	0.025157898,0.026095979	0.026715749,0.026819406	0.026715749,0.026819406	0.028319072,0.027537203		7	
356	0.028319072,0.027537203	0.029967716,0.02824928	0.0256347656,0.0280761719	0.0268554688,0.0317382812		3	
357	0.029967716,0.02824928	0.031661522,0.028955546	0.028319072,0.027537203	0.0305175781,0.0305175781		3	
358	0.031661522,0.028955546	0.029967716,0.02824928	0.0305175781,0.0305175781	0.028319072,0.027537203	0.029967716,0.02824928	0.031661522,0.028955546	0.031661522,0.028955546	0.033400326,0.02965591	0.035183961,0.030350279		8	
359	0.033400326,0.02965591	0.035183961,0.030350279	0.0305175781,0.0305175781	0.0329589844,0.0329589844		3	
360	0.035183961,0.030350279	0.037012257,0.03103856	0.033400326,0.02965591	0.0354003906,0.0329589844		3	
361	0.037012257,0.03103856	0.038885037,0.031720659	0.035183961,0.030350279	0.0378417969,0.0329589844		3	
362	0.038885037,0.031720659	0.037012257,0.03103856	0.0378417969,0.0329589844	0.035183961,0.030350279	0.037012257,0.03103856	0.038885037,0.031720659		5	
363	0.040802123,0.032396483	0.042763328,0.033065936	0.0378417969,0.0329589844	0.0415039062,0.0366210938		3	
364	0.042763328,0.033065936	0.044768466,0.033728923	0.040802123,0.032396483	0.0415039062,0.0366210938	0.038885037,0.031720659	0.040802123,0.032396483	0.044768466,0.033728923	0.042763328,0.033065936		7	
365	0.044768466,0.033728923	0.042763328,0.033065936	0.046817343,0.03438535	0.0451660156,0.0354003906		3	
366	0.046817343,0.03438535	0.0494384766,0.0360107422	0.048909762,0.035035121	0.0451660156,0.0354003906	0.0476074219,0.0378417969	0.044768466,0.033728923		5	
367	0.048909762,0.035035121	0.046817343,0.03438535	0.0494384766,0.0360107422	0.053224421,0.036314314	0.048909762,0.035035121	0.051045523,0.035678141		5	
368	0.051045523,0.035678141	0.053224421,0.036314314	0.0494384766,0.0360107422	0.0500488281,0.0378417969		3	
369	0.053224421,0.036314314	0.051045523,0.035678141	0.0524902344,0.0378417969		2	
370	0.055446245,0.036943545	0.057710782,0.03756574	0.0524902344,0.0378417969	0.0561523438,0.0415039062		3	
371	0.057710782,0.03756574	0.060017816,0.038180802	0.055446245,0.036943545	0.0561523438,0.0415039062	0.053224421,0.036314314	0.055446245,0.036943545	0.057710782,0.03756574	0.044768466,0.033728923	0.048909762,0.035035121	0.053224421,0.036314314	0.044768466,0.033728923	0.044768466,0.033728923		11	
372	0.060017816,0.038180802	0.062367123,0.03878864	0.057710782,0.03756574	0.0610351562,0.0415039062		3	
373	0.062367123,0.03878864	0.060017816,0.038180802	0.0610351562,0.0415039062	0.060017816,0.038180802	0.062367123,0.03878864	0.062367123,0.03878864	0.067191654,0.039982262	0.064758479,0.039389157	0.072182521,0.041145864	0.069666414,0.040567862		9	
374	0.064758479,0.039389157	0.067191654,0.039982262	0.0610351562,0.0415039062	0.0646972656,0.0427246094		3	
375	0.067191654,0.039982262	0.069666414,0.040567862	0.064758479,0.039389157	0.0671386719,0.0427246094		3	
376	0.069666414,0.040567862	0.072182521,0.041145864	0.067191654,0.039982262	0.0695800781,0.0427246094		3	
377	0.072182521,0.041145864	0.069666414,0.040567862	0.0720214844,0.0427246094		2	
378	0.074739733,0.041716179	0.077337805,0.042278716	0.0720214844,0.0427246094	0.0756835938,0.0463867188		3	
379	0.077337805,0.042278716	0.079976487,0.042833386	0.074739733,0.041716179	0.0756835938,0.0463867188	0.072182521,0.041145864	0.074739733,0.041716179	0.077337805,0.042278716		6	
380	0.079976487,0.042833386	0.082655525,0.043380101	0.077337805,0.042278716	0.0805664062,0.0463867188		3	
381	0.082655525,0.043380101	0.085374663,0.043918775	0.079976487,0.042833386	0.0805664062,0.0463867188	0.079976487,0.042833386	0.085374663,0.043918775	0.082655525,0.043380101		6	
382	0.085374663,0.043918775	0.082655525,0.043380101	0.0854492188,0.0463867188		2	
383	0.088133639,0.044449323	0.090932187,0.044971659	0.0854492188,0.0463867188	0.0891113281,0.0476074219		3	
384	0.090932187,0.044971659	0.093770039,0.045485703	0.088133639,0.044449323	0.0915527344,0.0476074219		3	
385	0.093770039,0.045485703	0.096646922,0.045991372	0.090932187,0.044971659	0.0939941406,0.0476074219		3	
386	0.096646922,0.045991372	0.093770039,0.045485703	0.0964355469,0.0476074219	0.085374663,0.043918775	0.090932187,0.044971659	0.088133639,0.044449323	0.096646922,0.045991372	0.093770039,0.045485703		7	
387	0.09956256,0.046488587	0.10251667,0.046977271	0.0964355469,0.0476074219	0.100097656,0.0512695312		3	
388	0.10251667,0.046977271	0.10550898,0.047457347	0.09956256,0.046488587	0.100097656,0.0512695312	0.096646922,0.045991372	0.09956256,0.046488587	0.10550898,0.047457347	0.10251667,0.046977271		7	
389	0.10550898,0.047457347	0.10853918,0.047928741	0.10251667,0.046977271	0.104980469,0.0512695312	0.10550898,0.047457347		4	
390	0.10853918,0.047928741	0.111607,0.04839138	0.10550898,0.047457347	0.109863281,0.0512695312		3	
391	0.111607,0.04839138	0.10853918,0.047928741	0.109863281,0.0512695312	0.10550898,0.047457347	0.10853918,0.047928741	0.111607,0.04839138	0.111607,0.04839138	0.11471214,0.048845195		7	
392	0.11471214,0.048845195	0.118408203,0.0524902344	0.1178543,0.049290117	0.109863281,0.0512695312	0.114746094,0.0561523438		4	
393	0.1178543,0.049290117	0.12103317,0.049726079	0.11471214,0.048845195	0.118408203,0.0524902344		3	
394	0.12103317,0.049726079	0.12424845,0.050153018	0.1178543,0.049290117	0.120849609,0.0524902344		3	
395	0.12424845,0.050153018	0.128173828,0.0524902344	0.12749984,0.050570871	0.120849609,0.0524902344	0.12103317,0.049726079	0.124511719,0.0561523438		5	
396	0.12749984,0.050570871	0.13078702,0.050979579	0.12424845,0.050153018	0.128173828,0.0524902344		3	
397	0.13078702,0.050979579	0.13410967,0.051379084	0.12749984,0.050570871	0.130615234,0.0524902344		3	
398	0.13410967,0.051379084	0.13746748,0.051769331	0.130615234,0.0524902344	0.13078702,0.050979579	0.134277344,0.0561523438	0.12103317,0.049726079	0.1178543,0.049290117	0.12424845,0.050153018	0.13078702,0.050979579	0.12749984,0.050570871	0.13410967,0.051379084		10	
399	0.13746748,0.051769331	0.14086012,0.052150268	0.13410967,0.051379084	0.139160156,0.0561523438		3	
400	0.14086012,0.052150268	0.14428727,0.052521844	0.13746748,0.051769331	0.139160156,0.0561523438	0.13410967,0.051379084	0.13746748,0.051769331	0.14428727,0.052521844	0.14086012,0.052150268		7	
401	0.14428727,0.052521844	0.14774859,0.052884013	0.14086012,0.052150268	0.144042969,0.0561523438		3	
402	0.14774859,0.052884013	0.15124376,0.053236728	0.14428727,0.052521844	0.148925781,0.0561523438		3	
403	0.15124376,0.053236728	0.15477244,0.053579947	0.14774859,0.052884013	0.148925781,0.0561523438	0.14428727,0.052521844	0.14774859,0.052884013	0.15477244,0.053579947	0.15124376,0.053236728		7	
404	0.15477244,0.053579947	0.15124376,0.053236728	0.153808594,0.0561523438	0.14428727,0.052521844	0.15477244,0.053579947	0.085374663,0.043918775		5	
405	0.15833429,0.053913631	0.162353516,0.0573730469	0.16192896,0.054237742	0.153808594,0.0561523438	0.158691406,0.0610351562		4	
406	0.16192896,0.054237742	0.16555612,0.054552246	0.15833429,0.053913631	0.162353516,0.0573730469		3	
407	0.16555612,0.054552246	0.16921541,0.054857112	0.16192896,0.054237742	0.164794922,0.0573730469	0.15477244,0.053579947	0.15833429,0.053913631	0.16555612,0.054552246	0.16192896,0.054237742		7	
408	0.16921541,0.054857112	0.17290649,0.05515231	0.164794922,0.0573730469	0.16555612,0.054552246	0.170898438,0.0634765625		4	
409	0.17290649,0.05515231	0.177001953,0.0573730469	0.17662899,0.055437813	0.16921541,0.054857112	0.170898438,0.0634765625	0.16921541,0.054857112	0.17290649,0.05515231		6	
410	0.17662899,0.055437813	0.18038256,0.0557136	0.17290649,0.05515231	0.177001953,0.0573730469		3	
411	0.18038256,0.0557136	0.18416685,0.055979649	0.17662899,0.055437813	0.179443359,0.0573730469		3	
412	0.18416685,0.055979649	0.18798147,0.056235943	0.179443359,0.0573730469	0.18038256,0.0557136	0.183105469,0.0610351562	0.18038256,0.0557136	0.17662899,0.055437813	0.18416685,0.055979649		7	
413	0.18798147,0.056235943	0.19182608,0.056482466	0.18416685,0.055979649	0.190429688,0.0634765625		3	
414	0.19182608,0.056482466	0.1957003,0.056719208	0.18798147,0.056235943	0.190429688,0.0634765625	0.18798147,0.056235943	0.19182608,0.056482466		5	
415	0.1957003,0.056719208	0.19960375,0.056946158	0.19182608,0.056482466	0.197753906,0.0610351562		3	
416	0.19960375,0.056946158	0.20353607,0.057163311	0.1957003,0.056719208	0.197753906,0.0610351562	0.19182608,0.056482466	0.1957003,0.056719208	0.20353607,0.057163311	0.19960375,0.056946158		7	
417	0.20353607,0.057163311	0.20749687,0.057370664	0.19960375,0.056946158	0.202636719,0.0610351562	0.20353607,0.057163311		4	
418	0.20749687,0.057370664	0.21148578,0.057568216	0.20353607,0.057163311	0.209960938,0.0634765625		3	
419	0.21148578,0.057568216	0.2155024,0.05775597	0.20749687,0.057370664	0.209960938,0.0634765625	0.20749687,0.057370664	0.21148578,0.057568216		5	
420	0.2155024,0.05775597	0.21954637,0.057933931	0.21148578,0.057568216	0.217285156,0.0610351562		3	
421	0.21954637,0.057933931	0.22361727,0.058102108	0.2155024,0.05775597	0.217285156,0.0610351562	0.21148578,0.057568216	0.2155024,0.05775597	0.22361727,0.058102108	0.21954637,0.057933931		7	
422	0.22361727,0.058102108	0.22771474,0.058260512	0.21954637,0.057933931	0.222167969,0.0610351562	0.22361727,0.058102108		4	
423	0.22771474,0.058260512	0.23183836,0.058409158	0.22361727,0.058102108	0.229492188,0.0634765625		3	
424	0.23183836,0.058409158	0.23598775,0.058548061	0.22771474,0.058260512	0.229492188,0.0634765625	0.22771474,0.058260512	0.23598775,0.058548061	0.23183836,0.058409158		6	
425	0.23598775,0.058548061	0.23183836,0.058409158	0.24016251,0.058677242	0.236816406,0.0610351562	0.23598775,0.058548061	0.24858652,0.058906532	0.24436223,0.058796724	0.25283496,0.059006694	0.23598775,0.058548061	0.23598775,0.058548061	0.26140267,0.059178208	0.25710715,0.059097241	0.27006209,0.059311547	0.26572112,0.05924963		13	
426	0.24016251,0.058677242	0.245361328,0.0622558594	0.24436223,0.058796724	0.236816406,0.0610351562	0.241699219,0.0659179688	0.23598775,0.058548061		5	
427	0.24436223,0.058796724	0.24858652,0.058906532	0.24016251,0.058677242	0.245361328,0.0622558594		3	
428	0.24858652,0.058906532	0.25283496,0.059006694	0.24436223,0.058796724	0.247802734,0.0622558594		3	
429	0.25283496,0.059006694	0.25710715,0.059097241	0.247802734,0.0622558594	0.24858652,0.058906532	0.251464844,0.0659179688		4	
430	0.25710715,0.059097241	0.26140267,0.059178208	0.25283496,0.059006694	0.256347656,0.0659179688		3	
431	0.26140267,0.059178208	0.26572112,0.05924963	0.25710715,0.059097241	0.261230469,0.0659179688		3	
432	0.26572112,0.05924963	0.27006209,0.059311547	0.26140267,0.059178208	0.266113281,0.0659179688		3	
433	0.27006209,0.059311547	0.27442514,0.059364	0.26572112,0.05924963	0.270996094,0.0659179688		3	
434	0.27442514,0.059364	0.27880987,0.059407033	0.27006209,0.059311547	0.275878906,0.0659179688		3	
435	0.27880987,0.059407033	0.284423828,0.0622558594	0.28321585,0.059440695	0.27442514,0.059364	0.280761719,0.0659179688		4	
436	0.28321585,0.059440695	0.28764266,0.059465033	0.27880987,0.059407033	0.284423828,0.0622558594		3	
437	0.28764266,0.059465033	0.29208987,0.059480101	0.28321585,0.059440695	0.286865234,0.0622558594		3	
438	0.29208987,0.059480101	0.29655706,0.059485951	0.286865234,0.0622558594	0.28764266,0.059465033	0.290527344,0.0659179688		4	
439	0.29655706,0.059485951	0.30104379,0.059482643	0.29208987,0.059480101	0.295410156,0.0659179688		3	
440	0.30104379,0.059482643	0.30554965,0.059470233	0.29655706,0.059485951	0.300292969,0.0659179688		3	
441	0.30554965,0.059470233	0.31007418,0.059448784	0.30104379,0.059482643	0.305175781,0.0659179688		3	
442	0.31007418,0.059448784	0.31461697,0.05941836	0.30554965,0.059470233	0.310058594,0.0659179688	0.27880987,0.059407033	0.27442514,0.059364	0.28764266,0.059465033	0.28321585,0.059440695	0.29208987,0.059480101	0.30104379,0.059482643	0.29655706,0.059485951	0.31007418,0.059448784	0.30554965,0.059470233		12	
443	0.31461697,0.05941836	0.31917756,0.059379026	0.31007418,0.059448784	0.314941406,0.0659179688		3	
444	0.31917756,0.059379026	0.32375553,0.059330851	0.31461697,0.05941836	0.319824219,0.0659179688		3	
445	0.32375553,0.059330851	0.32835043,0.059273905	0.31917756,0.059379026	0.324707031,0.0659179688		3	
446	0.32835043,0.059273905	0.33296183,0.05920826	0.32375553,0.059330851	0.329589844,0.0659179688		3	
447	0.33296183,0.05920826	0.33758927,0.05913399	0.32835043,0.059273905	0.334472656,0.0659179688		3	
448	0.33758927,0.05913399	0.34223232,0.059051172	0.33296183,0.05920826	0.339355469,0.0659179688		3	
449	0.34223232,0.059051172	0.34689053,0.058959883	0.33758927,0.05913399	0.344238281,0.0659179688		3	
450	0.34689053,0.058959883	0.352783203,0.0622558594	0.35156345,0.058860205	0.34223232,0.059051172	0.349121094,0.0659179688	0.31917756,0.059379026	0.31461697,0.05941836	0.32835043,0.059273905	0.32375553,0.059330851	0.33758927,0.05913399	0.33296183,0.05920826	0.34689053,0.058959883	0.34223232,0.059051172		12	
451	0.35156345,0.058860205	0.35625063,0.058752218	0.34689053,0.058959883	0.352783203,0.0622558594		3	
452	0.35625063,0.058752218	0.36095162,0.058636006	0.35156345,0.058860205	0.355224609,0.0622558594		3	
453	0.36095162,0.058636006	0.366210938,0.0634765625	0.355224609,0.0622558594	0.35625063,0.058752218	0.358886719,0.0659179688		4	
454	0.36566598,0.058511654	0.37039323,0.058379249	0.366210938,0.0634765625		2	
455	0.37039323,0.058379249	0.37513295,0.058238879	0.36566598,0.058511654	0.366210938,0.0634765625	0.36566598,0.058511654	0.37039323,0.058379249		5	
456	0.37513295,0.058238879	0.37988466,0.058090635	0.37039323,0.058379249	0.375976562,0.0634765625		3	
457	0.37988466,0.058090635	0.38464791,0.057934606	0.37513295,0.058238879	0.375976562,0.0634765625	0.37513295,0.058238879	0.37988466,0.058090635		5	
458	0.38464791,0.057934606	0.38942224,0.057770887	0.37988466,0.058090635	0.385742188,0.0634765625		3	
459	0.38942224,0.057770887	0.3942072,0.057599571	0.38464791,0.057934606	0.385742188,0.0634765625	0.38464791,0.057934606	0.38942224,0.057770887		5	
460	0.3942072,0.057599571	0.39900232,0.057420753	0.38942224,0.057770887	0.395507812,0.0634765625		3	
461	0.39900232,0.057420753	0.40380715,0.057234529	0.3942072,0.057599571	0.395507812,0.0634765625	0.3942072,0.057599571	0.39900232,0.057420753		5	
462	0.40380715,0.057234529	0.40862122,0.057040998	0.39900232,0.057420753	0.405273438,0.0634765625		3	
463	0.40862122,0.057040998	0.41344407,0.056840257	0.40380715,0.057234529	0.405273438,0.0634765625	0.40380715,0.057234529	0.40862122,0.057040998		5	
464	0.41344407,0.056840257	0.41827524,0.056632406	0.40862122,0.057040998	0.415039062,0.0634765625		3	
465	0.41827524,0.056632406	0.42311425,0.056417547	0.41344407,0.056840257	0.415039062,0.0634765625	0.41344407,0.056840257	0.41827524,0.056632406		5	
466	0.42311425,0.056417547	0.42796066,0.05619578	0.41827524,0.056632406	0.424804688,0.0634765625		3	
467	0.42796066,0.05619578	0.43281399,0.055967207	0.42311425,0.056417547	0.424804688,0.0634765625	0.42311425,0.056417547	0.42796066,0.05619578		5	
468	0.43281399,0.055967207	0.43767377,0.055731933	0.42796066,0.05619578	0.434570312,0.0634765625		3	
469	0.43767377,0.055731933	0.44253954,0.055490061	0.43281399,0.055967207	0.434570312,0.0634765625	0.43281399,0.055967207	0.43767377,0.055731933		5	
470	0.44253954,0.055490061	0.44741083,0.055241695	0.43767377,0.055731933	0.444335938,0.0634765625		3	
471	0.44741083,0.055241695	0.45228718,0.05498694	0.44253954,0.055490061	0.444335938,0.0634765625	0.44253954,0.055490061	0.44741083,0.055241695		5	
472	0.45228718,0.05498694	0.4571681,0.054725903	0.44741083,0.055241695	0.454101562,0.0634765625		3	
473	0.4571681,0.054725903	0.46205315,0.054458689	0.45228718,0.05498694	0.454101562,0.0634765625	0.45228718,0.05498694	0.4571681,0.054725903		5	
474	0.46205315,0.054458689	0.46694184,0.054185406	0.4571681,0.054725903	0.463867188,0.0634765625		3	
475	0.46694184,0.054185406	0.4718337,0.053906161	0.46205315,0.054458689	0.463867188,0.0634765625	0.46205315,0.054458689	0.46694184,0.054185406		5	
476	0.4718337,0.053906161	0.476074219,0.0561523438	0.46694184,0.054185406	0.473632812,0.0634765625		3	
477	0.47672828,0.05362106	0.48162509,0.053330213	0.476074219,0.0561523438		2	
478	0.48162509,0.053330213	0.48652366,0.053033726	0.47672828,0.05362106	0.480957031,0.0561523438		3	
479	0.48652366,0.053033726	0.49142353,0.052731709	0.48162509,0.053330213	0.485839844,0.0561523438	0.47672828,0.05362106	0.48652366,0.053033726	0.48162509,0.053330213		6	
480	0.49142353,0.052731709	0.49632422,0.052424269	0.48652366,0.053033726	0.490722656,0.0561523438		3	
481	0.49632422,0.052424269	0.50122527,0.052111516	0.49142353,0.052731709	0.495605469,0.0561523438		3	
482	0.50122527,0.052111516	0.5061262,0.051793559	0.49632422,0.052424269	0.500488281,0.0561523438		3	
483	0.5061262,0.051793559	0.51102654,0.051470505	0.50122527,0.052111516	0.505371094,0.0561523438	0.49632422,0.052424269	0.49142353,0.052731709	0.5061262,0.051793559	0.50122527,0.052111516		7	
484	0.51102654,0.051470505	0.51592582,0.051142464	0.5061262,0.051793559	0.510253906,0.0561523438		3	
485	0.51592582,0.051142464	0.52082357,0.050809545	0.51102654,0.051470505	0.515136719,0.0561523438		3	
486	0.52082357,0.050809545	0.52571932,0.050471856	0.51592582,0.051142464	0.520019531,0.0561523438		3	
487	0.52571932,0.050471856	0.5306126,0.050129506	0.52082357,0.050809545	0.524902344,0.0561523438	0.51592582,0.051142464	0.51102654,0.051470505	0.52571932,0.050471856	0.52082357,0.050809545		7	
488	0.5306126,0.050129506	0.53550293,0.049782604	0.52571932,0.050471856	0.529785156,0.0561523438		3	
489	0.53550293,0.049782604	0.54038986,0.049431257	0.5306126,0.050129506	0.534667969,0.0561523438		3	
490	0.54038986,0.049431257	0.5452729,0.049075573	0.53550293,0.049782604	0.539550781,0.0561523438		3	
491	0.5452729,0.049075573	0.551757812,0.0537109375	0.54038986,0.049431257	0.544433594,0.0561523438	0.53550293,0.049782604	0.5306126,0.050129506	0.5501516,0.048715662	0.5452729,0.049075573	0.54038986,0.049431257		8	
492	0.5501516,0.048715662	0.55502548,0.048351629	0.551757812,0.0537109375		2	
493	0.55502548,0.048351629	0.55989407,0.047983583	0.5501516,0.048715662	0.551757812,0.0537109375	0.5501516,0.048715662	0.55502548,0.048351629		5	
494	0.55989407,0.047983583	0.5647569,0.047611631	0.55502548,0.048351629	0.561523438,0.0537109375		3	
495	0.5647569,0.047611631	0.56961351,0.047235878	0.55989407,0.047983583	0.561523438,0.0537109375	0.55989407,0.047983583	0.5647569,0.047611631		5	
496	0.56961351,0.047235878	0.57446344,0.046856432	0.5647569,0.047611631	0.571289062,0.0537109375		3	
497	0.57446344,0.046856432	0.57930621,0.046473399	0.56961351,0.047235878	0.571289062,0.0537109375	0.56961351,0.047235878	0.57446344,0.046856432		5	
498	0.57930621,0.046473399	0.58414136,0.046086883	0.57446344,0.046856432	0.581054688,0.0537109375		3	
499	0.58414136,0.046086883	0.58896842,0.04569699	0.57930621,0.046473399	0.581054688,0.0537109375	0.57930621,0.046473399	0.58414136,0.046086883		5	
500	0.58896842,0.04569699	0.59378694,0.045303825	0.58414136,0.046086883	0.590820312,0.0537109375		3	
501	0.59378694,0.045303825	0.59859645,0.044907491	0.58896842,0.04569699	0.590820312,0.0537109375	0.58896842,0.04569699	0.59378694,0.045303825		5	
502	0.59859645,0.044907491	0.60339648,0.044508093	0.59378694,0.045303825	0.600585938,0.0537109375		3	
503	0.60339648,0.044508093	0.60818658,0.044105734	0.59859645,0.044907491	0.600585938,0.0537109375	0.59859645,0.044907491	0.60339648,0.044508093		5	
504	0.60818658,0.044105734	0.612792969,0.0463867188	0.60339648,0.044508093	0.610351562,0.0537109375		3	
505	0.61296628,0.043700516	0.61773513,0.043292542	0.612792969,0.0463867188		2	
506	0.61773513,0.043292542	0.62249267,0.042881914	0.61296628,0.043700516	0.617675781,0.0463867188		3	
507	0.62249267,0.042881914	0.62723844,0.042468733	0.61773513,0.043292542	0.622558594,0.0463867188	0.61296628,0.043700516	0.62249267,0.042881914	0.61773513,0.043292542		6	
508	0.62723844,0.042468733	0.63197198,0.042053099	0.62249267,0.042881914	0.627441406,0.0463867188		3	
509	0.63197198,0.042053099	0.63669284,0.041635113	0.62723844,0.042468733	0.632324219,0.0463867188		3	
510	0.63669284,0.041635113	0.64140057,0.041214874	0.63197198,0.042053099	0.637207031,0.0463867188		3	
511	0.64140057,0.041214874	0.64609472,0.040792482	0.63669284,0.041635113	0.642089844,0.0463867188		3	
512	0.64609472,0.040792482	0.65077482,0.040368036	0.64140057,0.041214874	0.646972656,0.0463867188		3	
513	0.65077482,0.040368036	0.65544044,0.039941632	0.64609472,0.040792482	0.651855469,0.0463867188		3	
514	0.65544044,0.039941632	0.66009113,0.03951337	0.65077482,0.040368036	0.656738281,0.0463867188		3	
515	0.66009113,0.03951337	0.66472643,0.039083345	0.65544044,0.039941632	0.661621094,0.0463867188		3	
516	0.66472643,0.039083345	0.676269531,0.0463867188	0.676269531,0.0415039062	0.661621094,0.0463867188	0.66009113,0.03951337	0.668945312,0.0537109375	0.6693459,0.038651655		6	
517	0.6693459,0.038651655	0.67394911,0.038218396	0.66472643,0.039083345	0.6693459,0.038651655		3	
518	0.67394911,0.038218396	0.6785356,0.037783663	0.6693459,0.038651655	0.676269531,0.0415039062		3	
519	0.6785356,0.037783663	0.68310494,0.03734755	0.67394911,0.038218396	0.676269531,0.0415039062	0.6693459,0.038651655	0.67394911,0.038218396	0.68310494,0.03734755	0.6785356,0.037783663		7	
520	0.68310494,0.03734755	0.68765668,0.036910153	0.6785356,0.037783663	0.681152344,0.0415039062	0.68310494,0.03734755		4	
521	0.68765668,0.036910153	0.69219039,0.036471565	0.68310494,0.03734755	0.688476562,0.0439453125		3	
522	0.69219039,0.036471565	0.69670564,0.036031881	0.68765668,0.036910153	0.688476562,0.0439453125	0.68765668,0.036910153	0.69219039,0.036471565		5	
523	0.69670564,0.036031881	0.70120199,0.035591192	0.69219039,0.036471565	0.698242188,0.0439453125		3	
524	0.70120199,0.035591192	0.70567901,0.035149592	0.69670564,0.036031881	0.698242188,0.0439453125	0.69670564,0.036031881	0.70120199,0.035591192		5	
525	0.70567901,0.035149592	0.71013626,0.034707173	0.70120199,0.035591192	0.708007812,0.0439453125		3	
526	0.71013626,0.034707173	0.71457332,0.034264027	0.70567901,0.035149592	0.708007812,0.0439453125	0.70567901,0.035149592	0.71013626,0.034707173		5	
527	0.71457332,0.034264027	0.720214844,0.0366210938	0.71013626,0.034707173	0.717773438,0.0439453125		3	
528	0.71898977,0.033820244	0.72338518,0.033375915	0.720214844,0.0366210938	0.71898977,0.033820244		3	
529	0.72338518,0.033375915	0.72775912,0.032931132	0.71898977,0.033820244	0.725097656,0.0366210938		3	
530	0.72775912,0.032931132	0.73211118,0.032485984	0.72338518,0.033375915	0.729980469,0.0366210938		3	
531	0.73211118,0.032485984	0.73644094,0.03204056	0.72775912,0.032931132	0.729980469,0.0366210938	0.72338518,0.033375915	0.72775912,0.032931132	0.73644094,0.03204056	0.73211118,0.032485984		7	
532	0.73644094,0.03204056	0.74074798,0.03159495	0.73211118,0.032485984	0.734863281,0.0366210938		3	
533	0.74074798,0.03159495	0.74503189,0.031149244	0.73644094,0.03204056	0.739746094,0.0366210938	0.72338518,0.033375915	0.74074798,0.03159495	0.73644094,0.03204056		6	
534	0.74503189,0.031149244	0.74929226,0.030703529	0.74074798,0.03159495	0.744628906,0.0366210938		3	
535	0.74929226,0.030703529	0.75352867,0.030257893	0.74503189,0.031149244	0.749511719,0.0366210938		3	
536	0.75352867,0.030257893	0.75774072,0.029812426	0.74929226,0.030703529	0.754394531,0.0366210938		3	
537	0.75774072,0.029812426	0.76192802,0.029367214	0.75352867,0.030257893	0.759277344,0.0366210938	0.74929226,0.030703529	0.74503189,0.031149244	0.76609014,0.028922344	0.75774072,0.029812426	0.75352867,0.030257893		8	
538	0.76192802,0.029367214	0.776367188,0.0341796875	0.759277344,0.0366210938	0.75774072,0.029812426	0.771484375,0.048828125	0.76609014,0.028922344		5	
539	0.76609014,0.028922344	0.7702267,0.028477905	0.76192802,0.029367214		2	
540	0.7702267,0.028477905	0.77433729,0.028033982	0.76609014,0.028922344	0.76609014,0.028922344	0.7702267,0.028477905		4	
541	0.77433729,0.028033982	0.77842152,0.027590663	0.7702267,0.028477905	0.776367188,0.0341796875		3	
542	0.77842152,0.027590663	0.78247901,0.027148033	0.77433729,0.028033982	0.776367188,0.0341796875	0.77433729,0.028033982	0.77842152,0.027590663		5	
543	0.78247901,0.027148033	0.787353516,0.0280761719	0.78650935,0.026706178	0.77842152,0.027590663	0.783691406,0.0317382812		4	
544	0.78650935,0.026706178	0.79051217,0.026265186	0.78247901,0.027148033	0.787353516,0.0280761719		3	
545	0.79051217,0.026265186	0.79448707,0.02582514	0.78650935,0.026706178	0.789794922,0.0280761719	0.78247901,0.027148033	0.79051217,0.026265186	0.78650935,0.026706178		6	
546	0.79448707,0.02582514	0.79843367,0.025386127	0.789794922,0.0280761719	0.79051217,0.026265186	0.795898438,0.0341796875		4	
547	0.79843367,0.025386127	0.80235161,0.024948232	0.79448707,0.02582514	0.795898438,0.0341796875	0.79448707,0.02582514	0.79843367,0.025386127		5	
548	0.80235161,0.024948232	0.80624049,0.02451154	0.79843367,0.025386127	0.805664062,0.0341796875		3	
549	0.80624049,0.02451154	0.812988281,0.0268554688	0.80235161,0.024948232	0.805664062,0.0341796875	0.81009995,0.024076136	0.81009995,0.024076136	0.80235161,0.024948232		6	
550	0.81009995,0.024076136	0.81392961,0.023642105	0.80624049,0.02451154		2	
551	0.81392961,0.023642105	0.81772911,0.023209531	0.81009995,0.024076136	0.812988281,0.0268554688		3	
552	0.81772911,0.023209531	0.82149808,0.022778499	0.81392961,0.023642105	0.817871094,0.0268554688	0.81009995,0.024076136	0.81772911,0.023209531	0.81392961,0.023642105		6	
553	0.82149808,0.022778499	0.82523617,0.022349093	0.81772911,0.023209531	0.822753906,0.0268554688		3	
554	0.82523617,0.022349093	0.828857422,0.0231933594	0.82149808,0.022778499	0.827636719,0.0268554688		3	
555	0.828943,0.021921397	0.83261823,0.021495496	0.828857422,0.0231933594		2	
556	0.83261823,0.021495496	0.8362615,0.021071473	0.828857422,0.0231933594	0.828943,0.021921397	0.832519531,0.0268554688		4	
557	0.8362615,0.021071473	0.841064453,0.0231933594	0.83987246,0.020649412	0.83261823,0.021495496	0.837402344,0.0268554688		4	
558	0.83987246,0.020649412	0.84345076,0.020229396	0.8362615,0.021071473	0.841064453,0.0231933594		3	
559	0.84345076,0.020229396	0.84699607,0.019811509	0.83987246,0.020649412	0.843505859,0.0231933594		3	
560	0.84699607,0.019811509	0.852050781,0.0219726562	0.843505859,0.0231933594	0.84345076,0.020229396	0.847167969,0.0268554688		4	
561	0.85050803,0.019395835	0.85398632,0.018982457	0.852050781,0.0219726562		2	
562	0.85398632,0.018982457	0.8574306,0.018571457	0.85050803,0.019395835	0.852050781,0.0219726562	0.85050803,0.019395835	0.8574306,0.018571457	0.85398632,0.018982457		6	
563	0.8574306,0.018571457	0.86084054,0.018162919	0.85398632,0.018982457	0.856933594,0.0219726562	0.8574306,0.018571457		4	
564	0.86084054,0.018162919	0.8642158,0.017756925	0.8574306,0.018571457	0.861816406,0.0219726562		3	
565	0.8642158,0.017756925	0.86755607,0.017353559	0.86084054,0.018162919	0.861816406,0.0219726562	0.8574306,0.018571457	0.86084054,0.018162919	0.86755607,0.017353559	0.8642158,0.017756925		7	
566	0.86755607,0.017353559	0.87086102,0.016952902	0.8642158,0.017756925	0.866699219,0.0219726562	0.86755607,0.017353559		4	
567	0.87086102,0.016952902	0.875244141,0.0183105469	0.87413035,0.016555037	0.86755607,0.017353559	0.871582031,0.0219726562		4	
568	0.87413035,0.016555037	0.87736372,0.016160047	0.87086102,0.016952902	0.875244141,0.0183105469		3	
569	0.87736372,0.016160047	0.88056084,0.015768012	0.87413035,0.016555037	0.877685547,0.0183105469	0.87086102,0.016952902	0.87736372,0.016160047	0.87413035,0.016555037		6	
570	0.88056084,0.015768012	0.88372139,0.015379015	0.87736372,0.016160047	0.880126953,0.0183105469		3	
571	0.88372139,0.015379015	0.88684507,0.014993137	0.88056084,0.015768012	0.882568359,0.0183105469		3	
572	0.88684507,0.014993137	0.891113281,0.0170898438	0.882568359,0.0183105469	0.88372139,0.015379015	0.886230469,0.0219726562	0.88372139,0.015379015	0.88056084,0.015768012	0.88993159,0.01461046	0.88684507,0.014993137		8	
573	0.88993159,0.01461046	0.89298064,0.014231065	0.891113281,0.0170898438		2	
574	0.89298064,0.014231065	0.89599193,0.013855033	0.88993159,0.01461046	0.891113281,0.0170898438	0.88993159,0.01461046	0.89599193,0.013855033	0.89298064,0.014231065		6	
575	0.89599193,0.013855033	0.89896517,0.013482443	0.89298064,0.014231065	0.895996094,0.0170898438	0.89599193,0.013855033		4	
576	0.89896517,0.013482443	0.90190009,0.013113377	0.89599193,0.013855033	0.900878906,0.0170898438		3	
577	0.90190009,0.013113377	0.90479638,0.012747914	0.89896517,0.013482443	0.900878906,0.0170898438	0.89599193,0.013855033	0.89896517,0.013482443	0.90190009,0.013113377		6	
578	0.90479638,0.012747914	0.90765378,0.012386134	0.90190009,0.013113377	0.905761719,0.0170898438		3	
579	0.90765378,0.012386134	0.91047202,0.012028116	0.90479638,0.012747914	0.905761719,0.0170898438	0.90479638,0.012747914	0.91047202,0.012028116	0.90765378,0.012386134		6	
580	0.91047202,0.012028116	0.914306641,0.0134277344	0.91325081,0.011673939	0.90765378,0.012386134	0.910644531,0.0170898438		4	
581	0.91325081,0.011673939	0.9159899,0.011323682	0.91047202,0.012028116	0.914306641,0.0134277344		3	
582	0.9159899,0.011323682	0.91868902,0.010977422	0.91325081,0.011673939	0.916748047,0.0134277344	0.91047202,0.012028116	0.9159899,0.011323682	0.91325081,0.011673939		6	
583	0.91868902,0.010977422	0.92134791,0.010635238	0.9159899,0.011323682	0.919189453,0.0134277344		3	
584	0.92134791,0.010635238	0.92396632,0.010297207	0.91868902,0.010977422	0.921630859,0.0134277344		3	
585	0.92396632,0.010297207	0.926544,0.0099634047	0.92134791,0.010635238	0.924072266,0.0134277344		3	
586	0.926544,0.0099634047	0.930175781,0.0122070312	0.92396632,0.010297207	0.926513672,0.0134277344		3	
587	0.92908069,0.0096339079	0.93157615,0.0093087924	0.930175781,0.0122070312		2	
588	0.93157615,0.0093087924	0.93403015,0.008988133	0.92908069,0.0096339079	0.930175781,0.0122070312	0.92908069,0.0096339079	0.93157615,0.0093087924		5	
589	0.93403015,0.008988133	0.93644244,0.0086720043	0.93157615,0.0093087924	0.935058594,0.0122070312		3	
590	0.93644244,0.0086720043	0.9388128,0.0083604802	0.93403015,0.008988133	0.935058594,0.0122070312	0.93403015,0.008988133	0.93644244,0.0086720043		5	
591	0.9388128,0.0083604802	0.941141,0.0080536338	0.93644244,0.0086720043	0.942382812,0.0146484375		3	
592	0.941141,0.0080536338	0.94342681,0.0077515377	0.9388128,0.0083604802	0.942382812,0.0146484375	0.9388128,0.0083604802	0.941141,0.0080536338		5	
593	0.94342681,0.0077515377	0.94567002,0.0074542636	0.941141,0.0080536338	0.942382812,0.0146484375		3	
594	0.94567002,0.0074542636	0.948486328,0.00854492188	0.94342681,0.0077515377	0.942382812,0.0146484375	0.94342681,0.0077515377	0.94787041,0.0071618826	0.94567002,0.0074542636		6	
595	0.94787041,0.0071618826	0.95002776,0.006874465	0.948486328,0.00854492188		2	
596	0.95002776,0.006874465	0.95214188,0.0065920801	0.94787041,0.0071618826	0.950927734,0.00854492188		3	
597	0.95214188,0.0065920801	0.95421255,0.0063147966	0.95002776,0.006874465	0.950927734,0.00854492188	0.94787041,0.0071618826	0.95002776,0.006874465	0.95421255,0.0063147966	0.95214188,0.0065920801		7	
598	0.95421255,0.0063147966	0.95623958,0.0060426823	0.95214188,0.0065920801	0.953369141,0.00854492188		3	
599	0.95623958,0.0060426823	0.95822278,0.0057758038	0.95421255,0.0063147966	0.955810547,0.00854492188	0.94787041,0.0071618826	0.95623958,0.0060426823	0.95421255,0.0063147966		6	
600	0.95822278,0.0057758038	0.96016195,0.0055142272	0.95623958,0.0060426823	0.958251953,0.00854492188		3	
601	0.96016195,0.0055142272	0.962524414,0.00671386719	0.9620569,0.0052580172	0.95822278,0.0057758038	0.960693359,0.00854492188		4	
602	0.9620569,0.0052580172	0.96390746,0.0050072378	0.96016195,0.0055142272	0.962524414,0.00671386719		3	
603	0.96390746,0.0050072378	0.965576172,0.00610351562	0.9620569,0.0052580172	0.963745117,0.00671386719	0.96571345,0.0047619517		4	
604	0.96571345,0.0047619517	0.965576172,0.00610351562		1	
605	0.96747469,0.0045222208	0.96919102,0.0042881057	0.96571345,0.0047619517	0.969238281,0.00732421875		3	
606	0.96919102,0.0042881057	0.97086226,0.0040596658	0.96747469,0.0045222208	0.969238281,0.00732421875	0.96571345,0.0047619517	0.96747469,0.0045222208	0.97086226,0.0040596658	0.96919102,0.0042881057		7	
607	0.97086226,0.0040596658	0.97248826,0.0038369595	0.96919102,0.0042881057	0.969238281,0.00732421875	0.96571345,0.0047619517	0.97086226,0.0040596658		5	
608	0.97248826,0.0038369595	0.973510742,0.00427246094	0.97086226,0.0040596658	0.974121094,0.00732421875		3	
609	0.97406887,0.003620044	0.97560393,0.003408975	0.973510742,0.00427246094		2	
610	0.97560393,0.003408975	0.977172852,0.00427246094	0.97709329,0.0032038072	0.973510742,0.00427246094	0.97406887,0.003620044	0.974121094,0.00732421875	0.97406887,0.003620044	0.97560393,0.003408975		7	
611	0.97709329,0.0032038072	0.97853681,0.0030045939	0.97560393,0.003408975	0.977172852,0.00427246094		3	
612	0.97853681,0.0030045939	0.97993435,0.002811387	0.97709329,0.0032038072	0.978393555,0.00427246094		3	
613	0.97993435,0.002811387	0.98128578,0.0026242371	0.97853681,0.0030045939	0.979614258,0.00427246094		3	
614	0.98128578,0.0026242371	0.98259096,0.0024431935	0.97993435,0.002811387	0.980834961,0.00427246094	0.97853681,0.0030045939	0.97709329,0.0032038072	0.98384978,0.0022683037	0.98128578,0.0026242371	0.97993435,0.002811387		8	
615	0.98259096,0.0024431935	0.985107422,0.00366210938	0.980834961,0.00427246094	0.98128578,0.0026242371	0.983886719,0.00732421875	0.98384978,0.0022683037		5	
616	0.98384978,0.0022683037	0.98506211,0.0020996143	0.98259096,0.0024431935		2	
617	0.98506211,0.0020996143	0.98622783,0.0019371698	0.98384978,0.0022683037	0.985107422,0.00366210938		3	
618	0.98622783,0.0019371698	0.98734684,0.0017810138	0.98506211,0.0020996143	0.985107422,0.00366210938	0.98384978,0.0022683037	0.98506211,0.0020996143	0.98622783,0.0019371698		6	
619	0.98734684,0.0017810138	0.98841902,0.0016311879	0.98622783,0.0019371698	0.987548828,0.00366210938		3	
620	0.98841902,0.0016311879	0.98944427,0.0014877322	0.98734684,0.0017810138	0.987548828,0.00366210938	0.98734684,0.0017810138	0.98841902,0.0016311879		5	
621	0.98944427,0.0014877322	0.9904225,0.0013506855	0.98841902,0.0016311879	0.989990234,0.00366210938		3	
622	0.9904225,0.0013506855	0.991821289,0.00183105469	0.98944427,0.0014877322	0.989990234,0.00366210938	0.98944427,0.0014877322	0.9913536,0.0012200846	0.9904225,0.0013506855		6	
623	0.9913536,0.0012200846	0.9922375,0.0010959649	0.991821289,0.00183105469		2	
624	0.9922375,0.0010959649	0.9930741,0.00097836012	0.9913536,0.0012200846	0.991821289,0.00183105469	0.9913536,0.0012200846	0.9930741,0.00097836012	0.9922375,0.0010959649		6	
625	0.9930741,0.00097836012	0.99386332,0.00086730211	0.9922375,0.0010959649	0.993041992,0.00183105469		3	
626	0.99386332,0.00086730211	0.9946051,0.00076282119	0.9930741,0.00097836012	0.994262695,0.00183105469		3	
627	0.9946051,0.00076282119	0.99529935,0.00066494589	0.99386332,0.00086730211	0.994262695,0.00183105469	0.9930741,0.00097836012	0.99386332,0.00086730211	0.9946051,0.00076282119		6	
628	0.99529935,0.00066494589	0.995788574,0.000915527344	0.9946051,0.00076282119	0.995483398,0.00183105469		3	
629	0.99594601,0.000573703	0.99654502,0.00048911752	0.995788574,0.000915527344		2	
630	0.99654502,0.00048911752	0.99709632,0.00041121269	0.99594601,0.000573703	0.996398926,0.000915527344		3	
631	0.99709632,0.00041121269	0.99759986,0.00034000995	0.99654502,0.00048911752	0.997009277,0.000915527344		3	
632	0.99759986,0.00034000995	0.998077393,0.000457763672	0.99805559,0.00027552891	0.99709632,0.00041121269	0.997619629,0.000915527344		4	
633	0.99805559,0.00027552891	0.99846347,0.00021778736	0.99759986,0.00034000995	0.998077393,0.000457763672		3	
634	0.99846347,0.00021778736	0.99882345,0.00016680125	0.99805559,0.00027552891	0.998382568,0.000457763672		3	
635	0.99882345,0.00016680125	0.99913551,0.00012258469	0.99846347,0.00021778736	0.998687744,0.000457763672		3	
636	0.99913551,0.00012258469	0.99939961,8.5149909e-05	0.99882345,0.00016680125	0.99899292,0.000457763672		3	
637	0.99939961,8.5149909e-05	0.99961572,5.4507286e-05	0.99913551,0.00012258469	0.999298096,0.000457763672		3	
638	0.99961572,5.4507286e-05	0.999832153,0.000228881836	0.99939961,8.5149909e-05	0.999603271,0.000457763672		3	
639	0.99978383,3.0665313e-05	0.99990392,1.3630605e-05	0.99961572,5.4507286e-05	0.999794006,0.000114440918		3	
640	0.99990392,1.3630605e-05	0.999984741,7.62939453e-05	0.99978383,3.0665313e-05	0.9998703,0.000114440918		3	
