3.03705	-0.832711
3.03673	-0.832393
3.03642	-0.832075
3.03611	-0.831765
3.03581	-0.831457
3.0355	-0.831143
3.03516	-0.830795
3.03477	-0.830396
3.0343	-0.82992
3.03381	-0.829417
3.03324	-0.828836
3.03247	-0.828035
3.03125	-0.826781
3.02938	-0.824842
3.02692	-0.822287
3.0237	-0.818947
3.01946	-0.814544
3.01401	-0.808887
3.0074	-0.802015
2.99974	-0.794095
2.98954	-0.783625
2.9768	-0.770633
2.96233	-0.7561
2.94545	-0.739365
2.92489	-0.719416
2.90082	-0.696595
2.87408	-0.671933
2.84517	-0.646105
2.81375	-0.618966
2.77681	-0.588265
2.73451	-0.55472
2.69301	-0.523405
2.65239	-0.494255
2.61228	-0.466905
2.57274	-0.441321
2.53479	-0.418027
2.49839	-0.396827
2.46307	-0.377335
2.42859	-0.359312
2.39475	-0.342591
2.36215	-0.327383
2.33074	-0.313573
2.29998	-0.300843
2.27166	-0.289824
2.24446	-0.279881
2.21611	-0.270179
2.18486	-0.260291
2.15339	-0.251184
2.12329	-0.243299
2.09402	-0.236409
2.06689	-0.230727
2.0431	-0.226321
2.02057	-0.222658
1.9981	-0.219505
1.97667	-0.217002
1.95781	-0.215197
1.94157	-0.213982
1.92642	-0.213127
1.91153	-0.212562
1.89707	-0.212308
1.88401	-0.212325
1.87226	-0.212559
1.86122	-0.212991
1.8511	-0.213575
1.84123	-0.214326
1.83164	-0.215253
1.8225	-0.216337
1.8146	-0.217441
1.80733	-0.218607
1.80076	-0.219803
1.79478	-0.221021
1.78935	-0.222246
1.78485	-0.223355
1.78101	-0.224369
1.77734	-0.225406
1.77349	-0.226571
1.76958	-0.227845
1.76598	-0.229112
1.7625	-0.230423
1.75938	-0.231676
1.75683	-0.232765
1.75453	-0.233795
1.75248	-0.234761
1.75049	-0.235742
1.74846	-0.236796
1.74639	-0.237928
1.74445	-0.239048
1.74274	-0.240082
1.74116	-0.241083
1.73944	-0.242228
1.73758	-0.243524
1.73589	-0.244769
1.73462	-0.245758
1.73357	-0.246605
1.73259	-0.247426
1.73163	-0.248265
1.73069	-0.249118
1.72977	-0.249981
1.72894	-0.250797
1.72818	-0.251574
1.72744	-0.252359
1.72671	-0.253152
1.72599	-0.253968
1.72526	-0.254832
1.72455	-0.255701
1.72391	-0.256509
1.72339	-0.257205
1.72293	-0.257826
1.72252	-0.258392
1.72214	-0.258947
1.72176	-0.259507
1.72136	-0.260116
1.72093	-0.26079
1.72047	-0.261536
1.72001	-0.262322
1.71958	-0.263069
1.71921	-0.263759
1.71887	-0.264414
1.71855	-0.26506
1.71823	-0.265715
1.71792	-0.2664
1.71759	-0.267136
1.71724	-0.267971
1.71686	-0.268917
1.71652	-0.26984
1.71619	-0.27076
1.71584	-0.271818
1.71545	-0.273127
1.71502	-0.274704
1.71462	-0.276382
1.71429	-0.27803
1.71406	-0.279411
1.71389	-0.280587
1.71377	-0.281621
1.71367	-0.282614
1.71359	-0.283646
1.71352	-0.284799
1.71347	-0.286087
1.71345	-0.287438
1.71346	-0.288789
1.7135	-0.290149
1.71357	-0.291629
1.71369	-0.293234
1.71386	-0.294907
1.71406	-0.296558
1.7143	-0.298146
1.71457	-0.299757
1.71492	-0.301498
1.71532	-0.303299
1.71581	-0.305323
1.71642	-0.307555
1.7171	-0.30983
1.71786	-0.312178
1.71867	-0.314477
1.71946	-0.316554
1.72029	-0.318603
1.72127	-0.32091
1.72247	-0.323533
1.72386	-0.326403
1.7255	-0.329589
1.72752	-0.333266
1.72989	-0.337322
1.73239	-0.341335
1.73493	-0.345158
1.73751	-0.348854
1.74029	-0.352644
1.74354	-0.356888
1.74778	-0.362151
1.75346	-0.368764
1.75996	-0.375826
1.76641	-0.382428
1.7727	-0.388547
1.77932	-0.394674
1.78694	-0.401375
1.79513	-0.408229
1.80372	-0.415097
1.81362	-0.422639
1.82518	-0.43098
1.83886	-0.440331
1.85594	-0.451309
1.87647	-0.463614
1.89819	-0.475765
1.92183	-0.488097
1.94963	-0.50161
1.98018	-0.5154
2.01504	-0.529987
2.05946	-0.547086
2.11572	-0.566789
2.18429	-0.588468
2.2668	-0.611987
2.36685	-0.637895
2.47684	-0.664494
2.57928	-0.688749
2.66441	-0.709403
2.72842	-0.725748
2.77765	-0.739071
2.82047	-0.751391
2.85935	-0.763304
2.89597	-0.775316
2.93203	-0.788056
2.96523	-0.800735
2.99045	-0.811104
3.00613	-0.817985
3.01543	-0.822191
3.02155	-0.825072
3.02589	-0.827164
3.02895	-0.828645
3.0311	-0.829691
3.03252	-0.830388
3.0335	-0.830878
3.03414	-0.831202
3.03461	-0.831441
3.03502	-0.831651
3.03543	-0.831862
3.03584	-0.832074
3.03624	-0.832286
3.03665	-0.832498