-1.81075	0.144262
-1.81109	0.144208
-1.81142	0.144157
-1.81176	0.144107
-1.81212	0.144056
-1.81249	0.144007
-1.81284	0.143963
-1.81321	0.143919
-1.81364	0.14387
-1.81422	0.143805
-1.81497	0.143723
-1.81607	0.143603
-1.81793	0.143411
-1.82035	0.143177
-1.82312	0.142929
-1.82604	0.14268
-1.82936	0.142397
-1.83344	0.142051
-1.83804	0.14166
-1.84317	0.141191
-1.84823	0.140705
-1.85347	0.140165
-1.85861	0.139576
-1.86344	0.138987
-1.86881	0.138272
-1.874	0.137509
-1.87881	0.136752
-1.8841	0.135853
-1.88972	0.134802
-1.89538	0.133663
-1.90101	0.132436
-1.9066	0.13111
-1.91212	0.12971
-1.91748	0.128255
-1.92313	0.126604
-1.92842	0.124954
-1.93299	0.123448
-1.93752	0.121877
-1.94186	0.120284
-1.94579	0.118782
-1.94942	0.117336
-1.95308	0.115819
-1.95682	0.114205
-1.9606	0.112506
-1.9644	0.110734
-1.96851	0.10874
-1.97314	0.106383
-1.97813	0.103716
-1.98292	0.101027
-1.98737	0.0984105
-1.99165	0.0957758
-1.99637	0.0927344
-2.00109	0.0895495
-2.00575	0.0862462
-2.01036	0.0828161
-2.01452	0.0795714
-2.01845	0.0763772
-2.0227	0.0727647
-2.02695	0.0689618
-2.03069	0.0654716
-2.03399	0.0622565
-2.03704	0.0591695
-2.03987	0.0562077
-2.04241	0.0534433
-2.04475	0.0508217
-2.04716	0.0480311
-2.0498	0.0448658
-2.05265	0.0413122
-2.05543	0.0376945
-2.05798	0.0342319
-2.06024	0.0310465
-2.06246	0.0277944
-2.06483	0.0241686
-2.06755	0.0198013
-2.0703	0.0151166
-2.0729	0.0104407
-2.07555	0.00533975
-2.07798	0.000338749
-2.08013	-0.00441183
-2.08198	-0.00877264
-2.08353	-0.0126853
-2.08487	-0.0162538
-2.08604	-0.0195673
-2.08714	-0.0228825
-2.08821	-0.0262776
-2.08921	-0.0297079
-2.09014	-0.0331368
-2.09107	-0.0368289
-2.09198	-0.0407948
-2.09276	-0.0445415
-2.09338	-0.0478529
-2.09386	-0.0507375
-2.09431	-0.0536738
-2.0948	-0.0573302
-2.09526	-0.0614644
-2.09564	-0.0659153
-2.09595	-0.0711518
-2.0961	-0.0767273
-2.09609	-0.0814604
-2.09597	-0.0854841
-2.09576	-0.0894101
-2.09544	-0.0935355
-2.09501	-0.0976782
-2.09451	-0.101509
-2.09395	-0.105198
-2.09327	-0.108978
-2.09246	-0.112919
-2.09152	-0.116981
-2.09041	-0.12119
-2.08913	-0.125508
-2.08779	-0.129577
-2.08642	-0.133371
-2.08499	-0.137001
-2.08349	-0.140523
-2.0818	-0.144197
-2.07982	-0.148167
-2.07787	-0.151766
-2.07602	-0.154956
-2.0741	-0.158055
-2.07208	-0.16112
-2.06988	-0.164235
-2.06733	-0.167603
-2.06468	-0.170859
-2.06199	-0.173917
-2.05919	-0.176887
-2.05628	-0.17975
-2.05341	-0.182369
-2.0505	-0.18484
-2.0474	-0.187271
-2.04416	-0.189607
-2.04089	-0.191767
-2.03765	-0.193724
-2.03456	-0.195426
-2.03143	-0.19699
-2.02826	-0.198419
-2.02509	-0.199695
-2.02219	-0.200735
-2.01961	-0.201559
-2.01711	-0.202263
-2.01445	-0.202918
-2.01168	-0.203493
-2.00901	-0.203946
-2.00675	-0.204252
-2.00467	-0.20447
-2.00245	-0.204635
-1.99978	-0.204742
-1.99667	-0.204739
-1.99352	-0.204594
-1.99051	-0.204317
-1.98765	-0.203927
-1.98504	-0.203464
-1.98273	-0.202963
-1.98052	-0.2024
-1.97817	-0.201712
-1.97576	-0.200905
-1.97353	-0.200072
-1.97144	-0.199204
-1.9693	-0.198224
-1.96694	-0.19704
-1.9644	-0.195632
-1.96183	-0.194064
-1.9595	-0.192508
-1.95749	-0.191054
-1.95545	-0.189472
-1.95315	-0.187543
-1.9506	-0.185226
-1.94795	-0.182586
-1.94534	-0.179743
-1.94281	-0.176731
-1.94033	-0.173504
-1.93779	-0.169878
-1.93524	-0.165883
-1.93278	-0.161627
-1.93036	-0.157036
-1.92815	-0.152385
-1.92617	-0.14785
-1.92431	-0.143191
-1.92253	-0.138283
-1.92095	-0.133575
-1.91955	-0.129075
-1.91807	-0.123932
-1.91628	-0.11708
-1.91434	-0.108846
-1.91252	-0.100204
-1.91079	-0.09129
-1.90916	-0.082095
-1.90751	-0.0722695
-1.90569	-0.0610634
-1.90364	-0.0483184
-1.90106	-0.0329726
-1.89775	-0.015212
-1.89365	0.00391633
-1.88879	0.02278
-1.88352	0.0397673
-1.87739	0.0564008
-1.87009	0.0729022
-1.86267	0.0870557
-1.85506	0.0994713
-1.84751	0.110074
-1.84129	0.1178
-1.8365	0.123139
-1.83294	0.126788
-1.83037	0.129311
-1.82846	0.131114
-1.82684	0.132567
-1.82527	0.133913
-1.8236	0.135289
-1.82182	0.136723
-1.82011	0.138068
-1.81865	0.139185
-1.81729	0.140143
-1.81625	0.140847
-1.81544	0.141383
-1.81478	0.141818
-1.81425	0.142165
-1.81385	0.142423
-1.81356	0.142611
-1.81331	0.142776
-1.81309	0.142921
-1.81288	0.143056
-1.81264	0.143209
-1.81238	0.143367
-1.81218	0.143483
-1.81203	0.143573
-1.81189	0.14365
-1.81174	0.143735
-1.81157	0.143834
-1.81133	0.143959
-1.81105	0.144108