0 0
-1.81075	0.144262
-1.81109	0.144208
-1.81142	0.144157
-1.81176	0.144107
-1.81212	0.144056
-1.81249	0.144007
-1.81284	0.143963
-1.81321	0.143919
-1.81364	0.14387
-1.81422	0.143805
-1.81497	0.143723
-1.81607	0.143603
-1.81793	0.143411
-1.82035	0.143177
-1.82312	0.142929
-1.82604	0.14268
-1.82936	0.142397
-1.83344	0.142051
-1.83804	0.14166
-1.84317	0.141191
-1.84823	0.140705
-1.85347	0.140165
-1.85861	0.139576
-1.86344	0.138987
-1.86881	0.138272
-1.874	0.137509
-1.87881	0.136752
-1.8841	0.135853
-1.88972	0.134802
-1.89538	0.133663
-1.90101	0.132436
-1.9066	0.13111
-1.91212	0.12971
-1.91748	0.128255
-1.92313	0.126604
-1.92842	0.124954
-1.93299	0.123448
-1.93752	0.121877
-1.94186	0.120284
-1.94579	0.118782
-1.94942	0.117336
-1.95308	0.115819
-1.95682	0.114205
-1.9606	0.112506
-1.9644	0.110734
-1.96851	0.10874
-1.97314	0.106383
-1.97813	0.103716
-1.98292	0.101027
-1.98737	0.0984105
-1.99165	0.0957758
-1.99637	0.0927344
-2.00109	0.0895495
-2.00575	0.0862462
-2.01036	0.0828161
-2.01452	0.0795714
-2.01845	0.0763772
-2.0227	0.0727647
-2.02695	0.0689618
-2.03069	0.0654716
-2.03399	0.0622565
-2.03704	0.0591695
-2.03987	0.0562077
-2.04241	0.0534433
-2.04475	0.0508217
-2.04716	0.0480311
-2.0498	0.0448658
-2.05265	0.0413122
-2.05543	0.0376945
-2.05798	0.0342319
-2.06024	0.0310465
-2.06246	0.0277944
-2.06483	0.0241686
-2.06755	0.0198013
-2.0703	0.0151166
-2.0729	0.0104407
-2.07555	0.00533975
-2.07798	0.000338749
-2.08013	-0.00441183
-2.08198	-0.00877264
-2.08353	-0.0126853
-2.08487	-0.0162538
-2.08604	-0.0195673
-2.08714	-0.0228825
-2.08821	-0.0262776
-2.08921	-0.0297079
-2.09014	-0.0331368
-2.09107	-0.0368289
-2.09198	-0.0407948
-2.09276	-0.0445415
-2.09338	-0.0478529
-2.09386	-0.0507375
-2.09431	-0.0536738
-2.0948	-0.0573302
-2.09526	-0.0614644
-2.09564	-0.0659153
-2.09595	-0.0711518
-2.0961	-0.0767273
-2.09609	-0.0814604
-2.09597	-0.0854841
-2.09576	-0.0894101
-2.09544	-0.0935355
-2.09501	-0.0976782
-2.09451	-0.101509
-2.09395	-0.105198
-2.09327	-0.108978
-2.09246	-0.112919
-2.09152	-0.116981
-2.09041	-0.12119
-2.08913	-0.125508
-2.08779	-0.129577
-2.08642	-0.133371
-2.08499	-0.137001
-2.08349	-0.140523
-2.0818	-0.144197
-2.07982	-0.148167
-2.07787	-0.151766
-2.07602	-0.154956
-2.0741	-0.158055
-2.07208	-0.16112
-2.06988	-0.164235
-2.06733	-0.167603
-2.06468	-0.170859
-2.06199	-0.173917
-2.05919	-0.176887
-2.05628	-0.17975
-2.05341	-0.182369
-2.0505	-0.18484
-2.0474	-0.187271
-2.04416	-0.189607
-2.04089	-0.191767
-2.03765	-0.193724
-2.03456	-0.195426
-2.03143	-0.19699
-2.02826	-0.198419
-2.02509	-0.199695
-2.02219	-0.200735
-2.01961	-0.201559
-2.01711	-0.202263
-2.01445	-0.202918
-2.01168	-0.203493
-2.00901	-0.203946
-2.00675	-0.204252
-2.00467	-0.20447
-2.00245	-0.204635
-1.99978	-0.204742
-1.99667	-0.204739
-1.99352	-0.204594
-1.99051	-0.204317
-1.98765	-0.203927
-1.98504	-0.203464
-1.98273	-0.202963
-1.98052	-0.2024
-1.97817	-0.201712
-1.97576	-0.200905
-1.97353	-0.200072
-1.97144	-0.199204
-1.9693	-0.198224
-1.96694	-0.19704
-1.9644	-0.195632
-1.96183	-0.194064
-1.9595	-0.192508
-1.95749	-0.191054
-1.95545	-0.189472
-1.95315	-0.187543
-1.9506	-0.185226
-1.94795	-0.182586
-1.94534	-0.179743
-1.94281	-0.176731
-1.94033	-0.173504
-1.93779	-0.169878
-1.93524	-0.165883
-1.93278	-0.161627
-1.93036	-0.157036
-1.92815	-0.152385
-1.92617	-0.14785
-1.92431	-0.143191
-1.92253	-0.138283
-1.92095	-0.133575
-1.91955	-0.129075
-1.91807	-0.123932
-1.91628	-0.11708
-1.91434	-0.108846
-1.91252	-0.100204
-1.91079	-0.09129
-1.90916	-0.082095
-1.90751	-0.0722695
-1.90569	-0.0610634
-1.90364	-0.0483184
-1.90106	-0.0329726
-1.89775	-0.015212
-1.89365	0.00391633
-1.88879	0.02278
-1.88352	0.0397673
-1.87739	0.0564008
-1.87009	0.0729022
-1.86267	0.0870557
-1.85506	0.0994713
-1.84751	0.110074
-1.84129	0.1178
-1.8365	0.123139
-1.83294	0.126788
-1.83037	0.129311
-1.82846	0.131114
-1.82684	0.132567
-1.82527	0.133913
-1.8236	0.135289
-1.82182	0.136723
-1.82011	0.138068
-1.81865	0.139185
-1.81729	0.140143
-1.81625	0.140847
-1.81544	0.141383
-1.81478	0.141818
-1.81425	0.142165
-1.81385	0.142423
-1.81356	0.142611
-1.81331	0.142776
-1.81309	0.142921
-1.81288	0.143056
-1.81264	0.143209
-1.81238	0.143367
-1.81218	0.143483
-1.81203	0.143573
-1.81189	0.14365
-1.81174	0.143735
-1.81157	0.143834
-1.81133	0.143959
-1.81105	0.144108
-1.81075	0.144262
0 0
1.60999	0.0
1.60921	0.000251934
1.60844	0.000504647
1.60768	0.000752605
1.60695	0.000992195
1.60624	0.00122655
1.60552	0.00146114
1.60475	0.00171612
1.60375	0.00204928
1.6023	0.00253621
1.60021	0.00323756
1.5977	0.00409497
1.5942	0.00529481
1.58933	0.00697222
1.58324	0.00907567
1.5756	0.0117236
1.56677	0.0148003
1.55711	0.0181903
1.5455	0.0222803
1.52935	0.0279904
1.50882	0.0352498
1.484	0.0440184
1.45303	0.0549451
1.41705	0.0675228
1.3746	0.08226
1.32296	0.0998811
1.26146	0.120499
1.1888	0.144173
1.10267	0.171275
1.00392	0.201002
0.901399	0.23021
0.801856	0.256885
0.701848	0.28199
0.592304	0.307462
0.461844	0.334893
0.336185	0.358237
0.223476	0.376517
0.115376	0.39161
0.00876339	0.404037
-0.0998492	0.414117
-0.209075	0.421516
-0.312753	0.42587
-0.411791	0.427495
-0.506809	0.4266
-0.594647	0.423522
-0.678997	0.418404
-0.756888	0.41169
-0.824514	0.404206
-0.885427	0.396075
-0.942107	0.387232
-0.994371	0.377944
-1.04102	0.368641
-1.08402	0.359183
-1.12622	0.34903
-1.1682	0.337975
-1.20948	0.32614
-1.24721	0.314397
-1.28158	0.302846
-1.31322	0.291455
-1.34094	0.280811
-1.36647	0.270391
-1.39087	0.259843
-1.41424	0.249171
-1.43676	0.238256
-1.4569	0.227917
-1.47403	0.218671
-1.48991	0.209697
-1.50577	0.200261
-1.52099	0.190721
-1.53505	0.181429
-1.54786	0.172535
-1.55905	0.164388
-1.56905	0.156745
-1.57849	0.149166
-1.58782	0.14129
-1.59698	0.133119
-1.60448	0.126069
-1.61091	0.11973
-1.61643	0.114038
-1.62114	0.108964
-1.62549	0.104056
-1.62975	0.0990049
-1.63415	0.093503
-1.63877	0.0873293
-1.64289	0.08147
-1.64661	0.0758505
-1.64974	0.0708196
-1.65242	0.0662292
-1.6547	0.0620664
-1.65667	0.058214
-1.6584	0.054606
-1.65993	0.0511623
-1.66126	0.0479658
-1.66257	0.0445424
-1.66401	0.040397
-1.66533	0.0362371
-1.66645	0.0322839
-1.66753	0.0279891
-1.66851	0.0234892
-1.66932	0.0189787
-1.66994	0.0146915
-1.67034	0.0110783
-1.67059	0.00788307
-1.67075	0.00479103
-1.67082	0.00167551
-1.67079	-0.00160099
-1.67063	-0.005197
-1.67033	-0.00911037
-1.66988	-0.0131008
-1.66931	-0.0170202
-1.66864	-0.020737
-1.66788	-0.0243705
-1.66695	-0.0282048
-1.66581	-0.0323147
-1.66454	-0.0363556
-1.66323	-0.0401166
-1.66182	-0.0437766
-1.66033	-0.0473475
-1.65878	-0.0507488
-1.65719	-0.0540102
-1.65548	-0.0572866
-1.65359	-0.0606972
-1.65143	-0.0643491
-1.64895	-0.0682904
-1.64624	-0.0723243
-1.64321	-0.0765564
-1.63974	-0.0811191
-1.63581	-0.0859716
-1.63157	-0.0908856
-1.62709	-0.0957609
-1.62208	-0.100896
-1.61602	-0.106709
-1.60922	-0.112793
-1.60243	-0.11847
-1.59545	-0.123967
-1.58772	-0.1297
-1.57919	-0.135679
-1.56987	-0.141837
-1.55969	-0.148158
-1.54868	-0.154564
-1.5369	-0.161002
-1.52379	-0.167721
-1.50848	-0.17507
-1.49188	-0.182497
-1.47493	-0.189562
-1.4568	-0.1966
-1.43757	-0.203557
-1.41568	-0.210919
-1.39013	-0.218836
-1.3635	-0.226393
-1.33643	-0.233435
-1.30578	-0.240717
-1.26826	-0.248732
-1.22218	-0.257368
-1.16851	-0.265969
-1.10709	-0.274119
-1.03637	-0.281551
-0.954097	-0.287903
-0.857899	-0.292604
-0.74537	-0.294862
-0.617201	-0.293744
-0.474979	-0.288513
-0.308237	-0.277753
-0.105195	-0.258868
0.142881	-0.228585
0.430318	-0.185521
0.719539	-0.135823
0.91351	-0.100313
1.04271	-0.0764719
1.14176	-0.0585435
1.22182	-0.0445642
1.28637	-0.0338986
1.33327	-0.0265996
1.36904	-0.0213849
1.39998	-0.0171594
1.43058	-0.0132627
1.4613	-0.00973253
1.49278	-0.00654391
1.52078	-0.0040894
1.54147	-0.00262849
1.55703	-0.00167078
1.57047	-0.000973122
1.58102	-0.000587072
1.5883	-0.000366128
1.59318	-0.000225253
1.59656	-0.000126468
1.59919	-5.86534e-05
1.60129	-1.9318e-05
1.60318	4.45451e-06
1.6044	1.40724e-05
1.60529	1.81896e-05
1.60606	1.98043e-05
1.60682	1.96448e-05
1.60758	1.77067e-05
1.60837	1.38502e-05
1.60918	7.92225e-06
1.60999	0.0
0 0
3.03705	-0.832711
3.03673	-0.832393
3.03642	-0.832075
3.03611	-0.831765
3.03581	-0.831457
3.0355	-0.831143
3.03516	-0.830795
3.03477	-0.830396
3.0343	-0.82992
3.03381	-0.829417
3.03324	-0.828836
3.03247	-0.828035
3.03125	-0.826781
3.02938	-0.824842
3.02692	-0.822287
3.0237	-0.818947
3.01946	-0.814544
3.01401	-0.808887
3.0074	-0.802015
2.99974	-0.794095
2.98954	-0.783625
2.9768	-0.770633
2.96233	-0.7561
2.94545	-0.739365
2.92489	-0.719416
2.90082	-0.696595
2.87408	-0.671933
2.84517	-0.646105
2.81375	-0.618966
2.77681	-0.588265
2.73451	-0.55472
2.69301	-0.523405
2.65239	-0.494255
2.61228	-0.466905
2.57274	-0.441321
2.53479	-0.418027
2.49839	-0.396827
2.46307	-0.377335
2.42859	-0.359312
2.39475	-0.342591
2.36215	-0.327383
2.33074	-0.313573
2.29998	-0.300843
2.27166	-0.289824
2.24446	-0.279881
2.21611	-0.270179
2.18486	-0.260291
2.15339	-0.251184
2.12329	-0.243299
2.09402	-0.236409
2.06689	-0.230727
2.0431	-0.226321
2.02057	-0.222658
1.9981	-0.219505
1.97667	-0.217002
1.95781	-0.215197
1.94157	-0.213982
1.92642	-0.213127
1.91153	-0.212562
1.89707	-0.212308
1.88401	-0.212325
1.87226	-0.212559
1.86122	-0.212991
1.8511	-0.213575
1.84123	-0.214326
1.83164	-0.215253
1.8225	-0.216337
1.8146	-0.217441
1.80733	-0.218607
1.80076	-0.219803
1.79478	-0.221021
1.78935	-0.222246
1.78485	-0.223355
1.78101	-0.224369
1.77734	-0.225406
1.77349	-0.226571
1.76958	-0.227845
1.76598	-0.229112
1.7625	-0.230423
1.75938	-0.231676
1.75683	-0.232765
1.75453	-0.233795
1.75248	-0.234761
1.75049	-0.235742
1.74846	-0.236796
1.74639	-0.237928
1.74445	-0.239048
1.74274	-0.240082
1.74116	-0.241083
1.73944	-0.242228
1.73758	-0.243524
1.73589	-0.244769
1.73462	-0.245758
1.73357	-0.246605
1.73259	-0.247426
1.73163	-0.248265
1.73069	-0.249118
1.72977	-0.249981
1.72894	-0.250797
1.72818	-0.251574
1.72744	-0.252359
1.72671	-0.253152
1.72599	-0.253968
1.72526	-0.254832
1.72455	-0.255701
1.72391	-0.256509
1.72339	-0.257205
1.72293	-0.257826
1.72252	-0.258392
1.72214	-0.258947
1.72176	-0.259507
1.72136	-0.260116
1.72093	-0.26079
1.72047	-0.261536
1.72001	-0.262322
1.71958	-0.263069
1.71921	-0.263759
1.71887	-0.264414
1.71855	-0.26506
1.71823	-0.265715
1.71792	-0.2664
1.71759	-0.267136
1.71724	-0.267971
1.71686	-0.268917
1.71652	-0.26984
1.71619	-0.27076
1.71584	-0.271818
1.71545	-0.273127
1.71502	-0.274704
1.71462	-0.276382
1.71429	-0.27803
1.71406	-0.279411
1.71389	-0.280587
1.71377	-0.281621
1.71367	-0.282614
1.71359	-0.283646
1.71352	-0.284799
1.71347	-0.286087
1.71345	-0.287438
1.71346	-0.288789
1.7135	-0.290149
1.71357	-0.291629
1.71369	-0.293234
1.71386	-0.294907
1.71406	-0.296558
1.7143	-0.298146
1.71457	-0.299757
1.71492	-0.301498
1.71532	-0.303299
1.71581	-0.305323
1.71642	-0.307555
1.7171	-0.30983
1.71786	-0.312178
1.71867	-0.314477
1.71946	-0.316554
1.72029	-0.318603
1.72127	-0.32091
1.72247	-0.323533
1.72386	-0.326403
1.7255	-0.329589
1.72752	-0.333266
1.72989	-0.337322
1.73239	-0.341335
1.73493	-0.345158
1.73751	-0.348854
1.74029	-0.352644
1.74354	-0.356888
1.74778	-0.362151
1.75346	-0.368764
1.75996	-0.375826
1.76641	-0.382428
1.7727	-0.388547
1.77932	-0.394674
1.78694	-0.401375
1.79513	-0.408229
1.80372	-0.415097
1.81362	-0.422639
1.82518	-0.43098
1.83886	-0.440331
1.85594	-0.451309
1.87647	-0.463614
1.89819	-0.475765
1.92183	-0.488097
1.94963	-0.50161
1.98018	-0.5154
2.01504	-0.529987
2.05946	-0.547086
2.11572	-0.566789
2.18429	-0.588468
2.2668	-0.611987
2.36685	-0.637895
2.47684	-0.664494
2.57928	-0.688749
2.66441	-0.709403
2.72842	-0.725748
2.77765	-0.739071
2.82047	-0.751391
2.85935	-0.763304
2.89597	-0.775316
2.93203	-0.788056
2.96523	-0.800735
2.99045	-0.811104
3.00613	-0.817985
3.01543	-0.822191
3.02155	-0.825072
3.02589	-0.827164
3.02895	-0.828645
3.0311	-0.829691
3.03252	-0.830388
3.0335	-0.830878
3.03414	-0.831202
3.03461	-0.831441
3.03502	-0.831651
3.03543	-0.831862
3.03584	-0.832074
3.03624	-0.832286
3.03665	-0.832498
3.03705	-0.832711
0 0
3.74495	-1.61655
3.74482	-1.61639
3.74469	-1.61624
3.74457	-1.61609
3.74444	-1.61594
3.7443	-1.61578
3.74414	-1.61559
3.74395	-1.61535
3.74371	-1.61507
3.74347	-1.61477
3.74321	-1.61446
3.74293	-1.61411
3.74256	-1.61366
3.74201	-1.61297
3.74103	-1.61177
3.73969	-1.61009
3.73772	-1.60764
3.73481	-1.60397
3.73142	-1.59964
3.72637	-1.59316
3.71877	-1.58333
3.70836	-1.56982
3.69593	-1.55366
3.68077	-1.53409
3.66313	-1.51164
3.64205	-1.48541
3.61994	-1.45874
3.59755	-1.43268
3.57524	-1.40773
3.5534	-1.38432
3.5311	-1.36146
3.50773	-1.33862
3.48229	-1.31505
3.45525	-1.29144
3.42836	-1.26942
3.40315	-1.25007
3.37928	-1.23286
3.35527	-1.21663
3.33151	-1.20163
3.30854	-1.18808
3.28733	-1.17643
3.26707	-1.16604
3.24588	-1.15596
3.2226	-1.14581
3.19853	-1.13635
3.17636	-1.12858
3.15581	-1.12223
3.13654	-1.11707
3.11981	-1.11325
3.10548	-1.11051
3.09169	-1.1084
3.0794	-1.10699
3.06895	-1.10618
3.05991	-1.10582
3.05239	-1.10578
3.04524	-1.10599
3.03919	-1.10639
3.03443	-1.10685
3.03049	-1.10735
3.02694	-1.10789
3.02343	-1.10853
3.02002	-1.10926
3.01662	-1.11008
3.01299	-1.1111
3.00968	-1.11217
3.00683	-1.11322
3.00412	-1.11432
3.00206	-1.11525
3.00056	-1.11597
2.99919	-1.11667
2.99773	-1.11746
2.99606	-1.11844
2.99412	-1.11966
2.99232	-1.12091
2.99087	-1.12199
2.9896	-1.12302
2.98835	-1.12409
2.98711	-1.12523
2.98597	-1.12636
2.98492	-1.12749
2.98396	-1.1286
2.98309	-1.12968
2.98227	-1.13077
2.98141	-1.132
2.98056	-1.13332
2.97975	-1.13469
2.97897	-1.13615
2.97825	-1.13764
2.97768	-1.13898
2.97724	-1.14011
2.97686	-1.14118
2.97652	-1.14226
2.97619	-1.14337
2.97587	-1.14461
2.97553	-1.14614
2.97519	-1.14802
2.97491	-1.15008
2.97473	-1.15217
2.97464	-1.15428
2.97464	-1.15646
2.97475	-1.15884
2.97497	-1.16143
2.97533	-1.16417
2.97583	-1.16696
2.97642	-1.16963
2.97711	-1.17229
2.97799	-1.17528
2.9792	-1.17882
2.98073	-1.18276
2.9826	-1.18703
2.98475	-1.19143
2.98717	-1.19595
2.98989	-1.20059
2.99301	-1.20551
2.99678	-1.21102
3.00156	-1.21749
3.00745	-1.22481
3.01424	-1.23262
3.02211	-1.24102
3.03136	-1.25016
3.0421	-1.26004
3.05488	-1.27097
3.07022	-1.28317
3.08789	-1.29622
3.10814	-1.31013
3.13352	-1.32634
3.16619	-1.34562
3.20822	-1.36847
3.25964	-1.39423
3.32064	-1.42264
3.38967	-1.453
3.46324	-1.48438
3.53546	-1.51517
3.59472	-1.54117
3.63516	-1.55965
3.66583	-1.57427
3.69121	-1.58693
3.70906	-1.59623
3.7214	-1.60291
3.72901	-1.60715
3.73319	-1.60953
3.73591	-1.61112
3.73785	-1.61226
3.73947	-1.61322
3.74085	-1.61404
3.74184	-1.61462
3.74247	-1.61501
3.74291	-1.61527
3.74323	-1.61547
3.74349	-1.61563
3.74373	-1.61578
3.74393	-1.6159
3.74411	-1.61601
3.74427	-1.61612
3.74443	-1.61622
3.7446	-1.61632
3.74477	-1.61643
3.74495	-1.61655
0 0