1.5	-0.5
1.4994613303	-0.50007640768
1.4979768467	-0.50028673943
1.4956155332	-0.50062047914
1.4924152119	-0.50107111498
1.4884047056	-0.50163310641
1.4836085254	-0.50230146796
1.4780492595	-0.50307159079
1.4717480986	-0.50393850923
1.4647254209	-0.50489657374
1.4570016242	-0.50594038256
1.4485967891	-0.50706497003
1.4395309964	-0.50826550925
1.4298246835	-0.50953686607
1.4194981888	-0.51087366847
1.4085718209	-0.51227004883
1.3970663841	-0.51372058558
1.3850028412	-0.51522059058
1.3724023532	-0.51676533605
1.3592862297	-0.51834943014
1.3456759293	-0.51996768914
1.3315929598	-0.52161491942
1.317059404	-0.52328614542
1.3020969483	-0.52497672856
1.2867279332	-0.52668196089
1.2709744315	-0.52839713444
1.2548588531	-0.53011737276
1.2384036971	-0.53183782914
1.2216315915	-0.53355354782
1.2045649363	-0.53525975148
1.1872266368	-0.53695157356
1.1696395588	-0.5386241277
1.1518265187	-0.54027227975
1.1338104319	-0.54189091538
1.1156145109	-0.54347471212
1.0972618595	-0.54501820875
1.0787756904	-0.54651578543
1.0601794642	-0.54796186201
1.0414964529	-0.54935083849
1.0227502361	-0.55067700586
1.0039646012	-0.55193421898
0.98516314765	-0.55311642195
0.96636977193	-0.55421743989
0.94760863829	-0.55523125654
0.92890382174	-0.55615172676
0.91027950632	-0.55697265589
0.8917600842	-0.55768805738
0.87337020527	-0.5582918753
0.85513446984	-0.55877846011
0.83707755752	-0.55914241996
0.81922458404	-0.55937839273
0.80160034794	-0.55948143259
0.78422997485	-0.55944693069
0.76713847146	-0.5592707143
0.75035112199	-0.55894908643
0.73389303224	-0.55847890513
0.71778953598	-0.55785752405
0.7020653822	-0.55708303025
0.68674568662	-0.55615396676
0.67185549558	-0.55506950101
0.65741947878	-0.55382941494
0.64346222662	-0.55243407528
0.63000807182	-0.55088455247
0.61708100018	-0.54918252156
0.60470471999	-0.54733026218
0.59290286025	-0.54533037115
0.58169819755	-0.54318634721
0.57111319133	-0.54090219463
0.56117016229	-0.53848142206
0.55189107426	-0.53592752825
0.5432971775	-0.53324448772
0.53540964295	-0.53043609657
0.52824896757	-0.52750604187
0.5218361538	-0.52445673212
0.51619286817	-0.5212890296
0.51134223419	-0.51800312265
0.50730993252	-0.51459925905
0.50412773941	-0.51107836057
0.50183170295	-0.50745058649
0.50045428326	-0.50374322313
0.50000002973	-0.49999999009
0.50045434273	-0.49625674714
0.50183170295	-0.49254938378
0.50412779888	-0.4889216196
0.50730999199	-0.48540073103
0.51134226392	-0.48199686743
0.51619289791	-0.4787109704
0.52183621327	-0.47554329762
0.52824905677	-0.47249400769
0.53540970242	-0.46956391334
0.54329727662	-0.46675556184
0.55189113373	-0.4640725114
0.56117028122	-0.4615186275
0.57111327063	-0.45909787475
0.58169826693	-0.45681373208
0.59290294945	-0.45466971806
0.60470487858	-0.45266982702
0.61708108938	-0.45081753791
0.63000813129	-0.44911553673
0.64346231582	-0.4475659941
0.65741962745	-0.446170704
0.67185563434	-0.44493066749
0.68674579565	-0.44384619182
0.70206544167	-0.44291713824
0.71778960536	-0.44214265436
0.73389328003	-0.44152126336
0.7503513896	-0.44105108207
0.76713867961	-0.44072948393
0.78423009379	-0.44055328736
0.80160052635	-0.44051883502
0.81922479218	-0.44062178567
0.8370778846	-0.44085775844
0.8551344401	-0.44122164891
0.87337018545	-0.44170823372
0.8917600842	-0.44231210121
0.91027941711	-0.44302746305
0.92890373254	-0.44384844173
0.94760863829	-0.44476885249
0.9663698314	-0.44578265923
0.98516316747	-0.44688369699
1.0039646012	-0.44806589004
1.0227502856	-0.44932305361
1.0414964529	-0.45064926062
1.0601795237	-0.45203819746
1.0787758094	-0.45348439298
1.097261919	-0.45498191019
1.1156146298	-0.45652534734
1.1338104913	-0.45810919364
1.1518265187	-0.45972776981
1.1696396183	-0.46137593177
1.1872267557	-0.46304837689
1.2045650552	-0.46474024852
1.221631651	-0.46644650173
1.2384038161	-0.46816230962
1.2548590315	-0.46988272635
1.2709744909	-0.47160296467
1.2867279926	-0.4733181184
1.3020970673	-0.47502335073
1.3170594635	-0.47671390414
1.3315931382	-0.4783851004
1.3456760483	-0.48003235051
1.3592863487	-0.48165057977
1.3724024721	-0.48323467386
1.3850029601	-0.48477937968
1.397066503	-0.48627943424
1.4085718209	-0.48772995117
1.4194981293	-0.48912633153
1.4298247429	-0.4904631141
1.4395309964	-0.49173448084
1.4485967297	-0.49293504979
1.4570016242	-0.49405962735
1.4647254209	-0.49510342626
1.4717480986	-0.49606149077
1.4780492595	-0.4969283993
1.4836085254	-0.49769854195
1.4884047056	-0.49836691341
1.4924152119	-0.49892889494
1.4956155332	-0.49937953077
1.4979768467	-0.49971326057
1.4994613303	-0.49992359232