1.0	0.0
0.9994613303	-7.6407681695e-05
0.9979768467	-0.00028673942553
0.99561553316	-0.0006204791399
0.99241521193	-0.0010711149754
0.98840470563	-0.0016331064088
0.98360852538	-0.0023014679602
0.97804925945	-0.0030715907864
0.97174809863	-0.0039385092307
0.96472542093	-0.0048965737434
0.95700162421	-0.0059403825619
0.94859678913	-0.0070649700296
0.93953099639	-0.0082655092504
0.92982468347	-0.0095368660721
0.91949818876	-0.010873668467
0.9085718209	-0.012270048832
0.8970663841	-0.013720585582
0.88500284118	-0.015220590583
0.87240235316	-0.016765336052
0.85928622975	-0.018349430139
0.84567592932	-0.019967689135
0.83159295982	-0.021614919418
0.81705940403	-0.02328614542
0.80209694831	-0.024976728563
0.78672793316	-0.02668196089
0.77097443146	-0.028397134441
0.75485885309	-0.030117372765
0.73840369714	-0.031837829141
0.72163159154	-0.033553547825
0.70456493626	-0.035259751477
0.68722663675	-0.036951573557
0.66963955883	-0.038624127698
0.65182651874	-0.04027227975
0.63381043186	-0.041890915382
0.61561451089	-0.043474712125
0.59726185951	-0.045018208746
0.57877569045	-0.046515785432
0.56017946419	-0.047961862011
0.54149645292	-0.049350838493
0.52275023607	-0.050677005858
0.50396460123	-0.051934218983
0.48516314765	-0.053116421946
0.46636977193	-0.054217439888
0.44760863829	-0.055231256536
0.42890382174	-0.056151726765
0.41027950632	-0.056972655892
0.3917600842	-0.057688057378
0.37337020527	-0.058291875302
0.35513446984	-0.058778460115
0.33707755752	-0.059142419964
0.31922458404	-0.059378392734
0.30160034794	-0.059481432591
0.28422997485	-0.059446930692
0.26713847146	-0.059270714299
0.25035112199	-0.058949086427
0.23389303224	-0.058478905132
0.21778953598	-0.057857524046
0.2020653822	-0.057083030252
0.18674568662	-0.056153966761
0.17185549558	-0.055069501008
0.15741947878	-0.053829414939
0.14346222662	-0.052434075281
0.13000807182	-0.050884552473
0.11708100018	-0.049182521558
0.10470471999	-0.047330262179
0.092902860245	-0.045330371146
0.081698197547	-0.043186347215
0.071113191335	-0.040902194629
0.061170162286	-0.038481422055
0.051891074264	-0.035927528251
0.043297177504	-0.033244487722
0.035409642951	-0.030436096571
0.028248967567	-0.027506041871
0.021836153802	-0.024456732116
0.016192868173	-0.021289029604
0.011342234189	-0.018003122655
0.0073099325219	-0.014599259055
0.0041277394109	-0.011078360572
0.0018317029476	-0.0074505864862
0.00045428326408	-0.0037432231297
2.9734472057e-08	9.9114906855e-09
0.00045434273302	0.0037432528642
0.0018317029476	0.0074506162207
0.0041277988798	0.011078380395
0.0073099919908	0.014599268966
0.011342263923	0.018003132566
0.016192897907	0.021289029604
0.021836213271	0.024456702381
0.028249056771	0.027505992314
0.03540970242	0.030436086659
0.043297276619	0.033244438165
0.051891133733	0.035927488605
0.061170281224	0.038481372498
0.071113270627	0.040902125249
0.081698266927	0.043186267923
0.092902949449	0.045330281942
0.10470487858	0.047330172975
0.11708108938	0.049182462089
0.13000813129	0.05088446327
0.14346231582	0.0524340059
0.15741962745	0.053829296002
0.17185563434	0.055069332513
0.18674579565	0.056153808178
0.20206544167	0.057082861757
0.21778960536	0.057857345639
0.23389328003	0.058478736636
0.2503513896	0.058948917931
0.26713867961	0.05927051607
0.28423009379	0.05944671264
0.30160052635	0.059481164981
0.31922479218	0.059378214327
0.3370778846	0.059142241557
0.3551344401	0.058778351088
0.37337018545	0.058291766276
0.3917600842	0.057687898794
0.41027941711	0.056972536954
0.42890373254	0.056151558269
0.44760863829	0.05523114751
0.4663698314	0.054217340773
0.48516316747	0.053116303008
0.50396460123	0.051934109956
0.52275028563	0.050676946389
0.54149645292	0.049350739378
0.56017952366	0.047961802542
0.57877580939	0.046515607025
0.59726191898	0.045018089809
0.61561462982	0.043474652656
0.63381049133	0.041890806356
0.65182651874	0.040272230193
0.6696396183	0.038624068229
0.68722675569	0.036951623114
0.70456505519	0.035259751477
0.72163165101	0.033553498267
0.73840381607	0.03183769038
0.75485903149	0.03011727365
0.77097449093	0.028397035326
0.78672799263	0.026681881598
0.80209706725	0.024976649271
0.8170594635	0.023286095863
0.83159313822	0.021614899595
0.84567604826	0.019967649489
0.85928634868	0.018349420228
0.8724024721	0.016765326141
0.88500296012	0.015220620317
0.89706650304	0.013720565759
0.9085718209	0.012270048832
0.91949812929	0.010873668467
0.92982474294	0.0095368858951
0.93953099639	0.0082655191619
0.94859672966	0.0070649502066
0.95700162421	0.0059403726504
0.96472542093	0.0048965737434
0.97174809863	0.0039385092307
0.97804925945	0.0030716006979
0.98360852538	0.0023014580487
0.98840470563	0.0016330865858
0.99241521193	0.0010711050639
0.99561553316	0.0006204692284
0.9979768467	0.00028673942553
0.9994613303	7.6407681695e-05