21252 
21255 
21003 
22404 
11030 
11033 
21530 
11037 
11038 
22406 
10529 
10542 
10545 
9097 
21558 
22331 
9020 
10046 
22335 
22337 
22338 
10052 
9143 
11034 
8018 
8787 
7268 
10591 
20879 
10586 
20831 
10595 
10596 
10604 
10605 
11121 
11122 
11123 
22424 
8063 
22038 
9092 
22405 
9094 
20871 
20616 
8073 
8842 
10136 
20622 
8079 
8592 
8081 
20632 
22425 
20634 
8091 
20636 
8094 
21718 
8050 
20649 
22188 
22426 
8626 
8119 
21915 
8385 
8130 
8388 
21447 
20680 
15819 
20686 
10959 
21712 
21973 
9167 
21975 
21976 
22237 
10986 
22184 
8531 
20984 
7930 
22016 
