1.0000000000000000	-3.8788960000000000E-016
0.99997597999999999	-3.4078876999999999E-006
0.99990391999999995	-1.3630605000000000E-005
0.99978383000000004	-3.0665313000000002E-005
0.99961571999999999	-5.4507286000000001E-005
0.99939960999999999	-8.5149908999999994E-005
0.99913551000000000	-1.2258469000000000E-004
0.99882344999999995	-1.6680125000000001E-004
0.99846347000000002	-2.1778735999999999E-004
0.99805558999999999	-2.7552890999999998E-004
0.99759986000000000	-3.4000995000000000E-004
0.99709632000000004	-4.1121269000000000E-004
0.99654502000000000	-4.8911752000000005E-004
0.99594601000000005	-5.7370299999999995E-004
0.99529935000000003	-6.6494589000000003E-004
0.99460510000000002	-7.6282119000000001E-004
0.99386331999999999	-8.6730211000000002E-004
0.99307409999999996	-9.7836011999999990E-004
0.99223749999999999	-1.0959648999999999E-003
0.99135359999999995	-1.2200846000000000E-003
0.99042249999999998	-1.3506855000000001E-003
0.98944427000000001	-1.4877321999999999E-003
0.98841902000000004	-1.6311879000000000E-003
0.98734683999999995	-1.7810138000000000E-003
0.98622783000000003	-1.9371697999999999E-003
0.98506210999999999	-2.0996143000000002E-003
0.98384978000000001	-2.2683037000000000E-003
0.98259096000000001	-2.4431934999999999E-003
0.98128578000000000	-2.6242370999999998E-003
0.97993434999999995	-2.8113869999999998E-003
0.97853681000000003	-3.0045939000000002E-003
0.97709329000000000	-3.2038072000000000E-003
0.97560393000000001	-3.4089749999999999E-003
0.97406886999999998	-3.6200440000000002E-003
0.97248825999999999	-3.8369595000000002E-003
0.97086225999999998	-4.0596657999999999E-003
0.96919102000000001	-4.2881057000000002E-003
0.96747468999999997	-4.5222207999999998E-003
0.96571344999999997	-4.7619517000000002E-003
0.96390746000000005	-5.0072377999999997E-003
0.96205689999999999	-5.2580172000000003E-003
0.96016195000000004	-5.5142272000000001E-003
0.95822278000000005	-5.7758037999999998E-003
0.95623957999999998	-6.0426823000000003E-003
0.95421255000000005	-6.3147966000000003E-003
0.95214188000000000	-6.5920800999999998E-003
0.95002776000000000	-6.8744649999999997E-003
0.94787041000000005	-7.1618825999999998E-003
0.94567002000000000	-7.4542636000000002E-003
0.94342680999999995	-7.7515377000000000E-003
0.94114100000000001	-8.0536337999999996E-003
0.93881280000000000	-8.3604801999999992E-003
0.93644243999999999	-8.6720042999999993E-003
0.93403015000000000	-8.9881330000000006E-003
0.93157615000000005	-9.3087923999999999E-003
0.92908069000000004	-9.6339079000000005E-003
0.92654400000000003	-9.9634046999999993E-003
0.92396632000000001	-1.0297206999999999E-002
0.92134791000000005	-1.0635238000000000E-002
0.91868901999999997	-1.0977422000000001E-002
0.91598990000000002	-1.1323682000000000E-002
0.91325080999999997	-1.1673938999999999E-002
0.91047202000000005	-1.2028116000000000E-002
0.90765377999999997	-1.2386134000000000E-002
0.90479637999999996	-1.2747914000000001E-002
0.90190009000000004	-1.3113377000000001E-002
0.89896516999999998	-1.3482443000000000E-002
0.89599192999999999	-1.3855032999999999E-002
0.89298063999999999	-1.4231064999999999E-002
0.88993158999999999	-1.4610460000000000E-002
0.88684507000000001	-1.4993137000000000E-002
0.88372139000000005	-1.5379014999999999E-002
0.88056084000000001	-1.5768012000000001E-002
0.87736371999999996	-1.6160047000000000E-002
0.87413034999999994	-1.6555037000000002E-002
0.87086101999999999	-1.6952901999999999E-002
0.86755607000000001	-1.7353559000000001E-002
0.86421579999999998	-1.7756925000000000E-002
0.86084053999999999	-1.8162919000000000E-002
0.85743060000000004	-1.8571457000000000E-002
0.85398631999999997	-1.8982457000000001E-002
0.85050802999999997	-1.9395835000000000E-002
0.84699606999999999	-1.9811509000000001E-002
0.84345075999999997	-2.0229396000000000E-002
0.83987246000000004	-2.0649411999999999E-002
0.83626149999999999	-2.1071473000000000E-002
0.83261823000000001	-2.1495495999999999E-002
0.82894299999999999	-2.1921396999999999E-002
0.82523617000000005	-2.2349093000000000E-002
0.82149808000000002	-2.2778499000000001E-002
0.81772911000000004	-2.3209530999999999E-002
0.81392960999999997	-2.3642105000000000E-002
0.81009995000000001	-2.4076136000000001E-002
0.80624048999999998	-2.4511539999999998E-002
0.80235160999999999	-2.4948232000000001E-002
0.79843366999999998	-2.5386127000000001E-002
0.79448706999999996	-2.5825140000000000E-002
0.79051216999999996	-2.6265185999999999E-002
0.78650935000000000	-2.6706178000000001E-002
0.78247900999999997	-2.7148032999999998E-002
0.77842151999999998	-2.7590663000000001E-002
0.77433728999999996	-2.8033981999999999E-002
0.77022670000000004	-2.8477905000000001E-002
0.76609013999999998	-2.8922343999999999E-002
0.76192802000000004	-2.9367213999999999E-002
0.75774072000000003	-2.9812426000000000E-002
0.75352867000000001	-3.0257893000000001E-002
0.74929226000000004	-3.0703529000000000E-002
0.74503189000000003	-3.1149244000000000E-002
0.74074797999999997	-3.1594949999999997E-002
0.73644094000000004	-3.2040560000000003E-002
0.73211117999999997	-3.2485984000000002E-002
0.72775911999999998	-3.2931132000000002E-002
0.72338517999999996	-3.3375914999999999E-002
0.71898976999999997	-3.3820243999999999E-002
0.71457331999999996	-3.4264027000000002E-002
0.71013625999999996	-3.4707173000000001E-002
0.70567901000000000	-3.5149592000000000E-002
0.70120199000000005	-3.5591192000000001E-002
0.69670564000000001	-3.6031881000000002E-002
0.69219039000000004	-3.6471564999999997E-002
0.68765668000000002	-3.6910153000000001E-002
0.68310493999999999	-3.7347550000000000E-002
0.67853560000000002	-3.7783663000000002E-002
0.67394911000000002	-3.8218396000000002E-002
0.66934590000000005	-3.8651655000000000E-002
0.66472642999999998	-3.9083344999999999E-002
0.66009112999999997	-3.9513369999999999E-002
0.65544044000000001	-3.9941631999999998E-002
0.65077481999999998	-4.0368036000000003E-002
0.64609472000000001	-4.0792481999999998E-002
0.64140056999999995	-4.1214873999999999E-002
0.63669284000000004	-4.1635113000000001E-002
0.63197197999999999	-4.2053098999999997E-002
0.62723843999999995	-4.2468733000000002E-002
0.62249266999999997	-4.2881914000000000E-002
0.61773513000000002	-4.3292542000000003E-002
0.61296627999999997	-4.3700516000000002E-002
0.60818658000000003	-4.4105734000000001E-002
0.60339648000000001	-4.4508092999999999E-002
0.59859644999999995	-4.4907491000000001E-002
0.59378693999999999	-4.5303824999999999E-002
0.58896842000000005	-4.5696990000000000E-002
0.58414136000000005	-4.6086883000000002E-002
0.57930621000000004	-4.6473398999999999E-002
0.57446344000000005	-4.6856432000000003E-002
0.56961351000000005	-4.7235878000000002E-002
0.56475690000000001	-4.7611631000000001E-002
0.55989407000000002	-4.7983583000000003E-002
0.55502547999999996	-4.8351629000000000E-002
0.55015159999999996	-4.8715662000000000E-002
0.54527289999999995	-4.9075572999999997E-002
0.54038986000000000	-4.9431256999999999E-002
0.53550293000000004	-4.9782604000000001E-002
0.53061259999999999	-5.0129505999999997E-002
0.52571931999999999	-5.0471856000000002E-002
0.52082357000000001	-5.0809544999999998E-002
0.51592581999999998	-5.1142463999999999E-002
0.51102654000000003	-5.1470505000000000E-002
0.50612619999999997	-5.1793559000000003E-002
0.50122526999999995	-5.2111515999999997E-002
0.49632421999999998	-5.2424269000000003E-002
0.49142353000000000	-5.2731709000000002E-002
0.48652366000000002	-5.3033726000000003E-002
0.48162508999999998	-5.3330213000000001E-002
0.47672828000000000	-5.3621059999999998E-002
0.47183370000000002	-5.3906161000000001E-002
0.46694184000000000	-5.4185405999999998E-002
0.46205315000000002	-5.4458688999999998E-002
0.45716810000000002	-5.4725902999999999E-002
0.45228718000000001	-5.4986939999999998E-002
0.44741082999999998	-5.5241695000000000E-002
0.44253954000000001	-5.5490061000000000E-002
0.43767377000000002	-5.5731932999999997E-002
0.43281398999999998	-5.5967206999999998E-002
0.42796065999999999	-5.6195780000000001E-002
0.42311425000000003	-5.6417546999999998E-002
0.41827523999999999	-5.6632406000000003E-002
0.41344407000000000	-5.6840256999999998E-002
0.40862122000000001	-5.7040998000000002E-002
0.40380715000000000	-5.7234528999999999E-002
0.39900232000000002	-5.7420752999999998E-002
0.39420719999999998	-5.7599571000000002E-002
0.38942223999999998	-5.7770887000000000E-002
0.38464790999999998	-5.7934606000000000E-002
0.37988465999999999	-5.8090635000000002E-002
0.37513295000000002	-5.8238879000000000E-002
0.37039323000000002	-5.8379249000000001E-002
0.36566598000000000	-5.8511654000000003E-002
0.36095161999999997	-5.8636005999999997E-002
0.35625063000000001	-5.8752218000000002E-002
0.35156345000000000	-5.8860204999999999E-002
0.34689052999999997	-5.8959882999999998E-002
0.34223231999999998	-5.9051171999999999E-002
0.33758927000000000	-5.9133989999999997E-002
0.33296183000000001	-5.9208259999999999E-002
0.32835043000000003	-5.9273905000000002E-002
0.32375553000000001	-5.9330850999999997E-002
0.31917756000000003	-5.9379026000000001E-002
0.31461697000000000	-5.9418360000000003E-002
0.31007417999999998	-5.9448783999999998E-002
0.30554965000000001	-5.9470232999999997E-002
0.30104378999999998	-5.9482643000000002E-002
0.29655705999999998	-5.9485951000000002E-002
0.29208986999999997	-5.9480101000000000E-002
0.28764265999999999	-5.9465033000000000E-002
0.28321584999999999	-5.9440695000000002E-002
0.27880987000000002	-5.9407032999999998E-002
0.27442514000000001	-5.9364000000000000E-002
0.27006208999999998	-5.9311546999999999E-002
0.26572111999999998	-5.9249629999999998E-002
0.26140267000000000	-5.9178208000000003E-002
0.25710715000000001	-5.9097241000000002E-002
0.25283496000000000	-5.9006693999999998E-002
0.24858652000000001	-5.8906531999999998E-002
0.24436223000000001	-5.8796724000000002E-002
0.24016251000000000	-5.8677241999999998E-002
0.23598775000000000	-5.8548060999999998E-002
0.23183835999999999	-5.8409158000000003E-002
0.22771474000000000	-5.8260512000000000E-002
0.22361727000000001	-5.8102108000000000E-002
0.21954636999999999	-5.7933931000000001E-002
0.21550240000000001	-5.7755969999999997E-002
0.21148578000000001	-5.7568215999999998E-002
0.20749687000000000	-5.7370664000000002E-002
0.20353607000000001	-5.7163311000000001E-002
0.19960375000000000	-5.6946157999999997E-002
0.19570029999999999	-5.6719208000000000E-002
0.19182608000000001	-5.6482466000000002E-002
0.18798147000000001	-5.6235942999999997E-002
0.18416684999999999	-5.5979648999999999E-002
0.18038256000000000	-5.5713600000000002E-002
0.17662899000000001	-5.5437813000000002E-002
0.17290649000000000	-5.5152310000000003E-002
0.16921541000000001	-5.4857112000000000E-002
0.16555612000000000	-5.4552245999999999E-002
0.16192896000000001	-5.4237741999999999E-002
0.15833428999999999	-5.3913630999999997E-002
0.15477244000000001	-5.3579947000000003E-002
0.15124376000000000	-5.3236727999999997E-002
0.14774859000000001	-5.2884013000000001E-002
0.14428727000000000	-5.2521843999999998E-002
0.14086012000000001	-5.2150268000000000E-002
0.13746748000000000	-5.1769331000000002E-002
0.13410966999999999	-5.1379083999999998E-002
0.13078702000000000	-5.0979578999999997E-002
0.12749984000000000	-5.0570871000000003E-002
0.12424845000000000	-5.0153018000000001E-002
0.12103317000000000	-4.9726078999999999E-002
0.11785430000000000	-4.9290117000000001E-002
0.11471214000000000	-4.8845195000000001E-002
0.11160700000000000	-4.8391379999999998E-002
0.10853918000000000	-4.7928740999999997E-002
0.10550898000000000	-4.7457346999999997E-002
0.10251667000000000	-4.6977271000000001E-002
9.9562559999999994E-002	-4.6488586999999998E-002
9.6646921999999996E-002	-4.5991372000000003E-002
9.3770038999999999E-002	-4.5485703000000002E-002
9.0932186999999998E-002	-4.4971658999999997E-002
8.8133639000000000E-002	-4.4449322999999999E-002
8.5374663000000003E-002	-4.3918775000000000E-002
8.2655524999999994E-002	-4.3380100999999997E-002
7.9976486999999999E-002	-4.2833386000000001E-002
7.7337804999999996E-002	-4.2278716000000001E-002
7.4739733000000003E-002	-4.1716178999999999E-002
7.2182520999999999E-002	-4.1145863999999997E-002
6.9666413999999996E-002	-4.0567862000000003E-002
6.7191654000000003E-002	-3.9982261999999998E-002
6.4758478999999994E-002	-3.9389157000000001E-002
6.2367122999999997E-002	-3.8788639999999999E-002
6.0017816000000002E-002	-3.8180802000000000E-002
5.7710782000000002E-002	-3.7565740000000000E-002
5.5446244999999998E-002	-3.6943545000000001E-002
5.3224421000000001E-002	-3.6314314000000000E-002
5.1045523000000002E-002	-3.5678140999999997E-002
4.8909762000000002E-002	-3.5035121000000002E-002
4.6817342999999997E-002	-3.4385350000000002E-002
4.4768466000000000E-002	-3.3728923000000001E-002
4.2763328000000003E-002	-3.3065935999999997E-002
4.0802123000000003E-002	-3.2396482999999997E-002
3.8885036999999997E-002	-3.1720658999999998E-002
3.7012257000000000E-002	-3.1038560000000000E-002
3.5183961000000000E-002	-3.0350279000000001E-002
3.3400326000000001E-002	-2.9655910000000001E-002
3.1661521999999998E-002	-2.8955545999999999E-002
2.9967715999999998E-002	-2.8249280000000002E-002
2.8319072000000001E-002	-2.7537203000000000E-002
2.6715749000000000E-002	-2.6819406000000000E-002
2.5157898000000001E-002	-2.6095978999999998E-002
2.3645672000000000E-002	-2.5367010999999998E-002
2.2179213999999999E-002	-2.4632589000000000E-002
2.0758667000000001E-002	-2.3892801000000002E-002
1.9384164999999998E-002	-2.3147731000000001E-002
1.8055841999999999E-002	-2.2397463999999999E-002
1.6773824999999999E-002	-2.1642081000000001E-002
1.5538237000000000E-002	-2.0881665000000001E-002
1.4349196000000000E-002	-2.0116294999999999E-002
1.3206818000000000E-002	-1.9346047000000002E-002
1.2111212000000000E-002	-1.8571000000000001E-002
1.1062483000000000E-002	-1.7791226000000000E-002
1.0060731999999999E-002	-1.7006799000000000E-002
9.1060545999999999E-003	-1.6217789000000000E-002
8.1985433999999992E-003	-1.5424265000000000E-002
7.3382852000000000E-003	-1.4626294000000000E-002
6.5253628000000001E-003	-1.3823939000000000E-002
5.7598542000000001E-003	-1.3017264000000001E-002
5.0418329999999999E-003	-1.2206329000000000E-002
4.3713681999999997E-003	-1.1391192000000000E-002
3.7485241000000001E-003	-1.0571909000000001E-002
3.1733606999999999E-003	-9.7485329000000006E-003
2.6459332000000001E-003	-8.9211150999999999E-003
2.1662921999999999E-003	-8.0897044999999994E-003
1.7344839999999999E-003	-7.2543471999999996E-003
1.3505498000000000E-003	-6.4150871999999999E-003
1.0145267000000000E-003	-5.5719658999999998E-003
7.2644690000000004E-004	-4.7250221000000002E-003
4.8633809999999998E-004	-3.8742921000000001E-003
2.9422337999999998E-004	-3.0198098999999999E-003
1.5012118000000001E-004	-2.1616065000000001E-003
5.4045356000000002E-005	-1.2997106999999999E-003
6.0051356999999998E-006	-4.3414853999999999E-004
6.0051356999999998E-006	4.3414853999999999E-004
5.4045356000000002E-005	1.2997106999999999E-003
1.5012118000000001E-004	2.1616065000000001E-003
2.9422337999999998E-004	3.0198098999999999E-003
4.8633809999999998E-004	3.8742921000000001E-003
7.2644690000000004E-004	4.7250221000000002E-003
1.0145267000000000E-003	5.5719658999999998E-003
1.3505498000000000E-003	6.4150871999999999E-003
1.7344839999999999E-003	7.2543471999999996E-003
2.1662921999999999E-003	8.0897044999999994E-003
2.6459332000000001E-003	8.9211150999999999E-003
3.1733606999999999E-003	9.7485329000000006E-003
3.7485241000000001E-003	1.0571909000000001E-002
4.3713681999999997E-003	1.1391192000000000E-002
5.0418329999999999E-003	1.2206329000000000E-002
5.7598542000000001E-003	1.3017264000000001E-002
6.5253628000000001E-003	1.3823939000000000E-002
7.3382852000000000E-003	1.4626294000000000E-002
8.1985433999999992E-003	1.5424265000000000E-002
9.1060545999999999E-003	1.6217789000000000E-002
1.0060731999999999E-002	1.7006799000000000E-002
1.1062483000000000E-002	1.7791226000000000E-002
1.2111212000000000E-002	1.8571000000000001E-002
1.3206818000000000E-002	1.9346047000000002E-002
1.4349196000000000E-002	2.0116294999999999E-002
1.5538237000000000E-002	2.0881665000000001E-002
1.6773824999999999E-002	2.1642081000000001E-002
1.8055841999999999E-002	2.2397463999999999E-002
1.9384164999999998E-002	2.3147731000000001E-002
2.0758667000000001E-002	2.3892801000000002E-002
2.2179213999999999E-002	2.4632589000000000E-002
2.3645672000000000E-002	2.5367010999999998E-002
2.5157898000000001E-002	2.6095978999999998E-002
2.6715749000000000E-002	2.6819406000000000E-002
2.8319072000000001E-002	2.7537203000000000E-002
2.9967715999999998E-002	2.8249280000000002E-002
3.1661521999999998E-002	2.8955545999999999E-002
3.3400326000000001E-002	2.9655910000000001E-002
3.5183961000000000E-002	3.0350279000000001E-002
3.7012257000000000E-002	3.1038560000000000E-002
3.8885036999999997E-002	3.1720658999999998E-002
4.0802123000000003E-002	3.2396482999999997E-002
4.2763328000000003E-002	3.3065935999999997E-002
4.4768466000000000E-002	3.3728923000000001E-002
4.6817342999999997E-002	3.4385350000000002E-002
4.8909762000000002E-002	3.5035121000000002E-002
5.1045523000000002E-002	3.5678140999999997E-002
5.3224421000000001E-002	3.6314314000000000E-002
5.5446244999999998E-002	3.6943545000000001E-002
5.7710782000000002E-002	3.7565740000000000E-002
6.0017816000000002E-002	3.8180802000000000E-002
6.2367122999999997E-002	3.8788639999999999E-002
6.4758478999999994E-002	3.9389157000000001E-002
6.7191654000000003E-002	3.9982261999999998E-002
6.9666413999999996E-002	4.0567862000000003E-002
7.2182520999999999E-002	4.1145863999999997E-002
7.4739733000000003E-002	4.1716178999999999E-002
7.7337804999999996E-002	4.2278716000000001E-002
7.9976486999999999E-002	4.2833386000000001E-002
8.2655524999999994E-002	4.3380100999999997E-002
8.5374663000000003E-002	4.3918775000000000E-002
8.8133639000000000E-002	4.4449322999999999E-002
9.0932186999999998E-002	4.4971658999999997E-002
9.3770038999999999E-002	4.5485703000000002E-002
9.6646921999999996E-002	4.5991372000000003E-002
9.9562559999999994E-002	4.6488586999999998E-002
0.10251667000000000	4.6977271000000001E-002
0.10550898000000000	4.7457346999999997E-002
0.10853918000000000	4.7928740999999997E-002
0.11160700000000000	4.8391379999999998E-002
0.11471214000000000	4.8845195000000001E-002
0.11785430000000000	4.9290117000000001E-002
0.12103317000000000	4.9726078999999999E-002
0.12424845000000000	5.0153018000000001E-002
0.12749984000000000	5.0570871000000003E-002
0.13078702000000000	5.0979578999999997E-002
0.13410966999999999	5.1379083999999998E-002
0.13746748000000000	5.1769331000000002E-002
0.14086012000000001	5.2150268000000000E-002
0.14428727000000000	5.2521843999999998E-002
0.14774859000000001	5.2884013000000001E-002
0.15124376000000000	5.3236727999999997E-002
0.15477244000000001	5.3579947000000003E-002
0.15833428999999999	5.3913630999999997E-002
0.16192896000000001	5.4237741999999999E-002
0.16555612000000000	5.4552245999999999E-002
0.16921541000000001	5.4857112000000000E-002
0.17290649000000000	5.5152310000000003E-002
0.17662899000000001	5.5437813000000002E-002
0.18038256000000000	5.5713600000000002E-002
0.18416684999999999	5.5979648999999999E-002
0.18798147000000001	5.6235942999999997E-002
0.19182608000000001	5.6482466000000002E-002
0.19570029999999999	5.6719208000000000E-002
0.19960375000000000	5.6946157999999997E-002
0.20353607000000001	5.7163311000000001E-002
0.20749687000000000	5.7370664000000002E-002
0.21148578000000001	5.7568215999999998E-002
0.21550240000000001	5.7755969999999997E-002
0.21954636999999999	5.7933931000000001E-002
0.22361727000000001	5.8102108000000000E-002
0.22771474000000000	5.8260512000000000E-002
0.23183835999999999	5.8409158000000003E-002
0.23598775000000000	5.8548060999999998E-002
0.24016251000000000	5.8677241999999998E-002
0.24436223000000001	5.8796724000000002E-002
0.24858652000000001	5.8906531999999998E-002
0.25283496000000000	5.9006693999999998E-002
0.25710715000000001	5.9097241000000002E-002
0.26140267000000000	5.9178208000000003E-002
0.26572111999999998	5.9249629999999998E-002
0.27006208999999998	5.9311546999999999E-002
0.27442514000000001	5.9364000000000000E-002
0.27880987000000002	5.9407032999999998E-002
0.28321584999999999	5.9440695000000002E-002
0.28764265999999999	5.9465033000000000E-002
0.29208986999999997	5.9480101000000000E-002
0.29655705999999998	5.9485951000000002E-002
0.30104378999999998	5.9482643000000002E-002
0.30554965000000001	5.9470232999999997E-002
0.31007417999999998	5.9448783999999998E-002
0.31461697000000000	5.9418360000000003E-002
0.31917756000000003	5.9379026000000001E-002
0.32375553000000001	5.9330850999999997E-002
0.32835043000000003	5.9273905000000002E-002
0.33296183000000001	5.9208259999999999E-002
0.33758927000000000	5.9133989999999997E-002
0.34223231999999998	5.9051171999999999E-002
0.34689052999999997	5.8959882999999998E-002
0.35156345000000000	5.8860204999999999E-002
0.35625063000000001	5.8752218000000002E-002
0.36095161999999997	5.8636005999999997E-002
0.36566598000000000	5.8511654000000003E-002
0.37039323000000002	5.8379249000000001E-002
0.37513295000000002	5.8238879000000000E-002
0.37988465999999999	5.8090635000000002E-002
0.38464790999999998	5.7934606000000000E-002
0.38942223999999998	5.7770887000000000E-002
0.39420719999999998	5.7599571000000002E-002
0.39900232000000002	5.7420752999999998E-002
0.40380715000000000	5.7234528999999999E-002
0.40862122000000001	5.7040998000000002E-002
0.41344407000000000	5.6840256999999998E-002
0.41827523999999999	5.6632406000000003E-002
0.42311425000000003	5.6417546999999998E-002
0.42796065999999999	5.6195780000000001E-002
0.43281398999999998	5.5967206999999998E-002
0.43767377000000002	5.5731932999999997E-002
0.44253954000000001	5.5490061000000000E-002
0.44741082999999998	5.5241695000000000E-002
0.45228718000000001	5.4986939999999998E-002
0.45716810000000002	5.4725902999999999E-002
0.46205315000000002	5.4458688999999998E-002
0.46694184000000000	5.4185405999999998E-002
0.47183370000000002	5.3906161000000001E-002
0.47672828000000000	5.3621059999999998E-002
0.48162508999999998	5.3330213000000001E-002
0.48652366000000002	5.3033726000000003E-002
0.49142353000000000	5.2731709000000002E-002
0.49632421999999998	5.2424269000000003E-002
0.50122526999999995	5.2111515999999997E-002
0.50612619999999997	5.1793559000000003E-002
0.51102654000000003	5.1470505000000000E-002
0.51592581999999998	5.1142463999999999E-002
0.52082357000000001	5.0809544999999998E-002
0.52571931999999999	5.0471856000000002E-002
0.53061259999999999	5.0129505999999997E-002
0.53550293000000004	4.9782604000000001E-002
0.54038986000000000	4.9431256999999999E-002
0.54527289999999995	4.9075572999999997E-002
0.55015159999999996	4.8715662000000000E-002
0.55502547999999996	4.8351629000000000E-002
0.55989407000000002	4.7983583000000003E-002
0.56475690000000001	4.7611631000000001E-002
0.56961351000000005	4.7235878000000002E-002
0.57446344000000005	4.6856432000000003E-002
0.57930621000000004	4.6473398999999999E-002
0.58414136000000005	4.6086883000000002E-002
0.58896842000000005	4.5696990000000000E-002
0.59378693999999999	4.5303824999999999E-002
0.59859644999999995	4.4907491000000001E-002
0.60339648000000001	4.4508092999999999E-002
0.60818658000000003	4.4105734000000001E-002
0.61296627999999997	4.3700516000000002E-002
0.61773513000000002	4.3292542000000003E-002
0.62249266999999997	4.2881914000000000E-002
0.62723843999999995	4.2468733000000002E-002
0.63197197999999999	4.2053098999999997E-002
0.63669284000000004	4.1635113000000001E-002
0.64140056999999995	4.1214873999999999E-002
0.64609472000000001	4.0792481999999998E-002
0.65077481999999998	4.0368036000000003E-002
0.65544044000000001	3.9941631999999998E-002
0.66009112999999997	3.9513369999999999E-002
0.66472642999999998	3.9083344999999999E-002
0.66934590000000005	3.8651655000000000E-002
0.67394911000000002	3.8218396000000002E-002
0.67853560000000002	3.7783663000000002E-002
0.68310493999999999	3.7347550000000000E-002
0.68765668000000002	3.6910153000000001E-002
0.69219039000000004	3.6471564999999997E-002
0.69670564000000001	3.6031881000000002E-002
0.70120199000000005	3.5591192000000001E-002
0.70567901000000000	3.5149592000000000E-002
0.71013625999999996	3.4707173000000001E-002
0.71457331999999996	3.4264027000000002E-002
0.71898976999999997	3.3820243999999999E-002
0.72338517999999996	3.3375914999999999E-002
0.72775911999999998	3.2931132000000002E-002
0.73211117999999997	3.2485984000000002E-002
0.73644094000000004	3.2040560000000003E-002
0.74074797999999997	3.1594949999999997E-002
0.74503189000000003	3.1149244000000000E-002
0.74929226000000004	3.0703529000000000E-002
0.75352867000000001	3.0257893000000001E-002
0.75774072000000003	2.9812426000000000E-002
0.76192802000000004	2.9367213999999999E-002
0.76609013999999998	2.8922343999999999E-002
0.77022670000000004	2.8477905000000001E-002
0.77433728999999996	2.8033981999999999E-002
0.77842151999999998	2.7590663000000001E-002
0.78247900999999997	2.7148032999999998E-002
0.78650935000000000	2.6706178000000001E-002
0.79051216999999996	2.6265185999999999E-002
0.79448706999999996	2.5825140000000000E-002
0.79843366999999998	2.5386127000000001E-002
0.80235160999999999	2.4948232000000001E-002
0.80624048999999998	2.4511539999999998E-002
0.81009995000000001	2.4076136000000001E-002
0.81392960999999997	2.3642105000000000E-002
0.81772911000000004	2.3209530999999999E-002
0.82149808000000002	2.2778499000000001E-002
0.82523617000000005	2.2349093000000000E-002
0.82894299999999999	2.1921396999999999E-002
0.83261823000000001	2.1495495999999999E-002
0.83626149999999999	2.1071473000000000E-002
0.83987246000000004	2.0649411999999999E-002
0.84345075999999997	2.0229396000000000E-002
0.84699606999999999	1.9811509000000001E-002
0.85050802999999997	1.9395835000000000E-002
0.85398631999999997	1.8982457000000001E-002
0.85743060000000004	1.8571457000000000E-002
0.86084053999999999	1.8162919000000000E-002
0.86421579999999998	1.7756925000000000E-002
0.86755607000000001	1.7353559000000001E-002
0.87086101999999999	1.6952901999999999E-002
0.87413034999999994	1.6555037000000002E-002
0.87736371999999996	1.6160047000000000E-002
0.88056084000000001	1.5768012000000001E-002
0.88372139000000005	1.5379014999999999E-002
0.88684507000000001	1.4993137000000000E-002
0.88993158999999999	1.4610460000000000E-002
0.89298063999999999	1.4231064999999999E-002
0.89599192999999999	1.3855032999999999E-002
0.89896516999999998	1.3482443000000000E-002
0.90190009000000004	1.3113377000000001E-002
0.90479637999999996	1.2747914000000001E-002
0.90765377999999997	1.2386134000000000E-002
0.91047202000000005	1.2028116000000000E-002
0.91325080999999997	1.1673938999999999E-002
0.91598990000000002	1.1323682000000000E-002
0.91868901999999997	1.0977422000000001E-002
0.92134791000000005	1.0635238000000000E-002
0.92396632000000001	1.0297206999999999E-002
0.92654400000000003	9.9634046999999993E-003
0.92908069000000004	9.6339079000000005E-003
0.93157615000000005	9.3087923999999999E-003
0.93403015000000000	8.9881330000000006E-003
0.93644243999999999	8.6720042999999993E-003
0.93881280000000000	8.3604801999999992E-003
0.94114100000000001	8.0536337999999996E-003
0.94342680999999995	7.7515377000000000E-003
0.94567002000000000	7.4542636000000002E-003
0.94787041000000005	7.1618825999999998E-003
0.95002776000000000	6.8744649999999997E-003
0.95214188000000000	6.5920800999999998E-003
0.95421255000000005	6.3147966000000003E-003
0.95623957999999998	6.0426823000000003E-003
0.95822278000000005	5.7758037999999998E-003
0.96016195000000004	5.5142272000000001E-003
0.96205689999999999	5.2580172000000003E-003
0.96390746000000005	5.0072377999999997E-003
0.96571344999999997	4.7619517000000002E-003
0.96747468999999997	4.5222207999999998E-003
0.96919102000000001	4.2881057000000002E-003
0.97086225999999998	4.0596657999999999E-003
0.97248825999999999	3.8369595000000002E-003
0.97406886999999998	3.6200440000000002E-003
0.97560393000000001	3.4089749999999999E-003
0.97709329000000000	3.2038072000000000E-003
0.97853681000000003	3.0045939000000002E-003
0.97993434999999995	2.8113869999999998E-003
0.98128578000000000	2.6242370999999998E-003
0.98259096000000001	2.4431934999999999E-003
0.98384978000000001	2.2683037000000000E-003
0.98506210999999999	2.0996143000000002E-003
0.98622783000000003	1.9371697999999999E-003
0.98734683999999995	1.7810138000000000E-003
0.98841902000000004	1.6311879000000000E-003
0.98944427000000001	1.4877321999999999E-003
0.99042249999999998	1.3506855000000001E-003
0.99135359999999995	1.2200846000000000E-003
0.99223749999999999	1.0959648999999999E-003
0.99307409999999996	9.7836011999999990E-004
0.99386331999999999	8.6730211000000002E-004
0.99460510000000002	7.6282119000000001E-004
0.99529935000000003	6.6494589000000003E-004
0.99594601000000005	5.7370299999999995E-004
0.99654502000000000	4.8911752000000005E-004
0.99709632000000004	4.1121269000000000E-004
0.99759986000000000	3.4000995000000000E-004
0.99805558999999999	2.7552890999999998E-004
0.99846347000000002	2.1778735999999999E-004
0.99882344999999995	1.6680125000000001E-004
0.99913551000000000	1.2258469000000000E-004
0.99939960999999999	8.5149908999999994E-005
0.99961571999999999	5.4507286000000001E-005
0.99978383000000004	3.0665313000000002E-005
0.99990391999999995	1.3630605000000000E-005