1.5000000000000000	-0.50000000000000033
1.4999759799999999	-0.50000340788770004
1.4999039199999999	-0.50001363060500004
1.4997838300000002	-0.50003066531300000
1.4996157200000000	-0.50005450728599998
1.4993996100000000	-0.50008514990899999
1.4991355099999999	-0.50012258469000004
1.4988234499999999	-0.50016680125000001
1.4984634699999999	-0.50021778736000000
1.4980555899999999	-0.50027552891000004
1.4975998600000000	-0.50034000995000005
1.4970963200000000	-0.50041121269000000
1.4965450200000001	-0.50048911752000003
1.4959460099999999	-0.50057370300000004
1.4952993500000000	-0.50066494588999999
1.4946051000000000	-0.50076282119000004
1.4938633200000000	-0.50086730210999997
1.4930740999999998	-0.50097836011999997
1.4922374999999999	-0.50109596489999997
1.4913536000000001	-0.50122008460000000
1.4904225000000000	-0.50135068549999995
1.4894442699999999	-0.50148773219999998
1.4884190200000000	-0.50163118790000005
1.4873468399999998	-0.50178101379999995
1.4862278300000000	-0.50193716980000003
1.4850621099999999	-0.50209961430000005
1.4838497799999999	-0.50226830369999997
1.4825909600000000	-0.50244319350000000
1.4812857799999999	-0.50262423710000004
1.4799343500000000	-0.50281138700000005
1.4785368100000000	-0.50300459389999996
1.4770932900000000	-0.50320380720000002
1.4756039300000001	-0.50340897500000004
1.4740688700000000	-0.50362004400000004
1.4724882600000000	-0.50383695949999996
1.4708622600000001	-0.50405966579999995
1.4691910200000000	-0.50428810570000004
1.4674746900000000	-0.50452222079999998
1.4657134500000000	-0.50476195170000004
1.4639074600000002	-0.50500723780000001
1.4620568999999999	-0.50525801719999996
1.4601619500000000	-0.50551422720000005
1.4582227800000001	-0.50577580379999998
1.4562395800000001	-0.50604268230000005
1.4542125500000000	-0.50631479660000001
1.4521418800000001	-0.50659208010000001
1.4500277600000000	-0.50687446500000000
1.4478704100000002	-0.50716188259999995
1.4456700200000001	-0.50745426360000001
1.4434268100000001	-0.50775153770000003
1.4411410000000000	-0.50805363380000002
1.4388128000000000	-0.50836048020000002
1.4364424400000000	-0.50867200430000004
1.4340301499999999	-0.50898813300000001
1.4315761500000002	-0.50930879240000004
1.4290806900000002	-0.50963390789999996
1.4265440000000000	-0.50996340470000001
1.4239663199999999	-0.51029720700000003
1.4213479100000002	-0.51063523799999999
1.4186890200000000	-0.51097742199999996
1.4159899000000000	-0.51132368200000000
1.4132508100000001	-0.51167393900000002
1.4104720200000000	-0.51202811599999998
1.4076537800000000	-0.51238613399999999
1.4047963800000001	-0.51274791399999997
1.4019000900000000	-0.51311337700000004
1.3989651699999999	-0.51348244300000001
1.3959919300000001	-0.51385503300000002
1.3929806400000000	-0.51423106500000004
1.3899315900000000	-0.51461045999999999
1.3868450700000001	-0.51499313700000005
1.3837213900000001	-0.51537901500000005
1.3805608400000000	-0.51576801200000000
1.3773637200000000	-0.51616004699999996
1.3741303499999999	-0.51655503700000005
1.3708610200000000	-0.51695290199999999
1.3675560700000000	-0.51735355900000002
1.3642158000000000	-0.51775692500000003
1.3608405399999999	-0.51816291900000000
1.3574306000000000	-0.51857145699999996
1.3539863200000000	-0.51898245700000001
1.3505080299999999	-0.51939583499999997
1.3469960699999999	-0.51981150899999995
1.3434507600000001	-0.52022939599999996
1.3398724600000000	-0.52064941200000003
1.3362615000000000	-0.52107147300000001
1.3326182300000000	-0.52149549600000000
1.3289430000000000	-0.52192139699999995
1.3252361700000002	-0.52234909299999999
1.3214980800000000	-0.52277849899999995
1.3177291100000001	-0.52320953100000001
1.3139296100000000	-0.52364210499999997
1.3100999500000001	-0.52407613600000003
1.3062404900000000	-0.52451154000000000
1.3023516100000001	-0.52494823199999996
1.2984336700000001	-0.52538612699999998
1.2944870700000000	-0.52582514000000002
1.2905121700000000	-0.52626518600000005
1.2865093500000000	-0.52670617799999997
1.2824790099999999	-0.52714803300000002
1.2784215200000000	-0.52759066300000002
1.2743372900000001	-0.52803398199999996
1.2702267000000000	-0.52847790500000003
1.2660901400000000	-0.52892234400000004
1.2619280200000000	-0.52936721399999997
1.2577407200000001	-0.52981242600000000
1.2535286700000001	-0.53025789300000004
1.2492922600000000	-0.53070352899999995
1.2450318899999999	-0.53114924399999996
1.2407479800000001	-0.53159495000000001
1.2364409400000000	-0.53204056000000000
1.2321111800000000	-0.53248598400000002
1.2277591200000000	-0.53293113199999997
1.2233851800000000	-0.53337591500000003
1.2189897699999999	-0.53382024399999994
1.2145733200000000	-0.53426402699999997
1.2101362600000001	-0.53470717300000004
1.2056790099999999	-0.53514959200000001
1.2012019899999999	-0.53559119200000005
1.1967056400000000	-0.53603188099999999
1.1921903899999999	-0.53647156500000004
1.1876566799999999	-0.53691015300000000
1.1831049400000000	-0.53734755000000001
1.1785356000000000	-0.53778366300000002
1.1739491100000001	-0.53821839599999999
1.1693459000000002	-0.53865165500000001
1.1647264300000000	-0.53908334499999999
1.1600911300000001	-0.53951336999999999
1.1554404400000000	-0.53994163200000000
1.1507748200000001	-0.54036803600000005
1.1460947200000000	-0.54079248199999996
1.1414005700000001	-0.54121487400000001
1.1366928400000000	-0.54163511300000000
1.1319719799999999	-0.54205309899999998
1.1272384400000000	-0.54246873299999998
1.1224926700000000	-0.54288191399999997
1.1177351300000000	-0.54329254199999999
1.1129662800000000	-0.54370051600000002
1.1081865799999999	-0.54410573399999995
1.1033964800000000	-0.54450809300000003
1.0985964500000001	-0.54490749100000002
1.0937869400000000	-0.54530382499999996
1.0889684200000000	-0.54569699000000005
1.0841413600000001	-0.54608688299999997
1.0793062099999999	-0.54647339900000003
1.0744634400000002	-0.54685643200000000
1.0696135099999999	-0.54723587799999995
1.0647568999999999	-0.54761163099999999
1.0598940699999999	-0.54798358300000005
1.0550254799999998	-0.54835162900000001
1.0501516000000000	-0.54871566199999999
1.0452729000000001	-0.54907557299999998
1.0403898599999999	-0.54943125699999995
1.0355029300000000	-0.54978260400000001
1.0306126000000000	-0.55012950599999999
1.0257193199999999	-0.55047185600000004
1.0208235700000001	-0.55080954500000001
1.0159258200000001	-0.55114246400000000
1.0110265400000000	-0.55147050499999994
1.0061262000000000	-0.55179355900000004
1.0012252699999999	-0.55211151599999997
0.99632421999999998	-0.55242426899999997
0.99142353000000005	-0.55273170900000002
0.98652366000000002	-0.55303372600000000
0.98162508999999998	-0.55333021299999996
0.97672828000000000	-0.55362106000000000
0.97183370000000002	-0.55390616100000001
0.96694184000000005	-0.55418540599999999
0.96205315000000002	-0.55445868899999995
0.95716810000000008	-0.55472590300000002
0.95228718000000001	-0.55498694000000004
0.94741082999999993	-0.55524169499999998
0.94253954000000006	-0.55549006099999998
0.93767376999999996	-0.55573193300000001
0.93281398999999998	-0.55596720700000002
0.92796065999999999	-0.55619578000000003
0.92311425000000003	-0.55641754700000001
0.91827524000000005	-0.55663240599999997
0.91344406999999994	-0.55684025699999995
0.90862122000000001	-0.55704099799999995
0.90380715000000000	-0.55723452900000003
0.89900232000000002	-0.55742075300000005
0.89420719999999998	-0.55759957100000002
0.88942224000000003	-0.55777088699999999
0.88464790999999998	-0.55793460600000000
0.87988465999999999	-0.55809063500000000
0.87513295000000002	-0.55823887900000002
0.87039323000000002	-0.55837924900000002
0.86566597999999995	-0.55851165400000002
0.86095162000000003	-0.55863600599999996
0.85625063000000001	-0.55875221799999997
0.85156345000000000	-0.55886020500000000
0.84689053000000003	-0.55895988299999999
0.84223231999999992	-0.55905117199999999
0.83758927000000005	-0.55913398999999997
0.83296183000000001	-0.55920826000000001
0.82835042999999997	-0.55927390499999996
0.82375553000000001	-0.55933085100000002
0.81917755999999997	-0.55937902600000000
0.81461697000000000	-0.55941836000000000
0.81007417999999998	-0.55944878399999998
0.80554965000000001	-0.55947023299999998
0.80104379000000003	-0.55948264299999995
0.79655706000000004	-0.55948595099999998
0.79208986999999997	-0.55948010100000001
0.78764265999999994	-0.55946503299999994
0.78321584999999994	-0.55944069500000004
0.77880987000000002	-0.55940703300000005
0.77442513999999996	-0.55936399999999997
0.77006208999999992	-0.55931154699999996
0.76572112000000003	-0.55924963000000005
0.76140267000000006	-0.55917820799999995
0.75710714999999995	-0.55909724100000002
0.75283495999999994	-0.55900669400000003
0.74858652000000003	-0.55890653199999996
0.74436223000000001	-0.55879672400000002
0.74016251000000000	-0.55867724200000002
0.73598775000000005	-0.55854806099999998
0.73183836000000002	-0.55840915800000002
0.72771474000000003	-0.55826051200000004
0.72361726999999998	-0.55810210800000004
0.71954636999999999	-0.55793393099999999
0.71550239999999998	-0.55775596999999999
0.71148578000000007	-0.55756821599999995
0.70749686999999994	-0.55737066400000002
0.70353606999999996	-0.55716331100000005
0.69960374999999997	-0.55694615800000002
0.69570029999999994	-0.55671920799999997
0.69182608000000001	-0.55648246599999995
0.68798146999999998	-0.55623594300000001
0.68416684999999999	-0.55597964899999996
0.68038255999999997	-0.55571360000000003
0.67662898999999999	-0.55543781299999995
0.67290649000000002	-0.55515230999999998
0.66921541000000007	-0.55485711199999999
0.66555611999999997	-0.55455224599999997
0.66192896000000001	-0.55423774199999998
0.65833428999999999	-0.55391363100000002
0.65477244000000001	-0.55357994700000002
0.65124376000000006	-0.55323672800000001
0.64774858999999996	-0.55288401300000001
0.64428726999999997	-0.55252184400000004
0.64086012000000003	-0.55215026800000000
0.63746747999999998	-0.55176933100000003
0.63410966999999996	-0.55137908400000002
0.63078701999999998	-0.55097957900000005
0.62749984000000003	-0.55057087100000002
0.62424844999999995	-0.55015301800000005
0.62103317000000002	-0.54972607900000003
0.61785429999999997	-0.54929011699999997
0.61471213999999996	-0.54884519499999995
0.61160700000000001	-0.54839137999999998
0.60853917999999996	-0.54792874100000000
0.60550897999999997	-0.54745734700000004
0.60251666999999998	-0.54697727100000004
0.59956255999999997	-0.54648858700000003
0.59664692200000002	-0.54599137200000003
0.59377003900000003	-0.54548570299999999
0.59093218699999994	-0.54497165900000000
0.58813363900000004	-0.54444932300000004
0.58537466299999996	-0.54391877499999997
0.58265552499999995	-0.54338010100000000
0.57997648700000004	-0.54283338599999997
0.57733780499999998	-0.54227871599999999
0.57473973300000003	-0.54171617900000002
0.57218252100000000	-0.54114586399999998
0.56966641399999995	-0.54056786199999995
0.56719165400000005	-0.53998226199999999
0.56475847899999998	-0.53938915700000001
0.56236712300000002	-0.53878864000000004
0.56001781600000000	-0.53818080199999996
0.55771078200000002	-0.53756574000000001
0.55544624499999995	-0.53694354499999997
0.55322442100000002	-0.53631431399999996
0.55104552299999998	-0.53567814100000000
0.54890976199999997	-0.53503512099999995
0.54681734299999996	-0.53438534999999998
0.54476846599999995	-0.53372892299999997
0.54276332800000004	-0.53306593599999996
0.54080212299999997	-0.53239648299999998
0.53888503700000001	-0.53172065899999998
0.53701225699999999	-0.53103856000000005
0.53518396099999999	-0.53035027899999998
0.53340032599999998	-0.52965591000000001
0.53166152200000005	-0.52895554599999994
0.52996771600000003	-0.52824928000000004
0.52831907199999995	-0.52753720299999995
0.52671574899999996	-0.52681940599999999
0.52515789800000001	-0.52609597900000005
0.52364567200000001	-0.52536701100000005
0.52217921400000000	-0.52463258899999998
0.52075866699999995	-0.52389280100000002
0.51938416499999995	-0.52314773100000000
0.51805584199999999	-0.52239746399999998
0.51677382500000002	-0.52164208099999998
0.51553823700000001	-0.52088166499999999
0.51434919599999995	-0.52011629500000001
0.51320681800000001	-0.51934604699999998
0.51211121199999998	-0.51857100000000000
0.51106248300000001	-0.51779122600000005
0.51006073200000002	-0.51700679900000002
0.50910605460000002	-0.51621778900000004
0.50819854340000004	-0.51542426500000005
0.50733828520000002	-0.51462629400000004
0.50652536280000005	-0.51382393900000001
0.50575985420000003	-0.51301726400000003
0.50504183300000005	-0.51220632899999996
0.50437136819999995	-0.51139119200000005
0.50374852410000004	-0.51057190900000005
0.50317336069999996	-0.50974853290000000
0.50264593319999995	-0.50892111510000004
0.50216629219999998	-0.50808970450000002
0.50173448399999998	-0.50725434719999996
0.50135054980000004	-0.50641508719999995
0.50101452670000002	-0.50557196589999998
0.50072644690000001	-0.50472502210000003
0.50048633809999998	-0.50387429210000001
0.50029422337999996	-0.50301980989999995
0.50015012118000002	-0.50216160649999997
0.50005404535599995	-0.50129971070000001
0.50000600513570004	-0.50043414854000001
0.50000600513570004	-0.49956585145999999
0.50005404535599995	-0.49870028929999999
0.50015012118000002	-0.49783839349999998
0.50029422337999996	-0.49698019010000000
0.50048633809999998	-0.49612570789999999
0.50072644690000001	-0.49527497790000002
0.50101452670000002	-0.49442803410000002
0.50135054980000004	-0.49358491280000000
0.50173448399999998	-0.49274565279999999
0.50216629219999998	-0.49191029549999998
0.50264593319999995	-0.49107888490000001
0.50317336069999996	-0.49025146710000000
0.50374852410000004	-0.48942809100000001
0.50437136819999995	-0.48860880800000001
0.50504183300000005	-0.48779367099999998
0.50575985420000003	-0.48698273599999997
0.50652536280000005	-0.48617606099999999
0.50733828520000002	-0.48537370600000002
0.50819854340000004	-0.48457573500000001
0.50910605460000002	-0.48378221100000002
0.51006073200000002	-0.48299320099999998
0.51106248300000001	-0.48220877400000001
0.51211121199999998	-0.48142900000000000
0.51320681800000001	-0.48065395300000002
0.51434919599999995	-0.47988370499999999
0.51553823700000001	-0.47911833500000001
0.51677382500000002	-0.47835791900000002
0.51805584199999999	-0.47760253600000002
0.51938416499999995	-0.47685226900000000
0.52075866699999995	-0.47610719899999998
0.52217921400000000	-0.47536741100000002
0.52364567200000001	-0.47463298900000001
0.52515789800000001	-0.47390402100000001
0.52671574899999996	-0.47318059400000001
0.52831907199999995	-0.47246279699999999
0.52996771600000003	-0.47175072000000001
0.53166152200000005	-0.47104445400000000
0.53340032599999998	-0.47034408999999999
0.53518396099999999	-0.46964972100000002
0.53701225699999999	-0.46896144000000001
0.53888503700000001	-0.46827934100000002
0.54080212299999997	-0.46760351700000002
0.54276332800000004	-0.46693406399999998
0.54476846599999995	-0.46627107699999998
0.54681734299999996	-0.46561465000000002
0.54890976199999997	-0.46496487900000000
0.55104552299999998	-0.46432185900000000
0.55322442100000002	-0.46368568599999999
0.55544624499999995	-0.46305645499999998
0.55771078200000002	-0.46243425999999999
0.56001781600000000	-0.46181919799999999
0.56236712300000002	-0.46121136000000001
0.56475847899999998	-0.46061084299999999
0.56719165400000005	-0.46001773800000001
0.56966641399999995	-0.45943213799999999
0.57218252100000000	-0.45885413600000002
0.57473973300000003	-0.45828382099999998
0.57733780499999998	-0.45772128400000001
0.57997648700000004	-0.45716661400000003
0.58265552499999995	-0.45661989900000000
0.58537466299999996	-0.45608122499999998
0.58813363900000004	-0.45555067700000001
0.59093218699999994	-0.45502834100000000
0.59377003900000003	-0.45451429700000001
0.59664692200000002	-0.45400862799999997
0.59956255999999997	-0.45351141299999997
0.60251666999999998	-0.45302272900000001
0.60550897999999997	-0.45254265300000002
0.60853917999999996	-0.45207125900000000
0.61160700000000001	-0.45160862000000002
0.61471213999999996	-0.45115480499999999
0.61785429999999997	-0.45070988299999998
0.62103317000000002	-0.45027392100000002
0.62424844999999995	-0.44984698200000001
0.62749984000000003	-0.44942912899999998
0.63078701999999998	-0.44902042100000000
0.63410966999999996	-0.44862091599999998
0.63746747999999998	-0.44823066899999997
0.64086012000000003	-0.44784973200000000
0.64428726999999997	-0.44747815600000002
0.64774858999999996	-0.44711598699999999
0.65124376000000006	-0.44676327199999999
0.65477244000000001	-0.44642005299999998
0.65833428999999999	-0.44608636899999998
0.66192896000000001	-0.44576225800000002
0.66555611999999997	-0.44544775400000003
0.66921541000000007	-0.44514288800000001
0.67290649000000002	-0.44484769000000002
0.67662898999999999	-0.44456218700000000
0.68038255999999997	-0.44428639999999997
0.68416684999999999	-0.44402035099999998
0.68798146999999998	-0.44376405699999999
0.69182608000000001	-0.44351753399999999
0.69570029999999994	-0.44328079199999998
0.69960374999999997	-0.44305384199999998
0.70353606999999996	-0.44283668900000001
0.70749686999999994	-0.44262933599999998
0.71148578000000007	-0.44243178399999999
0.71550239999999998	-0.44224403000000001
0.71954636999999999	-0.44206606900000001
0.72361726999999998	-0.44189789200000001
0.72771474000000003	-0.44173948800000001
0.73183836000000002	-0.44159084199999998
0.73598775000000005	-0.44145193900000002
0.74016251000000000	-0.44132275799999998
0.74436223000000001	-0.44120327599999998
0.74858652000000003	-0.44109346799999999
0.75283495999999994	-0.44099330599999997
0.75710714999999995	-0.44090275899999998
0.76140267000000006	-0.44082179199999999
0.76572112000000003	-0.44075037000000000
0.77006208999999992	-0.44068845299999998
0.77442513999999996	-0.44063600000000003
0.77880987000000002	-0.44059296700000000
0.78321584999999994	-0.44055930500000001
0.78764265999999994	-0.44053496700000000
0.79208986999999997	-0.44051989899999999
0.79655706000000004	-0.44051404900000002
0.80104379000000003	-0.44051735700000000
0.80554965000000001	-0.44052976700000002
0.81007417999999998	-0.44055121600000002
0.81461697000000000	-0.44058164000000000
0.81917755999999997	-0.44062097400000000
0.82375553000000001	-0.44066914899999998
0.82835042999999997	-0.44072609499999998
0.83296183000000001	-0.44079173999999999
0.83758927000000005	-0.44086601000000003
0.84223231999999992	-0.44094882800000001
0.84689053000000003	-0.44104011700000001
0.85156345000000000	-0.44113979500000000
0.85625063000000001	-0.44124778199999998
0.86095162000000003	-0.44136399399999998
0.86566597999999995	-0.44148834599999998
0.87039323000000002	-0.44162075099999998
0.87513295000000002	-0.44176112099999998
0.87988465999999999	-0.44190936500000000
0.88464790999999998	-0.44206539400000000
0.88942224000000003	-0.44222911300000001
0.89420719999999998	-0.44240042899999998
0.89900232000000002	-0.44257924700000001
0.90380715000000000	-0.44276547100000002
0.90862122000000001	-0.44295900199999999
0.91344406999999994	-0.44315974299999999
0.91827524000000005	-0.44336759399999998
0.92311425000000003	-0.44358245299999999
0.92796065999999999	-0.44380421999999997
0.93281398999999998	-0.44403279299999998
0.93767376999999996	-0.44426806699999999
0.94253954000000006	-0.44450993900000002
0.94741082999999993	-0.44475830500000002
0.95228718000000001	-0.44501306000000002
0.95716810000000008	-0.44527409699999998
0.96205315000000002	-0.44554131100000000
0.96694184000000005	-0.44581459400000001
0.97183370000000002	-0.44609383899999999
0.97672828000000000	-0.44637894000000000
0.98162508999999998	-0.44666978699999998
0.98652366000000002	-0.44696627400000000
0.99142353000000005	-0.44726829099999998
0.99632421999999998	-0.44757573099999998
1.0012252699999999	-0.44788848400000003
1.0061262000000000	-0.44820644100000001
1.0110265400000000	-0.44852949500000000
1.0159258200000001	-0.44885753600000000
1.0208235700000001	-0.44919045499999999
1.0257193199999999	-0.44952814400000002
1.0306126000000000	-0.44987049400000001
1.0355029300000000	-0.45021739599999999
1.0403898599999999	-0.45056874299999999
1.0452729000000001	-0.45092442700000002
1.0501516000000000	-0.45128433800000001
1.0550254799999998	-0.45164837099999999
1.0598940699999999	-0.45201641700000000
1.0647568999999999	-0.45238836900000001
1.0696135099999999	-0.45276412199999999
1.0744634400000002	-0.45314356800000000
1.0793062099999999	-0.45352660099999997
1.0841413600000001	-0.45391311699999998
1.0889684200000000	-0.45430301000000001
1.0937869400000000	-0.45469617499999998
1.0985964500000001	-0.45509250899999998
1.1033964800000000	-0.45549190699999997
1.1081865799999999	-0.45589426599999999
1.1129662800000000	-0.45629948399999998
1.1177351300000000	-0.45670745800000001
1.1224926700000000	-0.45711808599999998
1.1272384400000000	-0.45753126700000002
1.1319719799999999	-0.45794690100000002
1.1366928400000000	-0.45836488700000000
1.1414005700000001	-0.45878512599999999
1.1460947200000000	-0.45920751799999998
1.1507748200000001	-0.45963196400000000
1.1554404400000000	-0.46005836800000000
1.1600911300000001	-0.46048663000000001
1.1647264300000000	-0.46091665500000001
1.1693459000000002	-0.46134834499999999
1.1739491100000001	-0.46178160400000001
1.1785356000000000	-0.46221633699999998
1.1831049400000000	-0.46265244999999999
1.1876566799999999	-0.46308984700000000
1.1921903899999999	-0.46352843500000002
1.1967056400000000	-0.46396811900000001
1.2012019899999999	-0.46440880800000001
1.2056790099999999	-0.46485040799999999
1.2101362600000001	-0.46529282700000002
1.2145733200000000	-0.46573597300000003
1.2189897699999999	-0.46617975600000000
1.2233851800000000	-0.46662408500000002
1.2277591200000000	-0.46706886800000003
1.2321111800000000	-0.46751401599999998
1.2364409400000000	-0.46795944000000000
1.2407479800000001	-0.46840504999999999
1.2450318899999999	-0.46885075599999998
1.2492922600000000	-0.46929647099999999
1.2535286700000001	-0.46974210700000002
1.2577407200000001	-0.47018757400000000
1.2619280200000000	-0.47063278600000003
1.2660901400000000	-0.47107765600000001
1.2702267000000000	-0.47152209499999997
1.2743372900000001	-0.47196601799999999
1.2784215200000000	-0.47240933699999998
1.2824790099999999	-0.47285196699999998
1.2865093500000000	-0.47329382199999998
1.2905121700000000	-0.47373481400000000
1.2944870700000000	-0.47417485999999998
1.2984336700000001	-0.47461387300000002
1.3023516100000001	-0.47505176799999999
1.3062404900000000	-0.47548846000000000
1.3100999500000001	-0.47592386399999997
1.3139296100000000	-0.47635789499999998
1.3177291100000001	-0.47679046899999999
1.3214980800000000	-0.47722150099999999
1.3252361700000002	-0.47765090700000001
1.3289430000000000	-0.47807860299999999
1.3326182300000000	-0.47850450400000000
1.3362615000000000	-0.47892852699999999
1.3398724600000000	-0.47935058800000002
1.3434507600000001	-0.47977060399999999
1.3469960699999999	-0.48018849100000000
1.3505080299999999	-0.48060416500000003
1.3539863200000000	-0.48101754299999999
1.3574306000000000	-0.48142854299999999
1.3608405399999999	-0.48183708100000000
1.3642158000000000	-0.48224307500000002
1.3675560700000000	-0.48264644099999998
1.3708610200000000	-0.48304709800000001
1.3741303499999999	-0.48344496300000001
1.3773637200000000	-0.48383995299999999
1.3805608400000000	-0.48423198800000000
1.3837213900000001	-0.48462098500000000
1.3868450700000001	-0.48500686300000001
1.3899315900000000	-0.48538954000000001
1.3929806400000000	-0.48576893500000001
1.3959919300000001	-0.48614496699999998
1.3989651699999999	-0.48651755699999999
1.4019000900000000	-0.48688662300000002
1.4047963800000001	-0.48725208599999997
1.4076537800000000	-0.48761386600000001
1.4104720200000000	-0.48797188400000002
1.4132508100000001	-0.48832606099999998
1.4159899000000000	-0.48867631800000000
1.4186890200000000	-0.48902257799999999
1.4213479100000002	-0.48936476200000001
1.4239663199999999	-0.48970279300000003
1.4265440000000000	-0.49003659529999999
1.4290806900000002	-0.49036609209999998
1.4315761500000002	-0.49069120760000001
1.4340301499999999	-0.49101186699999999
1.4364424400000000	-0.49132799570000002
1.4388128000000000	-0.49163951979999998
1.4411410000000000	-0.49194636619999998
1.4434268100000001	-0.49224846230000002
1.4456700200000001	-0.49254573639999999
1.4478704100000002	-0.49283811740000000
1.4500277600000000	-0.49312553500000000
1.4521418800000001	-0.49340791989999999
1.4542125500000000	-0.49368520339999999
1.4562395800000001	-0.49395731770000001
1.4582227800000001	-0.49422419620000002
1.4601619500000000	-0.49448577280000000
1.4620568999999999	-0.49474198279999998
1.4639074600000002	-0.49499276219999999
1.4657134500000000	-0.49523804830000001
1.4674746900000000	-0.49547777920000002
1.4691910200000000	-0.49571189430000001
1.4708622600000001	-0.49594033420000000
1.4724882600000000	-0.49616304049999999
1.4740688700000000	-0.49637995600000001
1.4756039300000001	-0.49659102500000002
1.4770932900000000	-0.49679619279999998
1.4785368100000000	-0.49699540609999998
1.4799343500000000	-0.49718861300000000
1.4812857799999999	-0.49737576290000002
1.4825909600000000	-0.49755680650000000
1.4838497799999999	-0.49773169630000003
1.4850621099999999	-0.49790038570000000
1.4862278300000000	-0.49806283019999997
1.4873468399999998	-0.49821898619999999
1.4884190200000000	-0.49836881210000000
1.4894442699999999	-0.49851226780000002
1.4904225000000000	-0.49864931450000000
1.4913536000000001	-0.49877991540000000
1.4922374999999999	-0.49890403509999998
1.4930740999999998	-0.49902163987999998
1.4938633200000000	-0.49913269788999998
1.4946051000000000	-0.49923717881000002
1.4952993500000000	-0.49933505411000001
1.4959460099999999	-0.49942629700000002
1.4965450200000001	-0.49951088247999997
1.4970963200000000	-0.49958878731000000
1.4975998600000000	-0.49965999005000000
1.4980555899999999	-0.49972447109000001
1.4984634699999999	-0.49978221264000000
1.4988234499999999	-0.49983319874999999
1.4991355099999999	-0.49987741531000002
1.4993996100000000	-0.49991485009100001
1.4996157200000000	-0.49994549271400002
1.4997838300000002	-0.49996933468700000
1.4999039199999999	-0.49998636939500002