1030 4 4.0075212505385425 3 4.735787090370723 2 34.71098235155589 4 1.8461186266173724
1092 5 2.168140747586784 2 53.637602455307466 3 8.75828728002475 3 3.326936828252482
1105 4 3.080148424659401 3 4.751308737411035 2 67.16239451530951 5 2.1788910826952477
1130 4 3.5047522886545295 3 4.574077330369576 2 93.27238021167747 5 2.154734083221835
1539 3 9.084528314491743 2 4.731062264373637 2 42.06754763800068 3 1.9312839889513373
1601 3 3.873894075384425 3 1.9193408284854658 2 60.736960961831116 3 1.5000000614400337
1831 3 5.957836298148495 3 3.597214203629054 3 32.43159894930331 4 1.9752045603434265
1834 4 3.8753263402152878 3 1.973534651736832 2 109.61348095108617 4 1.2499998853120353
2009 3 2.4306873552024197 4 2.1963543873631917 3 50.2856063472564 4 1.000000405942879
2012 3 3.000000000000493 4 5.6815382509244055 3 120.4174653416033 4 1.000000405942879
2081 3 9.008656729386797 3 3.775050959042539 3 82.9232083436301 4 1.975204560343425
2085 3 3.724550856242807 4 2.6439329728792704 3 93.93916724672951 4 1.000000405942879
2131 3 2.7785643686065877 4 3.301427540034817 2 88.45495292790442 5 2.44816663875448
2296 3 3.242080285074522 3 1.6947444500777473 2 59.1504393266932 3 1.5000003194880753
2922 5 2.168140747586784 2 53.637602455307466 3 3.326936828252482 3 8.75828728002475
3030 4 4.0075212505385425 3 4.735787090370723 4 1.8461186266173724 2 34.71098235155589
3078 4 3.080148424659401 3 4.751308737411035 5 2.1788910826952477 2 67.16239451530951
3168 4 3.5047522886545295 3 4.574077330369576 5 2.154734083221835 2 93.27238021167747
3592 3 9.084528314491743 2 4.731062264373637 3 1.9312839889513373 2 42.06754763800068
3676 3 3.873894075384425 3 1.9193408284854658 3 1.5000000614400337 2 60.736960961831116
3842 3 5.957836298148495 3 3.597214203629054 4 1.9752045603434265 3 32.43159894930331
3845 4 3.8753263402152887 3 1.973534651736832 4 1.2499998853120362 2 109.61348095108617
4044 3 2.4306873552024197 4 2.1963543873631917 4 1.000000405942879 3 50.2856063472564
4047 3 3.000000000000493 4 5.681538250924406 4 1.000000405942879 3 120.4174653416033
4102 3 9.008656729386797 3 3.775050959042539 4 1.975204560343425 3 82.9232083436301
4104 3 3.724550856242807 4 2.6439329728792704 4 1.000000405942879 3 93.93916724672951
4144 3 2.7785643686065877 4 3.301427540034817 5 2.4481666387544805 2 88.45495292790442
4359 3 3.242080285074522 3 1.6947444500777473 3 1.5000003194880753 2 59.1504393266932