1.00012	0.072279
0.998645	0.072331
0.997196	0.072382
0.995771	0.072432
0.994371	0.072481
0.992993	0.072529
0.991638	0.072577
0.990305	0.072623
0.988993	0.072669
0.987701	0.072715
0.98643	0.072759
0.985178	0.072803
0.983945	0.072846
0.98273	0.072889
0.981533	0.072931
0.980353	0.072972
0.97919	0.07301
0.978044	0.073047
0.976913	0.073084
0.975798	0.073121
0.974698	0.073136
0.973612	0.073145
0.972541	0.073155
0.971483	0.073164
0.97044	0.073173
0.969409	0.073182
0.968391	0.073191
0.967386	0.0732
0.966393	0.073209
0.965413	0.073217
0.964443	0.073226
0.963485	0.073234
0.962539	0.073243
0.961603	0.073251
0.960677	0.073259
0.959762	0.073267
0.958857	0.073275
0.957962	0.073283
0.957076	0.073291
0.9562	0.073299
0.955333	0.073306
0.954474	0.073314
0.953624	0.073321
0.952783	0.073329
0.95195	0.073336
0.951125	0.073343
0.950309	0.073344
0.949499	0.073344
0.948697	0.073344
0.947903	0.073344
0.947116	0.073344
0.946336	0.073344
0.945562	0.073344
0.944796	0.073344
0.944036	0.073344
0.943282	0.073344
0.942535	0.073344
0.941793	0.073344
0.941058	0.073344
0.940328	0.073344
0.939605	0.073344
0.938886	0.073344
0.938174	0.073344
0.937466	0.073344
0.936764	0.073344
0.936067	0.073344
0.935375	0.073344
0.934687	0.073344
0.934005	0.073344
0.933327	0.073344
0.932654	0.073344
0.931985	0.073344
0.93132	0.073344
0.93066	0.073344
0.930003	0.073344
0.929351	0.073344
0.928703	0.073344
0.928058	0.073344
0.927418	0.073344
0.926781	0.073344
0.926147	0.073344
0.925517	0.073344
0.92489	0.073344
0.924267	0.073344
0.923647	0.073344
0.923031	0.073344
0.922417	0.073344
0.921806	0.073344
0.921198	0.073344
0.920593	0.073344
0.919991	0.073344
0.919392	0.073344
0.918795	0.073344
0.918201	0.073344
0.917609	0.073344
0.91702	0.073344
0.916434	0.073344
0.915849	0.073344
0.915267	0.073344
0.914687	0.073344
0.914109	0.073344
0.913533	0.073344
0.912959	0.073344
0.912387	0.073344
0.911817	0.073344
0.911249	0.073344
0.910682	0.073344
0.910117	0.073344
0.909554	0.073344
0.908992	0.073344
0.908432	0.073344
0.907874	0.073344
0.907316	0.073344
0.906761	0.073344
0.906206	0.073344
0.905653	0.073344
0.905101	0.073344
0.90455	0.073344
0.904	0.073344
0.903452	0.073344
0.902904	0.073344
0.902357	0.073344
0.901811	0.073344
0.901266	0.073344
0.900722	0.073344
0.900179	0.073344
0.899636	0.073344
0.899094	0.073344
0.898552	0.073344
0.898011	0.073344
0.897471	0.073344
0.896931	0.073344
0.896391	0.073344
0.895852	0.073344
0.895313	0.073344
0.894774	0.073344
0.894236	0.073344
0.893698	0.073344
0.893159	0.073344
0.892621	0.073344
0.892083	0.073344
0.891545	0.073344
0.891007	0.073344
0.890469	0.073344
0.889931	0.073344
0.889392	0.073344
0.888853	0.073344
0.888314	0.073344
0.887774	0.073344
0.887235	0.073344
0.886694	0.073344
0.886153	0.073344
0.885612	0.073344
0.88507	0.073344
0.884527	0.073344
0.883984	0.073344
0.88344	0.073344
0.882895	0.073344
0.882349	0.073344
0.881803	0.073344
0.881255	0.073344
0.880707	0.073344
0.880157	0.073344
0.879606	0.073344
0.879055	0.073344
0.878502	0.073344
0.877947	0.073344
0.877392	0.073344
0.876835	0.073344
0.876277	0.073344
0.875717	0.073344
0.875156	0.073344
0.874593	0.073344
0.874028	0.073344
0.873462	0.073344
0.872894	0.073344
0.872325	0.073344
0.871753	0.073344
0.871179	0.073344
0.870604	0.073344
0.870027	0.073344
0.869447	0.073344
0.868865	0.073344
0.868281	0.073344
0.867695	0.073344
0.867106	0.073344
0.866515	0.073344
0.865921	0.073344
0.865325	0.073344
0.864726	0.073344
0.864124	0.073344
0.86352	0.073344
0.862913	0.073344
0.862303	0.073344
0.86169	0.073344
0.861074	0.073344
0.860454	0.073344
0.859832	0.073344
0.859206	0.073344
0.858577	0.073344
0.857944	0.073344
0.857308	0.073344
0.856668	0.073344
0.856024	0.073344
0.855376	0.073344
0.854725	0.073344
0.85407	0.073344
0.85341	0.073344
0.852746	0.073344
0.852078	0.073344
0.851406	0.073344
0.850729	0.073344
0.850047	0.073344
0.849361	0.073344
0.84867	0.073344
0.847974	0.073344
0.847272	0.073344
0.846566	0.073344
0.845854	0.073344
0.845137	0.073344
0.844415	0.073344
0.843686	0.073344
0.842952	0.073344
0.842212	0.073344
0.841466	0.073344
0.840714	0.073344
0.839955	0.073344
0.83919	0.073344
0.838418	0.073344
0.837639	0.073344
0.836853	0.073344
0.83606	0.073344
0.83526	0.073344
0.834452	0.073344
0.833637	0.073344
0.832813	0.073344
0.831982	0.073344
0.831143	0.073344
0.830295	0.073344
0.829438	0.073344
0.828572	0.073344
0.827698	0.073344
0.826814	0.073344
0.826022	0.073243
0.826022	0.072349
0.826022	0.071456
0.826022	0.070563
0.826022	0.069669
0.826022	0.068776
0.826022	0.067883
0.826022	0.066989
0.826022	0.066096
0.826022	0.065203
0.826022	0.064309
0.826022	0.063416
0.826022	0.062523
0.826022	0.061629
0.826022	0.060736
0.826022	0.059842
0.826022	0.058949
0.826022	0.058056
0.826022	0.057162
0.826022	0.056269
0.826022	0.055376
0.826022	0.054482
0.826022	0.053589
0.826022	0.052696
0.826022	0.051802
0.826022	0.050909
0.826022	0.050016
0.826022	0.049122
0.826022	0.048229
0.826022	0.047336
0.826022	0.046442
0.826022	0.045549
0.826022	0.044656
0.826022	0.043762
0.826022	0.042869
0.826022	0.041976
0.826022	0.041082
0.826022	0.040189
0.826022	0.039295
0.826022	0.038402
0.826022	0.037509
0.826022	0.036615
0.826022	0.035722
0.826022	0.034829
0.826022	0.033935
0.826022	0.033042
0.826022	0.032149
0.826022	0.031255
0.826022	0.030362
0.826022	0.029469
0.826022	0.028575
0.826022	0.027682
0.826022	0.026789
0.826022	0.025895
0.826022	0.025002
0.826022	0.024109
0.825144	0.023945
0.824257	0.023781
0.823363	0.023614
0.822461	0.023446
0.82155	0.023277
0.820631	0.023106
0.819704	0.022934
0.818769	0.02276
0.817826	0.022585
0.816874	0.022408
0.815913	0.022229
0.814944	0.022049
0.813967	0.021867
0.812981	0.021684
0.811986	0.021499
0.810983	0.021313
0.809971	0.021125
0.80895	0.020935
0.807921	0.020743
0.806883	0.02055
0.805835	0.020356
0.804779	0.02016
0.803714	0.019962
0.80264	0.019762
0.801557	0.019561
0.800464	0.019358
0.799363	0.019153
0.798252	0.018947
0.797132	0.018739
0.796003	0.01853
0.794864	0.018319
0.793716	0.018106
0.792559	0.017892
0.791392	0.017676
0.790216	0.017459
0.78903	0.01724
0.787835	0.017019
0.78663	0.016797
0.785415	0.016573
0.784191	0.016348
0.782957	0.016121
0.781713	0.015893
0.78046	0.015663
0.779197	0.015432
0.777924	0.015199
0.776641	0.014965
0.775348	0.014729
0.774045	0.014493
0.772732	0.014254
0.771409	0.014015
0.770076	0.013774
0.768733	0.013531
0.76738	0.013288
0.766017	0.013043
0.764644	0.012797
0.763261	0.012549
0.761867	0.012301
0.760463	0.012051
0.759049	0.0118
0.757625	0.011549
0.756191	0.011296
0.754746	0.011042
0.753291	0.010787
0.751826	0.010531
0.75035	0.010274
0.748864	0.010016
0.747368	0.009757
0.745861	0.009498
0.744344	0.009237
0.742817	0.008976
0.741279	0.008715
0.739731	0.008452
0.738172	0.008189
0.736603	0.007926
0.735024	0.007662
0.733434	0.007397
0.731834	0.007133
0.730223	0.006867
0.728603	0.006602
0.726971	0.006336
0.72533	0.00607
0.723678	0.005804
0.722015	0.005538
0.720342	0.005272
0.71866	0.005005
0.716966	0.004739
0.715263	0.004473
0.713549	0.004207
0.711825	0.003941
0.71009	0.003676
0.708346	0.00341
0.706591	0.003146
0.704826	0.002881
0.703051	0.002617
0.701266	0.002353
0.699471	0.00209
0.697666	0.001827
0.695851	0.001565
0.694026	0.001304
0.692191	0.001044
0.690347	0.000784
0.688492	0.000525
0.686628	0.000267
0.684754	0.000011
0.68287	-0.000245
0.680977	-0.0005
0.679074	-0.000754
0.677162	-0.001006
0.675241	-0.001257
0.67331	-0.001507
0.671369	-0.001755
0.66942	-0.002002
0.667461	-0.002248
0.665493	-0.002491
0.663516	-0.002734
0.66153	-0.002974
0.659536	-0.003212
0.657532	-0.003449
0.65552	-0.003684
0.653499	-0.003917
0.651469	-0.004148
0.649431	-0.004376
0.647385	-0.004603
0.64533	-0.004827
0.643267	-0.005049
0.641196	-0.005269
0.639117	-0.005486
0.63703	-0.005701
0.634935	-0.005913
0.632832	-0.006123
0.630722	-0.006331
0.628604	-0.006536
0.626479	-0.006738
0.624347	-0.006938
0.622207	-0.007135
0.62006	-0.007329
0.617907	-0.007521
0.615746	-0.00771
0.613579	-0.007896
0.611405	-0.008079
0.609224	-0.008259
0.607038	-0.008437
0.604844	-0.008611
0.602645	-0.008782
0.60044	-0.008951
0.598229	-0.009116
0.596012	-0.009278
0.59379	-0.009437
0.591562	-0.009593
0.589329	-0.009746
0.587091	-0.009896
0.584847	-0.010042
0.582599	-0.010185
0.580346	-0.010325
0.578088	-0.010461
0.575826	-0.010594
0.57356	-0.010724
0.571289	-0.010851
0.569014	-0.010974
0.566735	-0.011093
0.564453	-0.01121
0.562167	-0.011322
0.559877	-0.011432
0.557585	-0.011538
0.555288	-0.011641
0.55299	-0.01174
0.550688	-0.011836
0.548383	-0.011929
0.546076	-0.012019
0.543767	-0.012105
0.541455	-0.012187
0.539141	-0.012267
0.536826	-0.012343
0.534509	-0.012415
0.532189	-0.012485
0.529869	-0.012551
0.527547	-0.012614
0.525225	-0.012674
0.522901	-0.01273
0.520577	-0.012783
0.518251	-0.012833
0.515926	-0.01288
0.5136	-0.012924
0.511274	-0.012964
0.508948	-0.013002
0.506622	-0.013036
0.504296	-0.013068
0.501971	-0.013096
0.499647	-0.013121
0.497323	-0.013143
0.495001	-0.013163
0.492679	-0.013179
0.490359	-0.013192
0.48804	-0.013203
0.485723	-0.013211
0.483407	-0.013215
0.481094	-0.013217
0.478782	-0.013216
0.476473	-0.013213
0.474166	-0.013206
0.471862	-0.013197
0.46956	-0.013185
0.467261	-0.013171
0.464965	-0.013153
0.462672	-0.013134
0.460383	-0.013111
0.458097	-0.013086
0.455814	-0.013059
0.453535	-0.013029
0.451261	-0.012996
0.44899	-0.012961
0.446723	-0.012924
0.44446	-0.012884
0.442202	-0.012842
0.439949	-0.012798
0.4377	-0.012752
0.435456	-0.012703
0.433217	-0.012652
0.430984	-0.012599
0.428755	-0.012543
0.426532	-0.012486
0.424314	-0.012427
0.422102	-0.012365
0.419896	-0.012302
0.417696	-0.012236
0.415502	-0.012169
0.413313	-0.012099
0.411131	-0.012028
0.408956	-0.011954
0.406787	-0.011879
0.404625	-0.011802
0.402469	-0.011723
0.40032	-0.011642
0.398178	-0.011559
0.396044	-0.011474
0.393916	-0.011387
0.391796	-0.011299
0.389683	-0.011209
0.387578	-0.011117
0.38548	-0.011023
0.38339	-0.010927
0.381308	-0.01083
0.379234	-0.010731
0.377167	-0.010631
0.375109	-0.010528
0.373059	-0.010425
0.371017	-0.010319
0.368984	-0.010212
0.366959	-0.010103
0.364943	-0.009993
0.362935	-0.009882
0.360936	-0.009769
0.358945	-0.009654
0.356964	-0.009537
0.354992	-0.009419
0.353028	-0.009299
0.351073	-0.009179
0.349128	-0.009057
0.347192	-0.008934
0.345265	-0.00881
0.343348	-0.008685
0.341439	-0.008558
0.339541	-0.008431
0.337651	-0.008302
0.335772	-0.008172
0.333902	-0.008041
0.332041	-0.007908
0.330191	-0.007775
0.32835	-0.007641
0.326519	-0.007506
0.324698	-0.007369
0.322886	-0.007232
0.321085	-0.007094
0.319294	-0.006955
0.317512	-0.006816
0.315741	-0.006675
0.31398	-0.006534
0.312229	-0.006391
0.310488	-0.006248
0.308757	-0.006105
0.307037	-0.00596
0.305326	-0.005815
0.303626	-0.00567
0.301936	-0.005524
0.300257	-0.005377
0.298588	-0.005229
0.296929	-0.005081
0.295281	-0.004933
0.293643	-0.004784
0.292015	-0.004635
0.290398	-0.004485
0.288791	-0.004335
0.287194	-0.004184
0.285608	-0.004034
0.284033	-0.003882
0.282467	-0.003731
0.280912	-0.003579
0.279368	-0.003427
0.277834	-0.003275
0.27631	-0.003122
0.274797	-0.002969
0.273294	-0.002816
0.271802	-0.002662
0.27032	-0.002509
0.268849	-0.002354
0.267388	-0.0022
0.265937	-0.002045
0.264497	-0.001889
0.263067	-0.001733
0.261647	-0.001577
0.260238	-0.001421
0.258839	-0.001264
0.257451	-0.001106
0.256073	-0.000948
0.254705	-0.00079
0.253347	-0.000632
0.252	-0.000473
0.250662	-0.000313
0.249335	-0.000154
0.248019	0.000006
0.246712	0.000167
0.245416	0.000328
0.244129	0.000489
0.242853	0.00065
0.241586	0.000812
0.24033	0.000975
0.239084	0.001137
0.237847	0.0013
0.236621	0.001463
0.235405	0.001627
0.234198	0.00179
0.233001	0.001954
0.231814	0.002119
0.230637	0.002283
0.229469	0.002448
0.228311	0.002613
0.227163	0.002778
0.226024	0.002943
0.224895	0.003109
0.223775	0.003275
0.222665	0.00344
0.221565	0.003606
0.220473	0.003772
0.219391	0.003938
0.218319	0.004105
0.217255	0.004271
0.216201	0.004437
0.215156	0.004603
0.21412	0.00477
0.213093	0.004936
0.212075	0.005101
0.211066	0.005266
0.210066	0.005431
0.209075	0.005595
0.208092	0.005758
0.207118	0.005921
0.206153	0.006083
0.205196	0.006243
0.204248	0.006403
0.203308	0.006562
0.202376	0.006719
0.201453	0.006875
0.200538	0.00703
0.199631	0.007184
0.198732	0.007336
0.197842	0.007486
0.196959	0.007635
0.196084	0.007783
0.195217	0.007929
0.194359	0.008075
0.193508	0.008221
0.192665	0.008366
0.19183	0.008513
0.191004	0.008661
0.190186	0.008811
0.189376	0.008964
0.188574	0.009119
0.187781	0.009277
0.186996	0.009439
0.186219	0.009606
0.185451	0.009776
0.184692	0.00995
0.183941	0.010129
0.183199	0.010314
0.182467	0.010507
0.181744	0.01071
0.181033	0.010926
0.180334	0.011155
0.179647	0.011401
0.178975	0.011664
0.178318	0.011948
0.177679	0.012253
0.177059	0.012582
0.176461	0.012935
0.175887	0.013314
0.175339	0.013719
0.174818	0.014148
0.174326	0.014601
0.173864	0.015074
0.17343	0.015565
0.173023	0.016071
0.172644	0.01659
0.172292	0.01712
0.171965	0.017658
0.171662	0.018204
0.171384	0.018756
0.17113	0.019312
0.170898	0.019872
0.170689	0.020434
0.170502	0.020997
0.170338	0.021562
0.170197	0.022126
0.170078	0.02269
0.169984	0.023253
0.169911	0.023813
0.169863	0.02437
0.169838	0.024922
0.169835	0.02547
0.169851	0.026012
0.169884	0.026548
0.169934	0.027078
0.169996	0.0276
0.17007	0.028116
0.170153	0.028624
0.170243	0.029127
0.170342	0.029622
0.170446	0.030111
0.17055	0.0306
0.17065	0.031094
0.17076	0.031588
0.170911	0.032075
0.171087	0.032557
0.171263	0.033043
0.171445	0.033531
0.171632	0.03402
0.171826	0.03451
0.172028	0.035
0.17224	0.035491
0.172462	0.03598
0.172697	0.036468
0.172943	0.036953
0.173202	0.037437
0.173471	0.037918
0.173752	0.038398
0.174043	0.038875
0.174343	0.039351
0.174653	0.039825
0.174972	0.040298
0.175299	0.040769
0.175634	0.041239
0.175978	0.041708
0.17633	0.042176
0.17669	0.042641
0.177058	0.043106
0.177434	0.043569
0.177819	0.04403
0.178211	0.044489
0.178611	0.044947
0.17902	0.045403
0.179436	0.045857
0.17986	0.046309
0.180292	0.046759
0.180732	0.047207
0.181179	0.047653
0.181634	0.048098
0.182096	0.04854
0.182566	0.048981
0.183043	0.04942
0.183527	0.049857
0.184018	0.050292
0.184516	0.050726
0.185021	0.051158
0.185533	0.051588
0.186052	0.052017
0.186578	0.052444
0.187111	0.052869
0.18765	0.053292
0.188197	0.053714
0.18875	0.054134
0.189309	0.054553
0.189876	0.05497
0.190448	0.055385
0.191028	0.055799
0.191614	0.056211
0.192206	0.056622
0.192805	0.057031
0.193411	0.057438
0.194023	0.057844
0.194641	0.058248
0.195266	0.058651
0.195898	0.059052
0.196535	0.059452
0.197179	0.05985
0.19783	0.060246
0.198487	0.060641
0.19915	0.061035
0.199819	0.061427
0.200495	0.061817
0.201177	0.062206
0.201866	0.062594
0.202561	0.06298
0.203262	0.063364
0.203969	0.063747
0.204683	0.064129
0.205403	0.064509
0.206129	0.064888
0.206862	0.065265
0.2076	0.065641
0.208345	0.066015
0.209097	0.066388
0.209854	0.066759
0.210618	0.06713
0.211388	0.067498
0.212164	0.067866
0.212947	0.068231
0.213736	0.068596
0.214531	0.068959
0.215332	0.06932
0.21614	0.069681
0.216954	0.070039
0.217775	0.070396
0.218601	0.070752
0.219434	0.071106
0.220274	0.071458
0.221119	0.071809
0.221971	0.072159
0.22283	0.072507
0.223695	0.072853
0.224566	0.073198
0.225443	0.073541
0.226327	0.073883
0.227218	0.074223
0.228114	0.074562
0.229018	0.074899
0.229927	0.075234
0.230843	0.075568
0.231765	0.075901
0.232694	0.076231
0.233629	0.076561
0.234571	0.076888
0.235519	0.077215
0.236473	0.077539
0.237434	0.077862
0.238401	0.078184
0.239375	0.078503
0.240356	0.078821
0.241342	0.079138
0.242336	0.079452
0.243336	0.079765
0.244342	0.080076
0.245355	0.080386
0.246375	0.080693
0.247401	0.080999
0.248434	0.081303
0.249473	0.081605
0.250519	0.081906
0.251572	0.082204
0.252631	0.082501
0.253696	0.082796
0.254769	0.083088
0.255848	0.083379
0.256933	0.083669
0.258026	0.083956
0.259125	0.084241
0.26023	0.084525
0.261342	0.084806
0.262461	0.085085
0.263587	0.085363
0.264719	0.085637
0.265859	0.08591
0.267005	0.08618
0.268158	0.086446
0.269318	0.086709
0.270485	0.086969
0.27166	0.087223
0.272842	0.087472
0.274031	0.087714
0.275229	0.087948
0.276434	0.088173
0.277648	0.088387
0.27887	0.088591
0.280099	0.088784
0.281337	0.088969
0.282581	0.089145
0.283833	0.089314
0.285093	0.089476
0.286359	0.089633
0.287632	0.089785
0.288912	0.089931
0.290199	0.090074
0.291492	0.090214
0.292792	0.090351
0.294098	0.090488
0.295411	0.090623
0.29673	0.090757
0.298056	0.09089
0.299388	0.091022
0.300727	0.091153
0.302072	0.091284
0.303423	0.091414
0.304781	0.091543
0.306146	0.091672
0.307516	0.0918
0.308893	0.091928
0.310277	0.092056
0.311667	0.092184
0.313063	0.092311
0.314466	0.092439
0.315875	0.092566
0.317291	0.092693
0.318713	0.092819
0.320142	0.092945
0.321577	0.093071
0.323018	0.093197
0.324466	0.093321
0.325921	0.093446
0.327381	0.093569
0.328849	0.093692
0.330322	0.093814
0.331803	0.093936
0.333289	0.094057
0.334782	0.094178
0.336282	0.094298
0.337788	0.094417
0.339301	0.094536
0.34082	0.094654
0.342345	0.094772
0.343877	0.09489
0.345415	0.095006
0.34696	0.095122
0.348511	0.095238
0.350069	0.095353
0.351632	0.095468
0.353203	0.095582
0.35478	0.095695
0.356363	0.095808
0.357952	0.09592
0.359548	0.096032
0.36115	0.096143
0.362759	0.096254
0.364374	0.096364
0.365995	0.096473
0.367623	0.096582
0.369256	0.09669
0.370897	0.096798
0.372543	0.096905
0.374196	0.097011
0.375855	0.097117
0.37752	0.097222
0.379192	0.097326
0.38087	0.09743
0.382554	0.097533
0.384244	0.097635
0.38594	0.097736
0.387643	0.097837
0.389352	0.097937
0.391067	0.098037
0.392788	0.098136
0.394515	0.098234
0.396248	0.098331
0.397987	0.098427
0.399732	0.098523
0.401484	0.098618
0.403241	0.098712
0.405005	0.098806
0.406774	0.098899
0.408549	0.098991
0.41033	0.099082
0.412118	0.099172
0.413911	0.099262
0.415709	0.099351
0.417514	0.099439
0.419325	0.099526
0.421141	0.099613
0.422963	0.099698
0.424791	0.099783
0.426624	0.099867
0.428463	0.09995
0.430308	0.100033
0.432159	0.100114
0.434015	0.100195
0.435877	0.100275
0.437744	0.100354
0.439617	0.100432
0.441495	0.100509
0.443379	0.100585
0.445268	0.100661
0.447162	0.100735
0.449062	0.100809
0.450967	0.100881
0.452878	0.100953
0.454794	0.101024
0.456715	0.101094
0.458641	0.101163
0.460572	0.101231
0.462509	0.101298
0.46445	0.101364
0.466397	0.101429
0.468349	0.101493
0.470305	0.101556
0.472267	0.101618
0.474233	0.101679
0.476205	0.101739
0.478181	0.101798
0.480162	0.101856
0.482148	0.101913
0.484139	0.101969
0.486134	0.102023
0.488133	0.102077
0.490138	0.10213
0.492147	0.102181
0.49416	0.102232
0.496178	0.102281
0.4982	0.102329
0.500227	0.102376
0.502258	0.102422
0.504293	0.102467
0.506333	0.102511
0.508377	0.102554
0.510425	0.102595
0.512477	0.102635
0.514533	0.102674
0.516593	0.102712
0.518657	0.102749
0.520725	0.102784
0.522797	0.102818
0.524872	0.102851
0.526952	0.102883
0.529035	0.102914
0.531122	0.102943
0.533212	0.102971
0.535306	0.102998
0.537403	0.103024
0.539504	0.103048
0.541609	0.103071
0.543716	0.103093
0.545827	0.103114
0.547942	0.103133
0.550059	0.103151
0.55218	0.103167
0.554303	0.103183
0.55643	0.103197
0.55856	0.103209
0.560692	0.103221
0.562828	0.103231
0.564966	0.103239
0.567107	0.103247
0.569251	0.103252
0.571397	0.103257
0.573546	0.10326
0.575698	0.103262
0.577852	0.103263
0.580008	0.103262
0.582167	0.103259
0.584328	0.103256
0.586492	0.103251
0.588657	0.103244
0.590825	0.103236
0.592994	0.103227
0.595166	0.103216
0.59734	0.103204
0.599515	0.103191
0.601692	0.103176
0.603872	0.103159
0.606052	0.103141
0.608235	0.103122
0.610419	0.103101
0.612604	0.103079
0.614791	0.103056
0.61698	0.103031
0.619169	0.103004
0.62136	0.102976
0.623552	0.102947
0.625746	0.102916
0.62794	0.102884
0.630136	0.10285
0.632332	0.102815
0.634529	0.102779
0.636727	0.10274
0.638926	0.102701
0.641126	0.10266
0.643326	0.102618
0.645527	0.102574
0.647728	0.102528
0.64993	0.102481
0.652132	0.102433
0.654335	0.102383
0.656537	0.102332
0.65874	0.102279
0.660944	0.102225
0.663147	0.10217
0.66535	0.102113
0.667553	0.102054
0.669756	0.101994
0.671959	0.101932
0.674161	0.10187
0.676364	0.101805
0.678566	0.101739
0.680767	0.101672
0.682968	0.101603
0.685168	0.101533
0.687368	0.101461
0.689567	0.101388
0.691766	0.101314
0.693963	0.101237
0.69616	0.10116
0.698356	0.101081
0.70055	0.101
0.702744	0.100918
0.704936	0.100835
0.707128	0.10075
0.709318	0.100664
0.711507	0.100576
0.713694	0.100487
0.71588	0.100396
0.718064	0.100304
0.720247	0.100211
0.722428	0.100115
0.724608	0.100019
0.726786	0.099921
0.728962	0.099822
0.731136	0.099721
0.733308	0.099619
0.735478	0.099515
0.737646	0.09941
0.739812	0.099303
0.741976	0.099195
0.744138	0.099086
0.746297	0.098975
0.748454	0.098863
0.750609	0.098749
0.752761	0.098634
0.754911	0.098517
0.757058	0.098399
0.759202	0.09828
0.761344	0.098159
0.763483	0.098037
0.765619	0.097913
0.767752	0.097788
0.769882	0.097662
0.77201	0.097534
0.774134	0.097404
0.776255	0.097274
0.778373	0.097142
0.780488	0.097008
0.7826	0.096874
0.784708	0.096738
0.786813	0.0966
0.788915	0.096461
0.791013	0.096321
0.793107	0.096179
0.795198	0.096036
0.797286	0.095892
0.799369	0.095746
0.801449	0.095599
0.803525	0.095451
0.805598	0.095301
0.807666	0.09515
0.809731	0.094997
0.811791	0.094843
0.813848	0.094688
0.8159	0.094532
0.817949	0.094374
0.819993	0.094215
0.822033	0.094054
0.824068	0.093892
0.8261	0.093729
0.828127	0.093565
0.830149	0.0934
0.832167	0.093233
0.834181	0.093064
0.83619	0.092895
0.838195	0.092724
0.840195	0.092552
0.84219	0.092379
0.844181	0.092204
0.846167	0.092028
0.848148	0.091851
0.850124	0.091673
0.852095	0.091494
0.854062	0.091313
0.856023	0.091132
0.85798	0.090949
0.859931	0.090765
0.861877	0.09058
0.863819	0.090393
0.865755	0.090206
0.867686	0.090017
0.869611	0.089827
0.871532	0.089636
0.873447	0.089444
0.875357	0.08925
0.877262	0.089056
0.879161	0.08886
0.881055	0.088664
0.882943	0.088466
0.884826	0.088267
0.886703	0.088067
0.888575	0.087866
0.890441	0.087664
0.892301	0.087461
0.894157	0.087257
0.896006	0.087052
0.897849	0.086847
0.899687	0.08664
0.901519	0.086432
0.903346	0.086223
0.905166	0.086014
0.906981	0.085803
0.90879	0.085592
0.910593	0.08538
0.91239	0.085166
0.914181	0.084952
0.915966	0.084736
0.917745	0.08452
0.919519	0.084303
0.921286	0.084084
0.923047	0.083865
0.924802	0.083644
0.926551	0.083423
0.928293	0.0832
0.93003	0.082977
0.93176	0.082752
0.933485	0.082527
0.935203	0.082301
0.936915	0.082074
0.93862	0.081847
0.94032	0.081619
0.942013	0.081391
0.9437	0.081163
0.945381	0.080934
0.947056	0.080705
0.948724	0.080475
0.950386	0.080246
0.952042	0.080016
0.953692	0.079787
0.955335	0.079556
0.956972	0.079326
0.958602	0.079094
0.960226	0.078862
0.961844	0.078629
0.963455	0.078394
0.965059	0.078158
0.966657	0.07792
0.968249	0.077681
0.969833	0.07744
0.971411	0.077197
0.972982	0.076951
0.974547	0.076703
0.976105	0.076453
0.977655	0.076201
0.979199	0.075946
0.980737	0.075689
0.982267	0.075431
0.983791	0.075171
0.985308	0.074909
0.986819	0.074647
0.988322	0.074384
0.98982	0.074121
0.991311	0.073857
0.992795	0.073593
0.994273	0.073329
0.995744	0.073065
0.997209	0.072802
0.998668	0.07254