1.258	-0.098
1.256535	-0.097677
1.25508	-0.097357
1.253635	-0.097039
1.252357	-0.096412
1.251254	-0.095456
1.250159	-0.094506
1.249072	-0.093564
1.24799	-0.092628
1.246915	-0.091699
1.245846	-0.090779
1.244781	-0.089867
1.243722	-0.088963
1.242666	-0.088069
1.241615	-0.087184
1.240567	-0.086308
1.239522	-0.085443
1.23848	-0.084587
1.237442	-0.083741
1.236407	-0.082904
1.235375	-0.082077
1.234347	-0.081258
1.233322	-0.080448
1.232301	-0.079647
1.231284	-0.078853
1.23027	-0.078068
1.229261	-0.077291
1.228255	-0.076522
1.227253	-0.075761
1.226254	-0.075006
1.22526	-0.07426
1.22427	-0.07352
1.223283	-0.072787
1.222301	-0.072061
1.221322	-0.071342
1.220347	-0.07063
1.219377	-0.069924
1.21841	-0.069225
1.217447	-0.068532
1.216488	-0.067846
1.215533	-0.067165
1.214581	-0.066491
1.213634	-0.065823
1.21269	-0.065161
1.21175	-0.064504
1.210814	-0.063853
1.209882	-0.063208
1.208953	-0.062569
1.208029	-0.061934
1.207108	-0.061306
1.20619	-0.060682
1.205277	-0.060064
1.204367	-0.059451
1.203461	-0.058843
1.202558	-0.058241
1.201659	-0.057643
1.200764	-0.05705
1.199873	-0.056462
1.198984	-0.055878
1.1981	-0.055299
1.197219	-0.054725
1.196341	-0.054156
1.195467	-0.053591
1.194597	-0.053031
1.19373	-0.052474
1.192866	-0.051923
1.192005	-0.051376
1.191148	-0.050833
1.190295	-0.050294
1.189444	-0.049759
1.188597	-0.049229
1.187753	-0.048702
1.186913	-0.04818
1.186075	-0.047662
1.185241	-0.047147
1.18441	-0.046637
1.183582	-0.04613
1.182757	-0.045627
1.181936	-0.045128
1.181117	-0.044632
1.180301	-0.044141
1.179489	-0.043652
1.17868	-0.043168
1.177873	-0.042687
1.17707	-0.042209
1.176269	-0.041735
1.175471	-0.041264
1.174677	-0.040797
1.173885	-0.040333
1.173096	-0.039872
1.17231	-0.039415
1.171527	-0.03896
1.170747	-0.038509
1.169969	-0.038062
1.169194	-0.037617
1.168422	-0.037175
1.167653	-0.036736
1.166887	-0.036301
1.166123	-0.035868
1.165362	-0.035438
1.164604	-0.035011
1.163848	-0.034586
1.163095	-0.034165
1.162344	-0.033746
1.161596	-0.033331
1.160851	-0.032918
1.160108	-0.032508
1.159368	-0.032101
1.15863	-0.031697
1.157894	-0.031295
1.157161	-0.030895
1.156431	-0.030499
1.155703	-0.030104
1.154977	-0.029713
1.154254	-0.029324
1.153533	-0.028937
1.152815	-0.028553
1.152099	-0.028171
1.151385	-0.027791
1.150674	-0.027414
1.149965	-0.02704
1.149258	-0.026667
1.148553	-0.026297
1.147851	-0.025929
1.147151	-0.025563
1.146454	-0.0252
1.145758	-0.024838
1.145065	-0.024479
1.144374	-0.024122
1.143685	-0.023767
1.142998	-0.023414
1.142314	-0.023063
1.141631	-0.022714
1.140951	-0.022367
1.140273	-0.022022
1.139597	-0.02168
1.138923	-0.021338
1.138251	-0.020999
1.137581	-0.020662
1.136913	-0.020327
1.136247	-0.019993
1.135583	-0.019662
1.134921	-0.019332
1.134261	-0.019004
1.133603	-0.018678
1.132947	-0.018353
1.132293	-0.018031
1.131641	-0.01771
1.130991	-0.017391
1.130342	-0.017073
1.129696	-0.016757
1.129051	-0.016443
1.128408	-0.016131
1.127767	-0.01582
1.127128	-0.015511
1.126491	-0.015203
1.125855	-0.014897
1.125221	-0.014593
1.124589	-0.01429
1.123959	-0.013989
1.12333	-0.013689
1.122703	-0.013391
1.122078	-0.013094
1.121455	-0.012799
1.120833	-0.012506
1.120213	-0.012213
1.119594	-0.011923
1.118977	-0.011633
1.118362	-0.011346
1.117748	-0.011059
1.117136	-0.010774
1.116526	-0.010491
1.115917	-0.010208
1.11531	-0.009927
1.114704	-0.009648
1.1141	-0.00937
1.113497	-0.009093
1.112896	-0.008817
1.112297	-0.008543
1.111699	-0.00827
1.111102	-0.007998
1.110507	-0.007728
1.109913	-0.007459
1.109321	-0.007191
1.10873	-0.006924
1.108141	-0.006659
1.107553	-0.006394
1.106967	-0.006131
1.106382	-0.005869
1.105798	-0.005608
1.105216	-0.005349
1.104635	-0.00509
1.104055	-0.004833
1.103477	-0.004577
1.1029	-0.004321
1.102325	-0.004067
1.101751	-0.003814
1.101178	-0.003562
1.100606	-0.003312
1.100036	-0.003062
1.099467	-0.002813
1.098899	-0.002565
1.098333	-0.002319
1.097768	-0.002073
1.097204	-0.001829
1.096641	-0.001585
1.09608	-0.001342
1.095519	-0.001101
1.09496	-0.00086
1.094403	-0.00062
1.093846	-0.000381
1.09329	-0.000143
1.092736	0.000094
1.092183	0.00033
1.091631	0.000565
1.09108	0.000799
1.090531	0.001033
1.089982	0.001265
1.089435	0.001497
1.088889	0.001728
1.088344	0.001958
1.0878	0.002187
1.087257	0.002416
1.086715	0.002643
1.086174	0.00287
1.085635	0.003096
1.085096	0.003321
1.084558	0.003546
1.084022	0.00377
1.083486	0.003993
1.082952	0.004215
1.082419	0.004436
1.081886	0.004657
1.081355	0.004877
1.080825	0.005097
1.080295	0.005315
1.079767	0.005533
1.07924	0.005751
1.078713	0.005967
1.078188	0.006183
1.077663	0.006398
1.07714	0.006613
1.076617	0.006827
1.076096	0.007041
1.075575	0.007253
1.075055	0.007466
1.074536	0.007677
1.074018	0.007888
1.073501	0.008098
1.072985	0.008308
1.07247	0.008517
1.071955	0.008726
1.071442	0.008934
1.070929	0.009141
1.070417	0.009348
1.069906	0.009554
1.069396	0.009759
1.068887	0.009964
1.068378	0.010169
1.06787	0.010372
1.067363	0.010576
1.066857	0.010778
1.066352	0.01098
1.065847	0.011182
1.065343	0.011383
1.06484	0.011583
1.064338	0.011782
1.063836	0.011982
1.063335	0.01218
1.062835	0.012378
1.062335	0.012575
1.061836	0.012772
1.061338	0.012968
1.060841	0.013164
1.060344	0.013359
1.059848	0.013554
1.059352	0.013748
1.058857	0.013941
1.058363	0.014134
1.057869	0.014326
1.057376	0.014518
1.056884	0.014709
1.056392	0.0149
1.055901	0.01509
1.055411	0.015279
1.054921	0.015468
1.054431	0.015656
1.053943	0.015844
1.053454	0.016031
1.052967	0.016218
1.05248	0.016404
1.051993	0.01659
1.051507	0.016775
1.051021	0.016959
1.050536	0.017143
1.050052	0.017327
1.049568	0.017509
1.049085	0.017692
1.048602	0.017874
1.048119	0.018055
1.047637	0.018236
1.047156	0.018417
1.046675	0.018597
1.046195	0.018777
1.045715	0.018956
1.045236	0.019136
1.044757	0.019314
1.044278	0.019493
1.043801	0.019671
1.043323	0.019849
1.042847	0.020027
1.042371	0.020205
1.041895	0.020382
1.04142	0.020559
1.040945	0.020736
1.040471	0.020913
1.039997	0.02109
1.039524	0.021266
1.039051	0.021443
1.038579	0.021619
1.038108	0.021796
1.037637	0.021972
1.037166	0.022148
1.036696	0.022325
1.036227	0.022501
1.035758	0.022677
1.035289	0.022854
1.034821	0.02303
1.034354	0.023207
1.033887	0.023383
1.03342	0.02356
1.032954	0.023737
1.032489	0.023914
1.032024	0.024091
1.03156	0.024269
1.031096	0.024447
1.030633	0.024624
1.03017	0.024802
1.029707	0.024981
1.029245	0.025159
1.028784	0.025338
1.028323	0.025516
1.027862	0.025695
1.027402	0.025873
1.026942	0.026052
1.026482	0.02623
1.026023	0.026408
1.025564	0.026586
1.025105	0.026763
1.024646	0.02694
1.024188	0.027116
1.023729	0.027292
1.023271	0.027468
1.022813	0.027642
1.022354	0.027817
1.021896	0.02799
1.021438	0.028162
1.02098	0.028334
1.020522	0.028505
1.020063	0.028675
1.019605	0.028843
1.019146	0.029011
1.018687	0.029178
1.018229	0.029343
1.01777	0.029507
1.01731	0.02967
1.016851	0.029832
1.016391	0.029992
1.015931	0.030151
1.01547	0.030308
1.01501	0.030463
1.014549	0.030617
1.014087	0.030769
1.013625	0.03092
1.013163	0.031068
1.0127	0.031215
1.012237	0.031361
1.011774	0.031504
1.01131	0.031644
1.010846	0.031784
1.010381	0.031922
1.009917	0.032059
1.009452	0.032194
1.008987	0.03233
1.008522	0.032465
1.008057	0.032599
1.007592	0.032734
1.007128	0.03287
1.006664	0.033005
1.0062	0.033142
1.005736	0.033279
1.005273	0.033419
1.004811	0.033559
1.004349	0.033702
1.003888	0.033847
1.003428	0.033994
1.002969	0.034143
1.00251	0.034295
1.002053	0.034452
1.001597	0.03461
1.001142	0.034772
1.000689	0.034938
1.000237	0.035109
0.999787	0.035283
0.999338	0.035461
0.998891	0.035645
0.998447	0.035833
0.998004	0.036026
0.997564	0.036224
0.997126	0.036428
0.996691	0.036637
0.996258	0.036852
0.995829	0.037074
0.995402	0.037299
0.994978	0.037531
0.99456	0.037773
0.994148	0.038026
0.993738	0.038281
0.993337	0.03855
0.992953	0.038844
0.992578	0.039149
0.992215	0.039468
0.991876	0.039813
0.991566	0.040184
0.991286	0.040579
0.991036	0.040993
0.990814	0.041423
0.990628	0.041869
0.99048	0.042331
0.990356	0.042799
0.990259	0.043273
0.990189	0.043753
0.990144	0.044236
0.990123	0.04472
0.990126	0.045205
0.990152	0.04569
0.990202	0.046173
0.990275	0.046653
0.990374	0.047128
0.990497	0.047599
0.990639	0.048063
0.990804	0.048521
0.990988	0.048971
0.991191	0.049414
0.991406	0.049851
0.991649	0.050273
0.991907	0.050687
0.992176	0.051093
0.99245	0.051497
0.992718	0.051905
0.993003	0.052302
0.993301	0.052689
0.993631	0.05305
0.993977	0.053396
0.994327	0.053738
0.994681	0.054076
0.995039	0.054411
0.995401	0.054742
0.995767	0.055068
0.996136	0.055393
0.996508	0.055713
0.996887	0.056026
0.997272	0.056332
0.997663	0.056632
0.99806	0.056922
0.998466	0.057202
0.998879	0.057471
0.9993	0.05773
0.999728	0.057977
1.000163	0.05821
1.000606	0.05843
1.001055	0.058638
1.001509	0.058837
1.001969	0.059023
1.002433	0.059199
1.0029	0.059365
1.003372	0.059522
1.003847	0.059669
1.004326	0.059808
1.004806	0.059939
1.00529	0.060061
1.005775	0.060176
1.006263	0.060284
1.006753	0.060386
1.007243	0.060481
1.007738	0.06057
1.008236	0.060653
1.008737	0.06073
1.009242	0.060801
1.00975	0.060866
1.010262	0.060925
1.010776	0.060978
1.011294	0.061025
1.011815	0.061067
1.012338	0.061102
1.012865	0.061132
1.013395	0.061156
1.013927	0.061174
1.014462	0.061186
1.015	0.061193
1.01554	0.061195
1.016083	0.061191
1.016629	0.061182
1.017177	0.061167
1.017728	0.061147
1.018281	0.061122
1.018837	0.061092
1.019395	0.061057
1.019955	0.061018
1.020518	0.060974
1.021083	0.060924
1.021651	0.060871
1.022221	0.060813
1.022793	0.06075
1.023368	0.060683
1.023945	0.060612
1.024524	0.060536
1.025106	0.060456
1.02569	0.060371
1.026276	0.060282
1.026864	0.060189
1.027455	0.060091
1.028047	0.059989
1.028643	0.059883
1.02924	0.059773
1.029839	0.059659
1.030441	0.05954
1.031045	0.059418
1.031652	0.059291
1.03226	0.05916
1.032871	0.059025
1.033484	0.058887
1.034099	0.058745
1.034717	0.058598
1.035337	0.058448
1.035959	0.058295
1.036583	0.058137
1.03721	0.057976
1.037839	0.057812
1.038471	0.057644
1.039104	0.057472
1.039741	0.057296
1.040379	0.057117
1.04102	0.056935
1.041663	0.056748
1.042309	0.056559
1.042956	0.056365
1.043607	0.056168
1.044259	0.055967
1.044914	0.055763
1.045572	0.055555
1.046232	0.055344
1.046894	0.055129
1.047559	0.054911
1.048226	0.054689
1.048896	0.054464
1.049568	0.054235
1.050242	0.054003
1.050919	0.053767
1.051599	0.053528
1.052281	0.053285
1.052965	0.053039
1.053653	0.052789
1.054342	0.052536
1.055035	0.05228
1.055729	0.05202
1.056427	0.051756
1.057127	0.05149
1.05783	0.051219
1.058535	0.050945
1.059243	0.050668
1.059953	0.050388
1.060666	0.050103
1.061382	0.049816
1.062101	0.049525
1.062822	0.04923
1.063546	0.048933
1.064272	0.048631
1.065002	0.048327
1.065734	0.048018
1.066469	0.047707
1.067207	0.047392
1.067947	0.047073
1.068691	0.046751
1.069437	0.046426
1.070186	0.046097
1.070938	0.045765
1.071693	0.045429
1.07245	0.04509
1.073211	0.044747
1.073974	0.0444
1.07474	0.04405
1.07551	0.043697
1.076282	0.04334
1.077057	0.042979
1.077835	0.042615
1.078616	0.042247
1.0794	0.041876
1.080187	0.041501
1.080977	0.041122
1.08177	0.04074
1.082566	0.040355
1.083365	0.039965
1.084168	0.039572
1.084973	0.039176
1.085782	0.038776
1.086593	0.038372
1.087408	0.037964
1.088226	0.037553
1.089048	0.037138
1.089872	0.03672
1.0907	0.036298
1.091531	0.035872
1.092365	0.035443
1.093202	0.035009
1.094043	0.034572
1.094887	0.034132
1.095734	0.033687
1.096585	0.033239
1.097439	0.032787
1.098297	0.032332
1.099158	0.031872
1.100022	0.031409
1.100889	0.030942
1.101761	0.030471
1.102635	0.029996
1.103513	0.029518
1.104395	0.029035
1.10528	0.028549
1.106169	0.028059
1.107061	0.027565
1.107957	0.027068
1.108857	0.026566
1.10976	0.026061
1.110667	0.025551
1.111577	0.025037
1.112491	0.02452
1.113409	0.023998
1.11433	0.023472
1.115255	0.022942
1.116183	0.022408
1.117115	0.02187
1.118051	0.021327
1.118991	0.02078
1.119934	0.020228
1.120881	0.019673
1.121831	0.019112
1.122785	0.018548
1.123743	0.017978
1.124705	0.017405
1.12567	0.016826
1.126639	0.016243
1.127611	0.015656
1.128588	0.015064
1.129568	0.014467
1.130553	0.013867
1.131541	0.013262
1.132534	0.012652
1.133531	0.012039
1.134532	0.011421
1.135537	0.0108
1.136547	0.010174
1.137561	0.009545
1.13858	0.008912
1.139604	0.008275
1.140632	0.007634
1.141665	0.00699
1.142704	0.006343
1.143747	0.005692
1.144795	0.005038
1.145849	0.004381
1.146907	0.00372
1.14797	0.003055
1.149038	0.002385
1.150109	0.001709
1.151184	0.001028
1.152262	0.00034
1.153343	-0.000355
1.154427	-0.001058
1.155513	-0.001769
1.156601	-0.002489
1.15769	-0.003219
1.158779	-0.00396
1.15987	-0.004711
1.16096	-0.005474
1.162049	-0.006249
1.163139	-0.007036
1.164228	-0.007835
1.165317	-0.008644
1.166406	-0.009465
1.167496	-0.010297
1.168586	-0.011139
1.169679	-0.011988
1.170772	-0.012848
1.171865	-0.01372
1.172957	-0.014604
1.174051	-0.015496
1.175148	-0.016396
1.176249	-0.017302
1.177353	-0.018217
1.178459	-0.019139
1.179567	-0.02007
1.180677	-0.02101
1.181791	-0.021956
1.182908	-0.022909
1.18403	-0.023869
1.185156	-0.024835
1.186284	-0.02581
1.187415	-0.026793
1.188551	-0.027781
1.189692	-0.028775
1.190838	-0.029776
1.191988	-0.030782
1.193143	-0.031794
1.194303	-0.032812
1.195468	-0.033837
1.196638	-0.034867
1.197813	-0.035904
1.198993	-0.036947
1.200178	-0.037995
1.201367	-0.039051
1.202561	-0.040113
1.203761	-0.041181
1.204964	-0.042256
1.206173	-0.043338
1.207386	-0.044427
1.208604	-0.045523
1.209827	-0.046626
1.211054	-0.047736
1.212286	-0.048853
1.213523	-0.049977
1.214764	-0.051108
1.216011	-0.052247
1.217261	-0.053393
1.218517	-0.054546
1.219777	-0.055707
1.221042	-0.056875
1.222311	-0.058051
1.223586	-0.059235
1.224864	-0.060426
1.226147	-0.061627
1.227433	-0.062835
1.228723	-0.064054
1.230015	-0.065282
1.23131	-0.066521
1.232606	-0.067771
1.233904	-0.069033
1.235203	-0.070306
1.236502	-0.071592
1.237801	-0.072891
1.2391	-0.074203
1.240401	-0.075527
1.241702	-0.076863
1.243005	-0.07821
1.244309	-0.079569
1.245616	-0.080938
1.246926	-0.082318
1.248239	-0.083708
1.249556	-0.085108
1.250876	-0.086516
1.252202	-0.087934
1.253532	-0.08936
1.254869	-0.090795
1.255964	-0.092388
1.25664	-0.094249
1.257318	-0.09612