-18.75 18.75
-9.375 21.875
-3.125 21.875
-9.375 15.625
-3.125 15.625
-18.75 6.25
-9.375 9.375
-4.6875 10.9375
-1.5625 10.9375
-4.6875 7.8125
-1.5625 7.8125
-9.375 3.125
-4.6875 4.6875
-2.34375 5.46875
-0.78125 5.46875
-2.34375 3.90625
-0.78125 3.90625
-4.6875 1.5625
-2.34375 2.34375
-1.171875 2.734375
-0.390625 2.734375
-1.171875 1.953125
-0.390625 1.953125
-2.34375 0.78125
-1.171875 1.171875
-0.5859375 1.3671875
-0.1953125 1.3671875
-0.5859375 0.9765625
-0.1953125 0.9765625
-1.171875 0.390625
-0.5859375 0.5859375
-0.29296875 0.68359375
-0.09765625 0.68359375
-0.29296875 0.48828125
-0.09765625 0.48828125
-0.5859375 0.1953125
-0.29296875 0.29296875
-0.146484375 0.341796875
-0.048828125 0.341796875
-0.146484375 0.244140625
-0.048828125 0.244140625
-0.29296875 0.09765625
-0.146484375 0.146484375
-0.0732421875 0.1708984375
-0.0244140625 0.1708984375
-0.0732421875 0.1220703125
-0.0244140625 0.1220703125
-0.146484375 0.048828125
-0.0732421875 0.0732421875
-0.03662109375 0.08544921875
-0.01220703125 0.08544921875
-0.03662109375 0.06103515625
-0.01220703125 0.06103515625
-0.0732421875 0.0244140625
-0.03662109375 0.03662109375
-0.018310546875 0.042724609375
-0.006103515625 0.042724609375
-0.018310546875 0.030517578125
-0.0091552734375 0.0335693359375
-0.0030517578125 0.0335693359375
-0.0091552734375 0.0274658203125
-0.0030517578125 0.0274658203125
-0.03662109375 0.01220703125
-0.018310546875 0.018310546875
-0.0091552734375 0.0213623046875
-0.0030517578125 0.0213623046875
-0.0091552734375 0.0152587890625
-0.00457763671875 0.01678466796875
-0.00152587890625 0.01678466796875
-0.00457763671875 0.01373291015625
-0.00152587890625 0.01373291015625
-0.018310546875 0.006103515625
-0.0091552734375 0.0091552734375
-0.00457763671875 0.01068115234375
-0.00152587890625 0.01068115234375
-0.00457763671875 0.00762939453125
-0.002288818359375 0.008392333984375
-0.000762939453125 0.008392333984375
-0.002288818359375 0.006866455078125
-0.000762939453125 0.006866455078125
-0.0091552734375 0.0030517578125
-0.00457763671875 0.00457763671875
-0.002288818359375 0.005340576171875
-0.000762939453125 0.005340576171875
-0.002288818359375 0.003814697265625
-0.000762939453125 0.003814697265625
-0.00457763671875 0.00152587890625
-0.002288818359375 0.002288818359375
-0.000762939453125 0.002288818359375
-0.002288818359375 0.000762939453125
-0.000762939453125 0.000762939453125
3.125 21.875
9.375 21.875
3.125 15.625
9.375 15.625
15.625 21.875
21.875 21.875
15.625 15.625
21.875 15.625
1.5625 10.9375
4.6875 10.9375
1.5625 7.8125
4.6875 7.8125
7.8125 10.9375
10.9375 10.9375
7.8125 7.8125
10.9375 7.8125
0.78125 5.46875
2.34375 5.46875
0.78125 3.90625
2.34375 3.90625
3.90625 5.46875
5.46875 5.46875
3.90625 3.90625
5.46875 3.90625
0.390625 2.734375
1.171875 2.734375
0.390625 1.953125
1.171875 1.953125
1.953125 2.734375
2.734375 2.734375
1.953125 1.953125
2.734375 1.953125
0.1953125 1.3671875
0.5859375 1.3671875
0.1953125 0.9765625
0.5859375 0.9765625
0.9765625 1.3671875
1.3671875 1.3671875
0.9765625 0.9765625
1.3671875 0.9765625
0.09765625 0.68359375
0.29296875 0.68359375
0.09765625 0.48828125
0.29296875 0.48828125
0.48828125 0.68359375
0.68359375 0.68359375
0.48828125 0.48828125
0.68359375 0.48828125
0.048828125 0.341796875
0.146484375 0.341796875
0.048828125 0.244140625
0.146484375 0.244140625
0.244140625 0.341796875
0.341796875 0.341796875
0.244140625 0.244140625
0.341796875 0.244140625
0.0244140625 0.1708984375
0.0732421875 0.1708984375
0.0244140625 0.1220703125
0.0732421875 0.1220703125
0.1220703125 0.1708984375
0.1708984375 0.1708984375
0.1220703125 0.1220703125
0.1708984375 0.1220703125
0.01220703125 0.08544921875
0.03662109375 0.08544921875
0.006103515625 0.067138671875
0.018310546875 0.067138671875
0.006103515625 0.054931640625
0.018310546875 0.054931640625
0.030517578125 0.067138671875
0.042724609375 0.067138671875
0.030517578125 0.054931640625
0.042724609375 0.054931640625
0.06103515625 0.08544921875
0.08544921875 0.08544921875
0.054931640625 0.067138671875
0.067138671875 0.067138671875
0.054931640625 0.054931640625
0.067138671875 0.054931640625
0.079345703125 0.067138671875
0.091552734375 0.067138671875
0.006103515625 0.042724609375
0.0152587890625 0.0457763671875
0.0213623046875 0.0457763671875
0.0152587890625 0.0396728515625
0.0213623046875 0.0396728515625
0.0030517578125 0.0335693359375
0.0091552734375 0.0335693359375
0.0030517578125 0.0274658203125
0.00762939453125 0.02899169921875
0.01068115234375 0.02899169921875
0.00762939453125 0.02593994140625
0.01068115234375 0.02593994140625
0.0152587890625 0.0335693359375
0.01983642578125 0.03509521484375
0.02288818359375 0.03509521484375
0.01983642578125 0.03204345703125
0.02288818359375 0.03204345703125
0.01373291015625 0.02899169921875
0.01678466796875 0.02899169921875
0.01373291015625 0.02593994140625
0.016021728515625 0.026702880859375
0.017547607421875 0.026702880859375
0.022125244140625 0.029754638671875
0.0274658203125 0.0457763671875
0.0335693359375 0.0457763671875
0.02593994140625 0.04119873046875
0.02899169921875 0.04119873046875
0.02593994140625 0.03814697265625
0.02899169921875 0.03814697265625
0.03204345703125 0.04119873046875
0.03509521484375 0.04119873046875
0.03204345703125 0.03814697265625
0.03509521484375 0.03814697265625
0.0396728515625 0.0457763671875
0.0457763671875 0.0457763671875
0.03814697265625 0.04119873046875
0.04119873046875 0.04119873046875
0.02593994140625 0.03509521484375
0.02899169921875 0.03509521484375
0.025177001953125 0.032806396484375
0.026702880859375 0.032806396484375
0.031280517578125 0.035858154296875
0.032806396484375 0.035858154296875
0.00152587890625 0.02288818359375
0.00457763671875 0.02288818359375
0.00152587890625 0.01983642578125
0.00457763671875 0.01983642578125
0.00762939453125 0.02288818359375
0.009918212890625 0.023651123046875
0.011444091796875 0.023651123046875
0.009918212890625 0.022125244140625
0.011444091796875 0.022125244140625
0.009918212890625 0.020599365234375
0.00152587890625 0.01678466796875
0.003814697265625 0.017547607421875
0.005340576171875 0.017547607421875
0.003814697265625 0.016021728515625
0.005340576171875 0.016021728515625
0.00152587890625 0.01373291015625
0.003814697265625 0.014495849609375
0.006866455078125 0.017547607421875
0.0064849853515625 0.0164031982421875
0.012969970703125 0.023651123046875
0.0125885009765625 0.0225067138671875
0.000762939453125 0.011444091796875
0.002288818359375 0.011444091796875
0.000762939453125 0.009918212890625
0.0019073486328125 0.0102996826171875
0.0019073486328125 0.0095367431640625
0.000762939453125 0.008392333984375
0.0003814697265625 0.0072479248046875
0.0003814697265625 0.0064849853515625
0.0003814697265625 0.0057220458984375
0.0518798828125 0.0457763671875
0.10986328125 0.08544921875
0.13427734375 0.08544921875
0.103759765625 0.067138671875
0.115966796875 0.067138671875
0.15869140625 0.08544921875
0.18310546875 0.08544921875
0.2197265625 0.1708984375
0.2685546875 0.1708984375
0.2197265625 0.1220703125
0.2685546875 0.1220703125
0.3173828125 0.1708984375
0.3662109375 0.1708984375
0.3173828125 0.1220703125
0.3662109375 0.1220703125
0.30517578125 0.08544921875
0.439453125 0.341796875
0.537109375 0.341796875
0.439453125 0.244140625
0.537109375 0.244140625
0.634765625 0.341796875
0.732421875 0.341796875
0.634765625 0.244140625
0.732421875 0.244140625
0.4150390625 0.1708984375
0.4638671875 0.1708984375
0.4150390625 0.1220703125
0.4638671875 0.1220703125
0.5126953125 0.1708984375
0.5615234375 0.1708984375
0.5126953125 0.1220703125
0.5615234375 0.1220703125
0.52490234375 0.08544921875
0.54931640625 0.08544921875
0.57373046875 0.08544921875
0.6103515625 0.1708984375
0.6591796875 0.1708984375
0.6103515625 0.1220703125
0.6591796875 0.1220703125
0.7080078125 0.1708984375
0.7568359375 0.1708984375
0.7080078125 0.1220703125
0.7568359375 0.1220703125
0.59814453125 0.08544921875
0.62255859375 0.08544921875
0.64697265625 0.08544921875
0.67138671875 0.08544921875
0.69580078125 0.08544921875
0.72021484375 0.08544921875
0.714111328125 0.067138671875
0.726318359375 0.067138671875
0.74462890625 0.08544921875
0.76904296875 0.08544921875
0.738525390625 0.067138671875
0.750732421875 0.067138671875
0.738525390625 0.054931640625
0.750732421875 0.054931640625
0.762939453125 0.067138671875
0.775146484375 0.067138671875
0.762939453125 0.054931640625
0.775146484375 0.054931640625
0.87890625 0.68359375
1.07421875 0.68359375
0.87890625 0.48828125
1.07421875 0.48828125
1.26953125 0.68359375
1.46484375 0.68359375
1.26953125 0.48828125
1.46484375 0.48828125
0.830078125 0.341796875
0.927734375 0.341796875
0.830078125 0.244140625
0.927734375 0.244140625
1.025390625 0.341796875
1.123046875 0.341796875
1.025390625 0.244140625
1.123046875 0.244140625
0.8056640625 0.1708984375
0.8544921875 0.1708984375
0.8056640625 0.1220703125
0.8544921875 0.1220703125
0.9033203125 0.1708984375
0.9521484375 0.1708984375
0.9033203125 0.1220703125
0.9521484375 0.1220703125
0.79345703125 0.08544921875
0.81787109375 0.08544921875
0.787353515625 0.067138671875
0.799560546875 0.067138671875
0.787353515625 0.054931640625
0.799560546875 0.054931640625
0.811767578125 0.067138671875
0.823974609375 0.067138671875
0.811767578125 0.054931640625
0.823974609375 0.054931640625
0.84228515625 0.08544921875
0.86669921875 0.08544921875
0.836181640625 0.067138671875
0.848388671875 0.067138671875
0.836181640625 0.054931640625
0.848388671875 0.054931640625
0.86669921875 0.06103515625
0.7965087890625 0.0457763671875
0.8026123046875 0.0457763671875
0.8087158203125 0.0457763671875
0.8148193359375 0.0457763671875
0.8209228515625 0.0457763671875
0.8270263671875 0.0457763671875
0.8270263671875 0.0396728515625
0.8331298828125 0.0457763671875
0.8392333984375 0.0457763671875
0.848388671875 0.042724609375
0.860595703125 0.042724609375
0.872802734375 0.042724609375
0.89111328125 0.08544921875
0.91552734375 0.08544921875
0.89111328125 0.06103515625
0.91552734375 0.06103515625
0.93994140625 0.08544921875
0.96435546875 0.08544921875
0.93994140625 0.06103515625
0.96435546875 0.06103515625
0.885009765625 0.042724609375
0.897216796875 0.042724609375
0.8941650390625 0.0335693359375
0.9002685546875 0.0335693359375
0.909423828125 0.042724609375
0.921630859375 0.042724609375
0.9063720703125 0.0335693359375
0.9124755859375 0.0335693359375
0.9185791015625 0.0335693359375
0.9246826171875 0.0335693359375
0.92315673828125 0.02899169921875
0.92620849609375 0.02899169921875
0.92315673828125 0.00152587890625
0.92620849609375 0.00152587890625
0.933837890625 0.042724609375
0.946044921875 0.042724609375
0.9307861328125 0.0335693359375
0.9368896484375 0.0335693359375
0.9307861328125 0.0274658203125
0.9368896484375 0.0274658203125
0.9429931640625 0.0335693359375
0.9490966796875 0.0335693359375
0.9429931640625 0.0274658203125
0.9490966796875 0.0274658203125
0.958251953125 0.042724609375
0.970458984375 0.042724609375
0.9552001953125 0.0335693359375
0.9613037109375 0.0335693359375
0.9552001953125 0.0274658203125
0.9613037109375 0.0274658203125
0.9674072265625 0.0335693359375
0.9735107421875 0.0335693359375
0.9674072265625 0.0274658203125
0.9735107421875 0.0274658203125
0.95062255859375 0.02288818359375
0.92926025390625 0.00152587890625
0.93231201171875 0.00152587890625
0.9429931640625 0.0030517578125
0.9490966796875 0.0030517578125
0.95367431640625 0.02288818359375
0.95672607421875 0.02288818359375
0.95977783203125 0.02288818359375
0.96282958984375 0.02288818359375
0.9674072265625 0.0213623046875
0.9735107421875 0.0213623046875
0.9552001953125 0.0030517578125
0.9613037109375 0.0030517578125
0.96588134765625 0.00762939453125
0.96893310546875 0.00762939453125
0.97198486328125 0.00762939453125
0.97503662109375 0.00762939453125
0.9674072265625 0.0030517578125
0.9735107421875 0.0030517578125
1.0009765625 0.1708984375
1.0498046875 0.1708984375
1.0009765625 0.1220703125
1.0498046875 0.1220703125
1.0986328125 0.1708984375
1.1474609375 0.1708984375
1.0986328125 0.1220703125
1.1474609375 0.1220703125
0.98876953125 0.08544921875
1.01318359375 0.08544921875
0.98876953125 0.06103515625
1.01318359375 0.06103515625
1.03759765625 0.08544921875
1.06201171875 0.08544921875
1.03759765625 0.06103515625
1.06201171875 0.06103515625
0.982666015625 0.042724609375
0.994873046875 0.042724609375
0.982666015625 0.030517578125
0.994873046875 0.030517578125
1.007080078125 0.042724609375
1.019287109375 0.042724609375
1.007080078125 0.030517578125
1.019287109375 0.030517578125
0.9796142578125 0.0213623046875
0.9857177734375 0.0213623046875
0.97808837890625 0.01678466796875
0.98114013671875 0.01678466796875
0.9918212890625 0.0213623046875
0.9979248046875 0.0213623046875
0.9918212890625 0.0152587890625
0.9979248046875 0.0152587890625
0.97808837890625 0.00762939453125
0.98114013671875 0.00762939453125
0.9796142578125 0.0030517578125
0.9857177734375 0.0030517578125
0.99639892578125 0.01068115234375
0.99945068359375 0.01068115234375
0.997161865234375 0.008392333984375
0.9967803955078125 0.0064849853515625
0.998687744140625 0.008392333984375
1.000213623046875 0.008392333984375
0.998687744140625 0.006866455078125
1.000213623046875 0.006866455078125
0.99029541015625 0.00457763671875
0.99334716796875 0.00457763671875
0.99029541015625 0.00152587890625
0.99334716796875 0.00152587890625
0.995635986328125 0.005340576171875
0.997161865234375 0.005340576171875
0.995635986328125 0.003814697265625
0.997161865234375 0.003814697265625
0.998687744140625 0.005340576171875
0.998687744140625 0.003814697265625
1.000213623046875 0.003814697265625
0.99639892578125 0.00152587890625
0.99945068359375 0.00152587890625
1.0040283203125 0.0213623046875
1.0101318359375 0.0213623046875
1.0040283203125 0.0152587890625
1.0101318359375 0.0152587890625
1.019287109375 0.018310546875
1.00250244140625 0.01068115234375
1.00555419921875 0.01068115234375
1.00250244140625 0.00762939453125
1.00555419921875 0.00762939453125
1.0101318359375 0.0091552734375
1.00250244140625 0.00457763671875
1.00555419921875 0.00457763671875
1.00250244140625 0.00152587890625
1.00555419921875 0.00152587890625
1.0101318359375 0.0030517578125
1.019287109375 0.006103515625
1.03759765625 0.03662109375
1.06201171875 0.03662109375
1.031494140625 0.018310546875
1.043701171875 0.018310546875
1.031494140625 0.006103515625
1.043701171875 0.006103515625
1.055908203125 0.018310546875
1.068115234375 0.018310546875
1.055908203125 0.006103515625
1.068115234375 0.006103515625
1.0986328125 0.0732421875
1.1474609375 0.0732421875
1.08642578125 0.03662109375
1.11083984375 0.03662109375
1.08642578125 0.01220703125
1.11083984375 0.01220703125
1.1474609375 0.0244140625
1.220703125 0.341796875
1.318359375 0.341796875
1.220703125 0.244140625
1.318359375 0.244140625
1.46484375 0.29296875
1.220703125 0.146484375
1.318359375 0.146484375
1.1962890625 0.0732421875
1.2451171875 0.0732421875
1.1962890625 0.0244140625
1.2451171875 0.0244140625
1.318359375 0.048828125
1.416015625 0.146484375
1.513671875 0.146484375
1.416015625 0.048828125
1.513671875 0.048828125
1.7578125 1.3671875
2.1484375 1.3671875
1.7578125 0.9765625
2.1484375 0.9765625
2.734375 1.171875
1.7578125 0.5859375
2.1484375 0.5859375
1.66015625 0.29296875
1.85546875 0.29296875
1.66015625 0.09765625
1.85546875 0.09765625
2.1484375 0.1953125
2.734375 0.390625
3.90625 2.34375
5.46875 2.34375
3.90625 0.78125
5.46875 0.78125
7.8125 4.6875
10.9375 4.6875
7.8125 1.5625
10.9375 1.5625
15.625 9.375
21.875 9.375
15.625 3.125
21.875 3.125
-18.75 -6.25
-9.375 -3.125
-4.6875 -1.5625
-2.34375 -0.78125
-1.171875 -0.390625
-0.5859375 -0.1953125
-0.29296875 -0.09765625
-0.146484375 -0.048828125
-0.0732421875 -0.0244140625
-0.03662109375 -0.01220703125
-0.018310546875 -0.006103515625
-0.0091552734375 -0.0030517578125
-0.00457763671875 -0.00152587890625
-0.002288818359375 -0.000762939453125
-0.000762939453125 -0.000762939453125
-0.002288818359375 -0.002288818359375
-0.000762939453125 -0.002288818359375
-0.00457763671875 -0.00457763671875
-0.002288818359375 -0.003814697265625
-0.000762939453125 -0.003814697265625
-0.002288818359375 -0.005340576171875
-0.000762939453125 -0.005340576171875
-0.0091552734375 -0.0091552734375
-0.00457763671875 -0.00762939453125
-0.002288818359375 -0.006866455078125
-0.000762939453125 -0.006866455078125
-0.002288818359375 -0.008392333984375
-0.000762939453125 -0.008392333984375
-0.00457763671875 -0.01068115234375
-0.00152587890625 -0.01068115234375
-0.018310546875 -0.018310546875
-0.0091552734375 -0.0152587890625
-0.00457763671875 -0.01373291015625
-0.00152587890625 -0.01373291015625
-0.00457763671875 -0.01678466796875
-0.00152587890625 -0.01678466796875
-0.0091552734375 -0.0213623046875
-0.0030517578125 -0.0213623046875
-0.03662109375 -0.03662109375
-0.018310546875 -0.030517578125
-0.0091552734375 -0.0274658203125
-0.0030517578125 -0.0274658203125
-0.0091552734375 -0.0335693359375
-0.0030517578125 -0.0335693359375
-0.018310546875 -0.042724609375
-0.006103515625 -0.042724609375
-0.0732421875 -0.0732421875
-0.03662109375 -0.06103515625
-0.01220703125 -0.06103515625
-0.03662109375 -0.08544921875
-0.01220703125 -0.08544921875
-0.146484375 -0.146484375
-0.0732421875 -0.1220703125
-0.0244140625 -0.1220703125
-0.0732421875 -0.1708984375
-0.0244140625 -0.1708984375
-0.29296875 -0.29296875
-0.146484375 -0.244140625
-0.048828125 -0.244140625
-0.146484375 -0.341796875
-0.048828125 -0.341796875
-0.5859375 -0.5859375
-0.29296875 -0.48828125
-0.09765625 -0.48828125
-0.29296875 -0.68359375
-0.09765625 -0.68359375
-1.171875 -1.171875
-0.5859375 -0.9765625
-0.1953125 -0.9765625
-0.5859375 -1.3671875
-0.1953125 -1.3671875
-2.34375 -2.34375
-1.171875 -1.953125
-0.390625 -1.953125
-1.171875 -2.734375
-0.390625 -2.734375
-4.6875 -4.6875
-2.34375 -3.90625
-0.78125 -3.90625
-2.34375 -5.46875
-0.78125 -5.46875
-9.375 -9.375
-4.6875 -7.8125
-1.5625 -7.8125
-4.6875 -10.9375
-1.5625 -10.9375
-18.75 -18.75
-9.375 -15.625
-3.125 -15.625
-9.375 -21.875
-3.125 -21.875
0.0003814697265625 -0.0049591064453125
0.0003814697265625 -0.0057220458984375
0.000762939453125 -0.008392333984375
0.000762939453125 -0.009918212890625
0.000762939453125 -0.011444091796875
0.002288818359375 -0.011444091796875
0.0034332275390625 -0.0118255615234375
0.000762939453125 -0.012969970703125
0.002288818359375 -0.012969970703125
0.000762939453125 -0.014495849609375
0.002288818359375 -0.014495849609375
0.003814697265625 -0.012969970703125
0.003814697265625 -0.014495849609375
0.00152587890625 -0.01678466796875
0.00457763671875 -0.01678466796875
0.006866455078125 -0.017547607421875
0.0080108642578125 -0.0179290771484375
0.00152587890625 -0.01983642578125
0.00457763671875 -0.01983642578125
0.00152587890625 -0.02288818359375
0.00457763671875 -0.02288818359375
0.006866455078125 -0.019073486328125
0.008392333984375 -0.019073486328125
0.006866455078125 -0.020599365234375
0.008392333984375 -0.020599365234375
0.009918212890625 -0.020599365234375
0.00762939453125 -0.02288818359375
0.01068115234375 -0.02288818359375
0.012969970703125 -0.023651123046875
0.0030517578125 -0.0274658203125
0.00762939453125 -0.02593994140625
0.01068115234375 -0.02593994140625
0.00762939453125 -0.02899169921875
0.01068115234375 -0.02899169921875
0.0030517578125 -0.0335693359375
0.0091552734375 -0.0335693359375
0.01373291015625 -0.02593994140625
0.01373291015625 -0.02899169921875
0.01678466796875 -0.02899169921875
0.0152587890625 -0.0335693359375
0.0213623046875 -0.0335693359375
0.006103515625 -0.042724609375
0.0152587890625 -0.0396728515625
0.0213623046875 -0.0396728515625
0.0152587890625 -0.0457763671875
0.0213623046875 -0.0457763671875
0.02593994140625 -0.03509521484375
0.02899169921875 -0.03509521484375
0.0274658203125 -0.0396728515625
0.0335693359375 -0.0396728515625
0.0274658203125 -0.0457763671875
0.0335693359375 -0.0457763671875
0.0396728515625 -0.0457763671875
0.0457763671875 -0.0457763671875
0.006103515625 -0.054931640625
0.018310546875 -0.054931640625
0.006103515625 -0.067138671875
0.018310546875 -0.067138671875
0.030517578125 -0.054931640625
0.042724609375 -0.054931640625
0.030517578125 -0.067138671875
0.042724609375 -0.067138671875
0.01220703125 -0.08544921875
0.03662109375 -0.08544921875
0.054931640625 -0.054931640625
0.067138671875 -0.054931640625
0.054931640625 -0.067138671875
0.067138671875 -0.067138671875
0.079345703125 -0.067138671875
0.091552734375 -0.067138671875
0.06103515625 -0.08544921875
0.08544921875 -0.08544921875
0.10986328125 -0.08544921875
0.13427734375 -0.08544921875
0.15869140625 -0.08544921875
0.18310546875 -0.08544921875
0.0244140625 -0.1220703125
0.0732421875 -0.1220703125
0.0244140625 -0.1708984375
0.0732421875 -0.1708984375
0.1220703125 -0.1220703125
0.1708984375 -0.1220703125
0.1220703125 -0.1708984375
0.1708984375 -0.1708984375
0.20751953125 -0.08544921875
0.23193359375 -0.08544921875
0.32958984375 -0.08544921875
0.37841796875 -0.08544921875
0.2197265625 -0.1220703125
0.2685546875 -0.1220703125
0.2197265625 -0.1708984375
0.2685546875 -0.1708984375
0.3173828125 -0.1220703125
0.3662109375 -0.1220703125
0.3173828125 -0.1708984375
0.3662109375 -0.1708984375
0.048828125 -0.244140625
0.146484375 -0.244140625
0.048828125 -0.341796875
0.146484375 -0.341796875
0.244140625 -0.244140625
0.341796875 -0.244140625
0.244140625 -0.341796875
0.341796875 -0.341796875
0.40283203125 -0.08544921875
0.42724609375 -0.08544921875
0.45166015625 -0.08544921875
0.47607421875 -0.08544921875
0.4150390625 -0.1220703125
0.4638671875 -0.1220703125
0.4150390625 -0.1708984375
0.4638671875 -0.1708984375
0.5126953125 -0.1220703125
0.5615234375 -0.1220703125
0.5126953125 -0.1708984375
0.5615234375 -0.1708984375
0.59814453125 -0.08544921875
0.62255859375 -0.08544921875
0.64697265625 -0.06103515625
0.67138671875 -0.06103515625
0.64697265625 -0.08544921875
0.67138671875 -0.08544921875
0.714111328125 -0.042724609375
0.726318359375 -0.042724609375
0.738525390625 -0.042724609375
0.750732421875 -0.042724609375
0.7720947265625 -0.0335693359375
0.7781982421875 -0.0335693359375
0.762939453125 -0.042724609375
0.775146484375 -0.042724609375
0.69580078125 -0.06103515625
0.72021484375 -0.06103515625
0.69580078125 -0.08544921875
0.72021484375 -0.08544921875
0.74462890625 -0.06103515625
0.76904296875 -0.06103515625
0.74462890625 -0.08544921875
0.76904296875 -0.08544921875
0.6103515625 -0.1220703125
0.6591796875 -0.1220703125
0.6103515625 -0.1708984375
0.6591796875 -0.1708984375
0.7080078125 -0.1220703125
0.7568359375 -0.1220703125
0.7080078125 -0.1708984375
0.7568359375 -0.1708984375
0.439453125 -0.244140625
0.537109375 -0.244140625
0.439453125 -0.341796875
0.537109375 -0.341796875
0.634765625 -0.244140625
0.732421875 -0.244140625
0.634765625 -0.341796875
0.732421875 -0.341796875
0.09765625 -0.48828125
0.29296875 -0.48828125
0.09765625 -0.68359375
0.29296875 -0.68359375
0.48828125 -0.48828125
0.68359375 -0.48828125
0.48828125 -0.68359375
0.68359375 -0.68359375
0.8087158203125 -0.0213623046875
0.8209228515625 -0.0213623046875
0.8270263671875 -0.0213623046875
0.787353515625 -0.030517578125
0.799560546875 -0.030517578125
0.787353515625 -0.042724609375
0.799560546875 -0.042724609375
0.811767578125 -0.030517578125
0.823974609375 -0.030517578125
0.811767578125 -0.042724609375
0.823974609375 -0.042724609375
0.8331298828125 -0.0213623046875
0.8392333984375 -0.0213623046875
0.848388671875 -0.018310546875
0.8758544921875 -0.0091552734375
0.860595703125 -0.018310546875
0.872802734375 -0.018310546875
0.836181640625 -0.030517578125
0.848388671875 -0.030517578125
0.836181640625 -0.042724609375
0.848388671875 -0.042724609375
0.86669921875 -0.03662109375
0.79345703125 -0.06103515625
0.81787109375 -0.06103515625
0.79345703125 -0.08544921875
0.81787109375 -0.08544921875
0.84228515625 -0.06103515625
0.86669921875 -0.06103515625
0.84228515625 -0.08544921875
0.86669921875 -0.08544921875
0.8819580078125 -0.0091552734375
0.8880615234375 -0.0091552734375
0.89874267578125 -0.00457763671875
0.90179443359375 -0.00457763671875
0.8941650390625 -0.0091552734375
0.9002685546875 -0.0091552734375
0.885009765625 -0.018310546875
0.897216796875 -0.018310546875
0.9063720703125 -0.0030517578125
0.9124755859375 -0.0030517578125
0.9063720703125 -0.0091552734375
0.9124755859375 -0.0091552734375
0.9185791015625 -0.0030517578125
0.9246826171875 -0.0030517578125
0.9185791015625 -0.0091552734375
0.9246826171875 -0.0091552734375
0.909423828125 -0.018310546875
0.921630859375 -0.018310546875
0.89111328125 -0.03662109375
0.91552734375 -0.03662109375
0.9307861328125 -0.0030517578125
0.9368896484375 -0.0030517578125
0.9307861328125 -0.0091552734375
0.9368896484375 -0.0091552734375
0.946044921875 -0.006103515625
0.933837890625 -0.018310546875
0.946044921875 -0.018310546875
0.958251953125 -0.006103515625
0.970458984375 -0.006103515625
0.958251953125 -0.018310546875
0.970458984375 -0.018310546875
0.93994140625 -0.03662109375
0.958251953125 -0.030517578125
0.970458984375 -0.030517578125
0.958251953125 -0.042724609375
0.970458984375 -0.042724609375
0.89111328125 -0.06103515625
0.91552734375 -0.06103515625
0.89111328125 -0.08544921875
0.91552734375 -0.08544921875
0.93994140625 -0.06103515625
0.96435546875 -0.06103515625
0.93994140625 -0.08544921875
0.96435546875 -0.08544921875
0.8056640625 -0.1220703125
0.8544921875 -0.1220703125
0.8056640625 -0.1708984375
0.8544921875 -0.1708984375
0.9033203125 -0.1220703125
0.9521484375 -0.1220703125
0.9033203125 -0.1708984375
0.9521484375 -0.1708984375
0.9796142578125 -0.0030517578125
0.9857177734375 -0.0030517578125
0.9796142578125 -0.0091552734375
0.98419189453125 -0.00762939453125
0.98724365234375 -0.00762939453125
0.98419189453125 -0.01068115234375
0.98724365234375 -0.01068115234375
0.9918212890625 -0.0030517578125
0.9979248046875 -0.0030517578125
0.99029541015625 -0.00762939453125
0.99334716796875 -0.00762939453125
0.99029541015625 -0.01068115234375
0.99334716796875 -0.01068115234375
0.99639892578125 -0.00762939453125
0.99945068359375 -0.00762939453125
0.99639892578125 -0.01068115234375
0.99945068359375 -0.01068115234375
0.9796142578125 -0.0152587890625
0.98419189453125 -0.01373291015625
0.98724365234375 -0.01373291015625
0.98419189453125 -0.01678466796875
0.986480712890625 -0.016021728515625
0.988006591796875 -0.016021728515625
0.986480712890625 -0.017547607421875
0.988006591796875 -0.017547607421875
0.9796142578125 -0.0213623046875
0.98419189453125 -0.01983642578125
0.986480712890625 -0.019073486328125
0.988006591796875 -0.019073486328125
0.986480712890625 -0.020599365234375
0.988006591796875 -0.020599365234375
0.98419189453125 -0.02288818359375
0.98724365234375 -0.02288818359375
0.989532470703125 -0.012969970703125
0.991058349609375 -0.012969970703125
0.989532470703125 -0.014495849609375
0.991058349609375 -0.014495849609375
0.992584228515625 -0.012969970703125
0.994110107421875 -0.012969970703125
0.992584228515625 -0.014495849609375
0.994110107421875 -0.014495849609375
0.989532470703125 -0.016021728515625
0.9906768798828125 -0.0156402587890625
0.9914398193359375 -0.0156402587890625
0.9891510009765625 -0.0171661376953125
0.9899139404296875 -0.0171661376953125
0.9891510009765625 -0.0179290771484375
0.9899139404296875 -0.0179290771484375
0.9922027587890625 -0.0156402587890625
0.995635986328125 -0.012969970703125
0.997161865234375 -0.012969970703125
0.995635986328125 -0.014495849609375
0.997161865234375 -0.014495849609375
0.998687744140625 -0.012969970703125
1.000213623046875 -0.012969970703125
0.998687744140625 -0.014495849609375
1.000213623046875 -0.014495849609375
0.9891510009765625 -0.0186920166015625
0.9899139404296875 -0.0186920166015625
0.9891510009765625 -0.0194549560546875
0.9899139404296875 -0.0194549560546875
0.99048614501953125 -0.01850128173828125
0.99048614501953125 -0.01888275146484375
0.9906768798828125 -0.0194549560546875
0.989532470703125 -0.020599365234375
0.991058349609375 -0.020599365234375
0.99029541015625 -0.02288818359375
1.0040283203125 -0.0030517578125
1.0101318359375 -0.0030517578125
1.00250244140625 -0.00762939453125
1.00555419921875 -0.00762939453125
1.00250244140625 -0.01068115234375
1.00555419921875 -0.01068115234375
1.0101318359375 -0.0091552734375
1.0162353515625 -0.0030517578125
1.0223388671875 -0.0030517578125
1.0162353515625 -0.0091552734375
1.0223388671875 -0.0091552734375
1.001739501953125 -0.012969970703125
1.003265380859375 -0.012969970703125
1.001739501953125 -0.014495849609375
1.003265380859375 -0.014495849609375
1.00555419921875 -0.01373291015625
1.00860595703125 -0.01373291015625
1.01165771484375 -0.01373291015625
1.01470947265625 -0.01373291015625
1.01776123046875 -0.01373291015625
1.02081298828125 -0.01373291015625
1.02386474609375 -0.01373291015625
0.9796142578125 -0.0274658203125
0.9857177734375 -0.0274658203125
0.9796142578125 -0.0335693359375
0.9857177734375 -0.0335693359375
0.9918212890625 -0.0274658203125
0.9918212890625 -0.0335693359375
0.9979248046875 -0.0335693359375
0.982666015625 -0.042724609375
0.994873046875 -0.042724609375
1.0101318359375 -0.0335693359375
1.007080078125 -0.042724609375
1.0284423828125 -0.0030517578125
1.0345458984375 -0.0030517578125
1.0284423828125 -0.0091552734375
1.0345458984375 -0.0091552734375
1.0406494140625 -0.0030517578125
1.0467529296875 -0.0030517578125
1.0406494140625 -0.0091552734375
1.0467529296875 -0.0091552734375
1.02691650390625 -0.01373291015625
1.02996826171875 -0.01373291015625
1.03302001953125 -0.01373291015625
1.03607177734375 -0.01373291015625
1.055908203125 -0.006103515625
1.068115234375 -0.006103515625
0.98876953125 -0.06103515625
1.01318359375 -0.06103515625
0.98876953125 -0.08544921875
1.01318359375 -0.08544921875
1.03759765625 -0.06103515625
1.055908203125 -0.067138671875
1.068115234375 -0.067138671875
1.03759765625 -0.08544921875
1.06201171875 -0.08544921875
1.080322265625 -0.006103515625
1.092529296875 -0.006103515625
1.11083984375 -0.01220703125
1.13525390625 -0.01220703125
1.15966796875 -0.01220703125
1.141357421875 -0.030517578125
1.15966796875 -0.03662109375
1.08642578125 -0.08544921875
1.104736328125 -0.091552734375
1.116943359375 -0.091552734375
1.0009765625 -0.1220703125
1.0498046875 -0.1220703125
1.0009765625 -0.1708984375
1.0498046875 -0.1708984375
1.08642578125 -0.10986328125
1.11083984375 -0.10986328125
1.08642578125 -0.13427734375
1.11083984375 -0.13427734375
1.13525390625 -0.10986328125
1.13525390625 -0.13427734375
1.15966796875 -0.13427734375
1.0986328125 -0.1708984375
1.1474609375 -0.1708984375
0.830078125 -0.244140625
0.927734375 -0.244140625
0.830078125 -0.341796875
0.927734375 -0.341796875
1.025390625 -0.244140625
1.0986328125 -0.2197265625
1.1474609375 -0.2197265625
1.0986328125 -0.2685546875
1.1474609375 -0.2685546875
1.025390625 -0.341796875
1.123046875 -0.341796875
1.1962890625 -0.0244140625
1.2451171875 -0.0244140625
1.20849609375 -0.06103515625
1.214599609375 -0.079345703125
1.23291015625 -0.06103515625
1.25732421875 -0.06103515625
1.23291015625 -0.08544921875
1.25732421875 -0.08544921875
1.2939453125 -0.0244140625
1.3427734375 -0.0244140625
1.2939453125 -0.0732421875
1.3427734375 -0.0732421875
1.18408203125 -0.13427734375
1.18408203125 -0.15869140625
1.20849609375 -0.15869140625
1.18408203125 -0.18310546875
1.20849609375 -0.18310546875
1.226806640625 -0.152587890625
1.226806640625 -0.164794921875
1.239013671875 -0.164794921875
1.2481689453125 -0.1556396484375
1.251220703125 -0.164794921875
1.2603759765625 -0.1678466796875
1.2664794921875 -0.1678466796875
1.23291015625 -0.18310546875
1.251220703125 -0.177001953125
1.263427734375 -0.177001953125
1.251220703125 -0.189208984375
1.263427734375 -0.189208984375
1.28173828125 -0.10986328125
1.30615234375 -0.10986328125
1.275634765625 -0.128173828125
1.287841796875 -0.128173828125
1.2786865234375 -0.1373291015625
1.2786865234375 -0.1434326171875
1.2847900390625 -0.1373291015625
1.2908935546875 -0.1373291015625
1.2847900390625 -0.1434326171875
1.2908935546875 -0.1434326171875
1.300048828125 -0.128173828125
1.312255859375 -0.128173828125
1.300048828125 -0.140380859375
1.312255859375 -0.140380859375
1.33056640625 -0.10986328125
1.35498046875 -0.10986328125
1.33056640625 -0.13427734375
1.35498046875 -0.13427734375
1.28021240234375 -0.14801025390625
1.2847900390625 -0.1495361328125
1.2908935546875 -0.1495361328125
1.28631591796875 -0.15411376953125
1.28631591796875 -0.15716552734375
1.2908935546875 -0.1556396484375
1.2908935546875 -0.1617431640625
1.29241943359375 -0.16632080078125
1.300048828125 -0.152587890625
1.312255859375 -0.152587890625
1.2969970703125 -0.1617431640625
1.3031005859375 -0.1617431640625
1.2969970703125 -0.1678466796875
1.3031005859375 -0.1678466796875
1.312255859375 -0.164794921875
1.2725830078125 -0.1739501953125
1.2725830078125 -0.1800537109375
1.2786865234375 -0.1800537109375
1.275634765625 -0.189208984375
1.2847900390625 -0.1861572265625
1.2847900390625 -0.1922607421875
1.2908935546875 -0.1922607421875
1.3031005859375 -0.1739501953125
1.3031005859375 -0.1800537109375
1.3092041015625 -0.1739501953125
1.3153076171875 -0.1739501953125
1.3092041015625 -0.1800537109375
1.3153076171875 -0.1800537109375
1.29547119140625 -0.18768310546875
1.30462646484375 -0.18463134765625
1.29547119140625 -0.19073486328125
1.29852294921875 -0.19073486328125
1.29547119140625 -0.19378662109375
1.29852294921875 -0.19378662109375
1.300811767578125 -0.191497802734375
1.30157470703125 -0.19378662109375
1.3092041015625 -0.1861572265625
1.3153076171875 -0.1861572265625
1.31072998046875 -0.19073486328125
1.31072998046875 -0.19378662109375
1.3153076171875 -0.1922607421875
1.324462890625 -0.152587890625
1.336669921875 -0.152587890625
1.324462890625 -0.164794921875
1.336669921875 -0.164794921875
1.35498046875 -0.15869140625
1.324462890625 -0.177001953125
1.336669921875 -0.177001953125
1.3214111328125 -0.1861572265625
1.3275146484375 -0.1861572265625
1.3214111328125 -0.1922607421875
1.3275146484375 -0.1922607421875
1.336669921875 -0.189208984375
1.35498046875 -0.18310546875
1.3916015625 -0.0244140625
1.4404296875 -0.0244140625
1.3916015625 -0.0732421875
1.4404296875 -0.0732421875
1.513671875 -0.048828125
1.3916015625 -0.1220703125
1.4404296875 -0.1220703125
1.3916015625 -0.1708984375
1.4404296875 -0.1708984375
1.513671875 -0.146484375
1.1962890625 -0.2197265625
1.23291015625 -0.20751953125
1.25732421875 -0.20751953125
1.23291015625 -0.23193359375
1.25732421875 -0.23193359375
1.1962890625 -0.2685546875
1.23291015625 -0.25634765625
1.25732421875 -0.25634765625
1.23291015625 -0.28076171875
1.25732421875 -0.28076171875
1.275634765625 -0.201416015625
1.2847900390625 -0.1983642578125
1.2908935546875 -0.1983642578125
1.2847900390625 -0.2044677734375
1.2908935546875 -0.2044677734375
1.275634765625 -0.213623046875
1.287841796875 -0.213623046875
1.2969970703125 -0.1983642578125
1.30157470703125 -0.19683837890625
1.30462646484375 -0.19683837890625
1.30157470703125 -0.19989013671875
1.30462646484375 -0.19989013671875
1.2969970703125 -0.2044677734375
1.3031005859375 -0.2044677734375
1.306915283203125 -0.197601318359375
1.30767822265625 -0.19989013671875
1.31378173828125 -0.19683837890625
1.31683349609375 -0.19683837890625
1.31378173828125 -0.19989013671875
1.31683349609375 -0.19989013671875
1.30767822265625 -0.20294189453125
1.30767822265625 -0.20599365234375
1.31072998046875 -0.20599365234375
1.314544677734375 -0.202178955078125
1.313018798828125 -0.203704833984375
1.31683349609375 -0.20294189453125
1.31378173828125 -0.20599365234375
1.31683349609375 -0.20599365234375
1.2969970703125 -0.2105712890625
1.3031005859375 -0.2105712890625
1.2969970703125 -0.2166748046875
1.3031005859375 -0.2166748046875
1.3092041015625 -0.2105712890625
1.3153076171875 -0.2105712890625
1.3092041015625 -0.2166748046875
1.3153076171875 -0.2166748046875
1.275634765625 -0.225830078125
1.287841796875 -0.225830078125
1.275634765625 -0.238037109375
1.287841796875 -0.238037109375
1.300048828125 -0.225830078125
1.312255859375 -0.225830078125
1.300048828125 -0.238037109375
1.312255859375 -0.238037109375
1.3214111328125 -0.1983642578125
1.3275146484375 -0.1983642578125
1.3214111328125 -0.2044677734375
1.3275146484375 -0.2044677734375
1.336669921875 -0.201416015625
1.3214111328125 -0.2105712890625
1.3275146484375 -0.2105712890625
1.3214111328125 -0.2166748046875
1.3275146484375 -0.2166748046875
1.336669921875 -0.213623046875
1.35498046875 -0.20751953125
1.324462890625 -0.225830078125
1.336669921875 -0.225830078125
1.324462890625 -0.238037109375
1.336669921875 -0.238037109375
1.35498046875 -0.23193359375
1.28173828125 -0.25634765625
1.30615234375 -0.25634765625
1.28173828125 -0.28076171875
1.30615234375 -0.28076171875
1.33056640625 -0.25634765625
1.35498046875 -0.25634765625
1.33056640625 -0.28076171875
1.35498046875 -0.28076171875
1.1962890625 -0.3173828125
1.2451171875 -0.3173828125
1.1962890625 -0.3662109375
1.2451171875 -0.3662109375
1.2939453125 -0.3173828125
1.3427734375 -0.3173828125
1.2939453125 -0.3662109375
1.3427734375 -0.3662109375
1.3916015625 -0.2197265625
1.4404296875 -0.2197265625
1.3916015625 -0.2685546875
1.4404296875 -0.2685546875
1.513671875 -0.244140625
1.3916015625 -0.3173828125
1.4404296875 -0.3173828125
1.3916015625 -0.3662109375
1.4404296875 -0.3662109375
1.513671875 -0.341796875
0.87890625 -0.48828125
1.025390625 -0.439453125
1.123046875 -0.439453125
1.025390625 -0.537109375
1.123046875 -0.537109375
0.87890625 -0.68359375
1.07421875 -0.68359375
1.220703125 -0.439453125
1.318359375 -0.439453125
1.220703125 -0.537109375
1.318359375 -0.537109375
1.416015625 -0.439453125
1.513671875 -0.439453125
1.416015625 -0.537109375
1.513671875 -0.537109375
1.26953125 -0.68359375
1.46484375 -0.68359375
0.1953125 -0.9765625
0.5859375 -0.9765625
0.1953125 -1.3671875
0.5859375 -1.3671875
0.9765625 -0.9765625
1.3671875 -0.9765625
0.9765625 -1.3671875
1.3671875 -1.3671875
1.66015625 -0.09765625
1.85546875 -0.09765625
1.66015625 -0.29296875
1.85546875 -0.29296875
2.1484375 -0.1953125
1.66015625 -0.48828125
1.85546875 -0.48828125
1.66015625 -0.68359375
1.85546875 -0.68359375
2.1484375 -0.5859375
2.734375 -0.390625
1.7578125 -0.9765625
2.1484375 -0.9765625
1.7578125 -1.3671875
2.1484375 -1.3671875
2.734375 -1.171875
0.390625 -1.953125
1.171875 -1.953125
0.390625 -2.734375
1.171875 -2.734375
1.953125 -1.953125
2.734375 -1.953125
1.953125 -2.734375
2.734375 -2.734375
3.90625 -0.78125
5.46875 -0.78125
3.90625 -2.34375
5.46875 -2.34375
0.78125 -3.90625
2.34375 -3.90625
0.78125 -5.46875
2.34375 -5.46875
3.90625 -3.90625
5.46875 -3.90625
3.90625 -5.46875
5.46875 -5.46875
7.8125 -1.5625
10.9375 -1.5625
7.8125 -4.6875
10.9375 -4.6875
1.5625 -7.8125
4.6875 -7.8125
1.5625 -10.9375
4.6875 -10.9375
7.8125 -7.8125
10.9375 -7.8125
7.8125 -10.9375
10.9375 -10.9375
15.625 -3.125
21.875 -3.125
15.625 -9.375
21.875 -9.375
3.125 -15.625
9.375 -15.625
3.125 -21.875
9.375 -21.875
15.625 -15.625
21.875 -15.625
15.625 -21.875
21.875 -21.875
