3422	
3478	
3491	
3501	
3522	
3547	
5039	
5529	
5530	
5535	
5536	
5539	
5566	
5567	
5568	
5569	
5570	
5571	
5572	
5573	
5574	
5575	
5576	
5577	
5578	
5579	
5580	
5583	
5584	
5587	
5588	
5589	
5934	
5943	
5944	
5962	
5964	
5965	
5968	
5969	
5970	
5987	
5988	
5993	
5994	
6012	
6013	
6014	
6015	
6016	
6017	
6018	
6019	
6020	
6021	
6022	
6023	
6090	
6091	
6102	
6103	
6105	
6106	
6107	
6108	
6114	
6115	
6126	
10315	
10317	
10319	
10332	
10363	
10409	
10562	
10667	
11871	
12020	
12021	
12087	
12088	
12089	
12090	
12091	
12092	
12093	
12094	
12095	
12096	
12107	
12108	
12109	
12110	
12111	
12112	
12113	
12114	
12115	
12116	
12117	
12118	
12119	
12120	
12121	
12122	
12123	
12124	
12125	
12126	
12128	
