	5	
1	-1.5,1.5	-0.5,1.5	-0.75,0.75	-1.5,0.5	-0.75,0.25		4	
2	-0.5,1.5	0.5,1.5	0.25,0.75	-1.5,1.5	-1.5,0.5	-0.75,0.75	-1.5,0.5	-0.25,0.75		7	
3	-1.5,0.5	-0.75,0.75	-0.5,1.5	-0.75,0.25	-0.75,-0.25	-1.5,1.5	-0.5,1.5	-1.5,-0.5	-0.75,-0.75		8	
4	-0.75,0.75	-0.25,0.75	-0.5,1.5	-0.375,0.375	-1.5,0.5	-1.5,1.5	-1.5,-0.5	-0.5,1.5	0.5,1.5	-1.5,1.5	-0.75,0.25	-0.375,0.125	-1.5,0.5		12	
5	-0.25,0.75	0.25,0.75	0.5,1.5	0.125,0.375	-0.75,0.75	-0.5,1.5	-0.75,0.25	-0.5,1.5	0.5,1.5	-1.5,1.5	-0.375,0.375	-0.75,0.25	-0.125,0.375		12	
6	-0.75,0.25	-0.375,0.375	-0.25,0.75	-0.375,0.125	-0.375,-0.125	-1.5,0.5	-1.5,1.5	-1.5,-0.5	-0.75,0.75	-0.25,0.75	-1.5,0.5	-0.75,-0.25	-0.375,-0.375	-1.5,-0.5		13	
7	-0.375,0.375	-0.125,0.375	-0.25,0.75	-0.125,0.125	-0.75,0.25	-0.75,0.75	-0.75,-0.25	-0.25,0.75	0.25,0.75	-0.75,0.75	-0.375,0.125	-0.125,0.125	-0.75,0.25		12	
8	-0.125,0.375	0.125,0.375	0.25,0.75	0.0625,0.1875	-0.375,0.375	-0.25,0.75	-0.375,0.125	-0.25,0.75	0.25,0.75	-0.75,0.75	-0.125,0.125	0.020253513000000001,0.023622473000000001	-0.375,0.125		12	
9	-0.375,0.125	-0.125,0.125	-0.125,0.375	-0.125,-0.125	-0.75,0.25	-0.75,0.75	-0.75,-0.25	-0.375,0.375	-0.125,0.375	-0.75,0.25	-0.375,-0.125	-0.125,-0.125	-0.75,-0.25		12	
10	-0.125,0.125	0.0625,0.1875	0.125,0.375	0.020253513000000001,0.023622473000000001	0.020253513000000001,-0.023622473000000001	-0.375,0.125	-0.375,0.375	-0.375,-0.125	-0.125,0.375	0.125,0.375	-0.375,0.375	-0.125,-0.125	0.0625,-0.1875	-0.375,-0.125		13	
11	0.5,1.5	1.5,1.5	1.25,0.75	-0.5,1.5	-0.25,0.75	0.25,0.75	0.75,0.75		6	
12	1.5,1.5	0.5,1.5	0.75,0.75	1.25,0.75	1.75,0.75		4	
13	0.25,0.75	0.75,0.75	0.5,1.5	0.625,0.375	-0.25,0.75	-0.5,1.5	-0.125,0.375	0.5,1.5	1.5,1.5	-0.5,1.5	0.125,0.375	-0.125,0.125	0.375,0.375	0.70770750999999998,0.034948589000000002		13	
14	0.75,0.75	1.25,0.75	1.5,1.5	1.125,0.375	0.25,0.75	0.5,1.5	0.375,0.375	0.5,1.5	1.5,1.5	-0.5,1.5	0.625,0.375	0.42884257999999997,0.056154724000000003	0.875,0.375		12	
15	0.125,0.375	0.375,0.375	0.25,0.75	0.42884257999999997,0.056154724000000003	-0.125,0.375	-0.25,0.75	-0.125,0.125	0.25,0.75	0.75,0.75	-0.25,0.75	0.0625,0.1875	-0.125,0.125	0.1875,0.1875	0.42884257999999997,0.056154724000000003		13	
16	0.375,0.375	0.625,0.375	0.75,0.75	0.70770750999999998,0.034948589000000002	0.125,0.375	0.25,0.75	0.1875,0.1875	0.25,0.75	0.75,0.75	-0.25,0.75	0.42884257999999997,0.056154724000000003	0.70770750999999998,0.034948589000000002	0.17256963,0.055125873999999998		12	
17	0.0625,0.1875	0.1875,0.1875	0.125,0.375	0.17256963,0.055125873999999998	-0.125,0.125	-0.125,0.375	-0.125,-0.125	0.125,0.375	0.375,0.375	-0.125,0.375	0.020253513000000001,0.023622473000000001	0.17256963,0.055125873999999998	-0.125,0.125		12	
18	0.1875,0.1875	0.42884257999999997,0.056154724000000003	0.375,0.375	0.42884257999999997,-0.056154724000000003	0.0625,0.1875	0.125,0.375	0.020253513000000001,0.023622473000000001	0.125,0.375	0.375,0.375	-0.125,0.375	0.17256963,0.055125873999999998	0.42884257999999997,0.056154724000000003	0.020253513000000001,0.023622473000000001		12	
19	0.020253513000000001,0.023622473000000001	0.17256963,0.055125873999999998	0.1875,0.1875	-0.125,0.125	-0.125,0.375	-0.125,-0.125	0.0625,0.1875	0.1875,0.1875	-0.125,0.125	0.020253513000000001,-0.023622473000000001	-0.125,-0.125		10	
20	0.17256963,0.055125873999999998	0.42884257999999997,0.056154724000000003	0.375,0.375	0.020253513000000001,0.023622473000000001	0.0625,0.1875	0.1875,0.1875	0.42884257999999997,0.056154724000000003	0.0625,0.1875	0.17256963,-0.055125873999999998		8	
21	0.42884257999999997,0.056154724000000003	0.70770750999999998,0.034948589000000002	0.625,0.375	0.70770750999999998,-0.034948589000000002	0.1875,0.1875	0.125,0.375	0.17256963,0.055125873999999998	0.17256963,-0.055125873999999998	0.375,0.375	0.625,0.375	0.125,0.375	0.42884257999999997,-0.056154724000000003	0.70770750999999998,-0.034948589000000002	0.1875,-0.1875		13	
22	0.625,0.375	0.875,0.375	0.75,0.75	0.8125,0.1875	0.375,0.375	0.25,0.75	0.42884257999999997,0.056154724000000003	0.75,0.75	1.25,0.75	0.25,0.75	0.70770750999999998,0.034948589000000002	0.8125,0.0625	0.42884257999999997,0.056154724000000003		12	
23	0.875,0.375	1.125,0.375	1.25,0.75	1.0625,0.1875	0.625,0.375	0.75,0.75	0.70770750999999998,0.034948589000000002	0.75,0.75	1.25,0.75	0.25,0.75	0.8125,0.1875	0.70770750999999998,0.034948589000000002	0.9375,0.1875	1.0249999999999999,0		13	
24	0.70770750999999998,0.034948589000000002	0.8125,0.1875	0.875,0.375	0.8125,0.0625	0.8125,-0.0625	0.42884257999999997,0.056154724000000003	0.375,0.375	0.625,0.375	0.875,0.375	0.375,0.375	0.70770750999999998,-0.034948589000000002	0.8125,-0.1875		11	
25	0.8125,0.1875	0.9375,0.1875	0.875,0.375	0.9375,0.0625	0.70770750999999998,0.034948589000000002	0.625,0.375	0.70770750999999998,-0.034948589000000002	0.875,0.375	1.125,0.375	0.625,0.375	0.8125,0.0625	0.9375,0.0625	0.70770750999999998,0.034948589000000002		12	
26	0.9375,0.1875	1.0625,0.1875	1.125,0.375	1.0249999999999999,0	0.8125,0.1875	0.875,0.375	0.8125,0.0625	0.875,0.375	1.125,0.375	0.625,0.375	0.9375,0.0625	1.0249999999999999,0	0.8125,0.0625		12	
27	0.8125,0.0625	0.9375,0.0625	0.9375,0.1875	0.92062677000000004,-0.010728153000000001	0.70770750999999998,0.034948589000000002	0.625,0.375	0.70770750999999998,-0.034948589000000002	0.8125,0.1875	0.9375,0.1875	0.70770750999999998,0.034948589000000002	0.8125,-0.0625	0.90625,-0.09375	0.70770750999999998,-0.034948589000000002		12	
28	0.9375,0.0625	1.0249999999999999,0	1.0625,0.1875	1.0625,-0.0625	0.8125,0.0625	0.8125,0.1875	0.8125,-0.0625	0.9375,0.1875	1.0625,0.1875	0.8125,0.1875	0.92062677000000004,-0.010728153000000001	0.8125,-0.0625	1,-3.878896e-16	1.0625,-0.0625		13	
29	1.25,0.75	1.75,0.75	1.5,1.5	1.75,0.25	0.75,0.75	0.5,1.5	0.875,0.375	1.5,1.5	0.5,1.5	1.125,0.375	1.375,0.375	1.75,0.25		11	
30	1.75,0.75	1.25,0.75	1.5,1.5	1.375,0.375	1.5,1.5	0.5,1.5	1.75,0.25	1.375,0.125		7	
31	1.125,0.375	1.375,0.375	1.25,0.75	1.375,0.125	0.875,0.375	0.75,0.75	0.9375,0.1875	1.25,0.75	1.75,0.75	0.75,0.75	1.0625,0.1875	0.9375,0.0625	1.1875,0.1875	1.375,0.125		13	
32	1.375,0.375	1.75,0.25	1.75,0.75	1.75,-0.25	1.125,0.375	1.25,0.75	1.1875,0.1875	1.25,0.75	1.75,0.75	0.75,0.75	1.375,0.125	1.75,0.25	1.1875,0.0625		12	
33	1.0625,0.1875	1.1875,0.1875	1.125,0.375	1.1875,0.0625	0.9375,0.1875	0.875,0.375	0.9375,0.0625	1.125,0.375	1.375,0.375	0.875,0.375	1.0249999999999999,0	1.1875,0.0625	0.9375,0.0625		12	
34	1.1875,0.1875	1.375,0.125	1.375,0.375	1.375,-0.125	1.0625,0.1875	1.125,0.375	1.0249999999999999,0	1.125,0.375	1.375,0.375	0.875,0.375	1.1875,0.0625	1.375,0.125	1.0249999999999999,0		12	
35	1.0249999999999999,0	1.1875,0.0625	1.1875,0.1875	1.1875,-0.0625	0.9375,0.0625	0.9375,0.1875	1,-3.878896e-16	1.0625,0.1875	1.1875,0.1875	0.9375,0.1875	1.0625,-0.0625	1.1875,-0.0625	0.96875,-0.09375		12	
36	1.1875,0.0625	1.375,0.125	1.375,0.375	1.375,-0.125	1.0249999999999999,0	1.0625,0.1875	1.0625,-0.0625	1.1875,0.1875	1.375,0.125	1.0625,0.1875	1.1875,-0.0625	1.375,-0.125	1.0625,-0.0625		12	
37	1.375,0.125	1.75,0.25	1.75,0.75	1.75,-0.25	1.1875,0.1875	1.125,0.375	1.1875,0.0625	1.1875,-0.0625	1.375,0.375	1.75,0.25	1.125,0.375	1.375,-0.125	1.75,-0.25	1.1875,-0.1875		13	
38	1.75,0.25	1.375,0.375	1.25,0.75	1.375,0.125	1.375,-0.125	1.75,0.75	1.25,0.75	1.75,-0.25	1.375,-0.375		8	
39	-1.5,-0.5	-0.75,-0.25	-0.75,0.25	-0.75,-0.75	-0.5,-1.5	-1.5,0.5	-0.75,0.25	-1.5,-1.5	-0.5,-1.5		8	
40	-0.75,-0.25	-0.375,-0.125	-0.375,0.125	-0.375,-0.375	-0.25,-0.75	-1.5,-0.5	-1.5,0.5	-1.5,-1.5	-0.75,0.25	-0.375,0.125	-1.5,0.5	-0.75,-0.75	-0.25,-0.75	-1.5,-0.5		13	
41	-0.375,-0.125	-0.125,-0.125	-0.125,0.125	-0.125,-0.375	-0.75,-0.25	-0.75,0.25	-0.75,-0.75	-0.375,0.125	-0.125,0.125	-0.75,0.25	-0.375,-0.375	-0.125,-0.375	-0.75,-0.25		12	
42	-0.125,-0.125	0.020253513000000001,-0.023622473000000001	0.020253513000000001,0.023622473000000001	0.0625,-0.1875	0.125,-0.375	-0.375,-0.125	-0.375,0.125	-0.375,-0.375	-0.125,0.125	0.020253513000000001,0.023622473000000001	-0.375,0.125	-0.125,-0.375	0.125,-0.375	-0.375,-0.375		13	
43	-0.375,-0.375	-0.125,-0.375	-0.125,-0.125	-0.25,-0.75	-0.75,-0.25	-0.75,0.25	-0.75,-0.75	-0.375,-0.125	-0.125,-0.125	-0.75,-0.25	-0.25,-0.75	0.25,-0.75	-0.75,-0.75		12	
44	-0.125,-0.375	0.125,-0.375	0.0625,-0.1875	0.25,-0.75	-0.375,-0.375	-0.375,-0.125	-0.25,-0.75	-0.125,-0.125	0.0625,-0.1875	-0.375,-0.125	-0.25,-0.75	0.25,-0.75	-0.75,-0.75		12	
45	-0.75,-0.75	-0.25,-0.75	-0.375,-0.375	-0.5,-1.5	-1.5,-0.5	-1.5,0.5	-1.5,-1.5	-0.75,-0.25	-0.375,-0.375	-1.5,-0.5	-0.5,-1.5	0.5,-1.5	-1.5,-1.5		12	
46	-0.25,-0.75	0.25,-0.75	0.125,-0.375	0.5,-1.5	-0.75,-0.75	-0.75,-0.25	-0.5,-1.5	-0.125,-0.375	0.125,-0.375	-0.375,-0.375	-0.75,-0.25	-0.5,-1.5	0.5,-1.5	-1.5,-1.5		13	
47	-1.5,-1.5	-0.5,-1.5	-0.75,-0.75	-1.5,-0.5	-0.75,-0.75		4	
48	-0.5,-1.5	0.5,-1.5	0.25,-0.75	-1.5,-1.5	-1.5,-0.5	-0.25,-0.75	0.25,-0.75	-0.75,-0.75	-1.5,-0.5		8	
49	0.020253513000000001,-0.023622473000000001	0.17256963,-0.055125873999999998	0.1875,-0.1875	-0.125,-0.125	-0.125,0.125	-0.125,-0.375	0.020253513000000001,0.023622473000000001	-0.125,0.125	0.0625,-0.1875	0.1875,-0.1875	-0.125,-0.125		10	
50	0.17256963,-0.055125873999999998	0.42884257999999997,-0.056154724000000003	0.42884257999999997,0.056154724000000003	0.375,-0.375	0.020253513000000001,-0.023622473000000001	0.0625,-0.1875	0.17256963,0.055125873999999998	0.42884257999999997,0.056154724000000003	0.1875,-0.1875	0.42884257999999997,-0.056154724000000003	0.0625,-0.1875		10	
51	0.0625,-0.1875	0.1875,-0.1875	0.17256963,-0.055125873999999998	0.125,-0.375	-0.125,-0.125	-0.125,0.125	-0.125,-0.375	0.020253513000000001,-0.023622473000000001	0.17256963,-0.055125873999999998	-0.125,-0.125	0.125,-0.375	0.375,-0.375	-0.125,-0.375		12	
52	0.1875,-0.1875	0.42884257999999997,-0.056154724000000003	0.42884257999999997,0.056154724000000003	0.375,-0.375	0.0625,-0.1875	0.020253513000000001,-0.023622473000000001	0.125,-0.375	0.17256963,-0.055125873999999998	0.42884257999999997,-0.056154724000000003	0.020253513000000001,-0.023622473000000001	0.125,-0.375	0.375,-0.375	-0.125,-0.375		12	
53	0.42884257999999997,-0.056154724000000003	0.70770750999999998,-0.034948589000000002	0.625,-0.375	0.17256963,-0.055125873999999998	0.1875,-0.1875	0.125,-0.375	0.42884257999999997,0.056154724000000003	0.375,-0.375	0.625,-0.375	0.125,-0.375		9	
54	0.125,-0.375	0.375,-0.375	0.42884257999999997,-0.056154724000000003	0.25,-0.75	-0.125,-0.375	-0.125,-0.125	-0.25,-0.75	0.1875,-0.1875	0.42884257999999997,-0.056154724000000003	0.0625,-0.1875	-0.125,-0.125	0.25,-0.75	0.75,-0.75	-0.25,-0.75		13	
55	0.375,-0.375	0.625,-0.375	0.70770750999999998,-0.034948589000000002	0.75,-0.75	0.125,-0.375	0.1875,-0.1875	0.25,-0.75	0.42884257999999997,-0.056154724000000003	0.70770750999999998,-0.034948589000000002	0.1875,-0.1875	0.25,-0.75	0.75,-0.75	-0.25,-0.75		12	
56	0.70770750999999998,-0.034948589000000002	0.8125,-0.0625	0.8125,0.0625	0.8125,-0.1875	0.875,-0.375	0.42884257999999997,-0.056154724000000003	0.42884257999999997,0.056154724000000003	0.375,-0.375	0.70770750999999998,0.034948589000000002	0.8125,0.0625	0.42884257999999997,0.056154724000000003	0.625,-0.375	0.875,-0.375	0.375,-0.375		13	
57	0.8125,-0.0625	0.92062677000000004,-0.010728153000000001	0.9375,0.0625	0.90625,-0.09375	0.9375,-0.1875	0.70770750999999998,-0.034948589000000002	0.70770750999999998,0.034948589000000002	0.625,-0.375	0.8125,0.0625	0.9375,0.0625	0.70770750999999998,0.034948589000000002	0.8125,-0.1875	0.9375,-0.1875	0.70770750999999998,-0.034948589000000002		13	
58	0.92062677000000004,-0.010728153000000001	1,-3.878896e-16	0.9375,0.0625	0.96875,-0.09375	0.8125,-0.0625	0.8125,0.0625	0.8125,-0.1875	0.9375,0.0625	1.0249999999999999,0	0.8125,0.0625	0.90625,-0.09375	0.96875,-0.09375	0.8125,-0.0625		12	
59	1,-3.878896e-16	1.0625,-0.0625	1.0249999999999999,0	1.0625,-0.1875	0.92062677000000004,-0.010728153000000001	0.9375,0.0625	0.90625,-0.09375	0.9375,0.0625	1.0249999999999999,0	0.8125,0.0625	0.96875,-0.09375	1.0625,-0.0625	0.90625,-0.09375		12	
60	0.90625,-0.09375	0.96875,-0.09375	1,-3.878896e-16	0.9375,-0.1875	0.8125,-0.0625	0.8125,0.0625	0.8125,-0.1875	0.92062677000000004,-0.010728153000000001	1,-3.878896e-16	0.8125,-0.0625	0.9375,-0.1875	1.0625,-0.1875	0.8125,-0.1875		12	
61	0.96875,-0.09375	1.0625,-0.0625	1.0249999999999999,0	1.0625,-0.1875	0.90625,-0.09375	0.92062677000000004,-0.010728153000000001	0.9375,-0.1875	1,-3.878896e-16	1.0625,-0.0625	0.92062677000000004,-0.010728153000000001	0.9375,-0.1875	1.0625,-0.1875	0.8125,-0.1875		12	
62	0.8125,-0.1875	0.9375,-0.1875	0.90625,-0.09375	0.875,-0.375	0.70770750999999998,-0.034948589000000002	0.70770750999999998,0.034948589000000002	0.625,-0.375	0.8125,-0.0625	0.90625,-0.09375	0.70770750999999998,-0.034948589000000002	0.875,-0.375	1.125,-0.375	0.625,-0.375		12	
63	0.9375,-0.1875	1.0625,-0.1875	1.0625,-0.0625	1.125,-0.375	0.8125,-0.1875	0.8125,-0.0625	0.875,-0.375	0.96875,-0.09375	1.0625,-0.0625	0.90625,-0.09375	0.8125,-0.0625	0.875,-0.375	1.125,-0.375	0.625,-0.375		13	
64	0.625,-0.375	0.875,-0.375	0.8125,-0.1875	0.75,-0.75	0.375,-0.375	0.42884257999999997,-0.056154724000000003	0.25,-0.75	0.70770750999999998,-0.034948589000000002	0.8125,-0.1875	0.42884257999999997,-0.056154724000000003	0.75,-0.75	1.25,-0.75	0.25,-0.75		12	
65	0.875,-0.375	1.125,-0.375	1.0625,-0.1875	1.25,-0.75	0.625,-0.375	0.70770750999999998,-0.034948589000000002	0.75,-0.75	0.9375,-0.1875	1.0625,-0.1875	0.8125,-0.1875	0.70770750999999998,-0.034948589000000002	0.75,-0.75	1.25,-0.75	0.25,-0.75		13	
66	0.25,-0.75	0.75,-0.75	0.625,-0.375	0.5,-1.5	-0.25,-0.75	-0.125,-0.375	-0.5,-1.5	0.375,-0.375	0.625,-0.375	0.125,-0.375	-0.125,-0.375	0.5,-1.5	1.5,-1.5	-0.5,-1.5		13	
67	0.75,-0.75	1.25,-0.75	1.125,-0.375	1.5,-1.5	0.25,-0.75	0.375,-0.375	0.5,-1.5	0.875,-0.375	1.125,-0.375	0.625,-0.375	0.375,-0.375	0.5,-1.5	1.5,-1.5	-0.5,-1.5		13	
68	1.0625,-0.0625	1.1875,-0.0625	1.1875,0.0625	1.1875,-0.1875	1,-3.878896e-16	0.9375,0.0625	0.96875,-0.09375	0.9375,-0.1875	1.0249999999999999,0	1.1875,0.0625	0.9375,0.0625	1.0625,-0.1875	1.1875,-0.1875	0.9375,-0.1875		13	
69	1.1875,-0.0625	1.375,-0.125	1.375,0.125	1.375,-0.375	1.0625,-0.0625	1.0249999999999999,0	1.0625,-0.1875	1.1875,0.0625	1.375,0.125	1.0249999999999999,0	1.1875,-0.1875	1.375,-0.125	1.0625,-0.1875		12	
70	1.0625,-0.1875	1.1875,-0.1875	1.1875,-0.0625	1.125,-0.375	0.9375,-0.1875	0.96875,-0.09375	0.875,-0.375	1.0625,-0.0625	1.1875,-0.0625	0.96875,-0.09375	1.125,-0.375	1.375,-0.375	0.875,-0.375		12	
71	1.1875,-0.1875	1.375,-0.125	1.375,0.125	1.375,-0.375	1.0625,-0.1875	1.0625,-0.0625	1.125,-0.375	1.1875,-0.0625	1.375,-0.125	1.0625,-0.0625	1.125,-0.375	1.375,-0.375	0.875,-0.375		12	
72	1.375,-0.125	1.75,-0.25	1.75,0.25	1.75,-0.75	1.1875,-0.0625	1.1875,0.0625	1.1875,-0.1875	1.125,-0.375	1.375,0.125	1.75,0.25	1.1875,0.0625	1.375,-0.375	1.75,-0.25	1.125,-0.375		13	
73	1.125,-0.375	1.375,-0.375	1.375,-0.125	1.25,-0.75	0.875,-0.375	0.9375,-0.1875	0.75,-0.75	1.1875,-0.1875	1.375,-0.125	1.0625,-0.1875	0.9375,-0.1875	1.25,-0.75	1.75,-0.75	0.75,-0.75		13	
74	1.375,-0.375	1.75,-0.25	1.75,0.25	1.75,-0.75	1.125,-0.375	1.1875,-0.1875	1.25,-0.75	1.375,-0.125	1.75,-0.25	1.1875,-0.1875	1.25,-0.75	1.75,-0.75	0.75,-0.75		12	
75	1.75,-0.25	1.375,-0.125	1.375,0.125	1.375,-0.375	1.25,-0.75	1.75,0.25	1.375,0.125	1.75,-0.75	1.25,-0.75		8	
76	1.25,-0.75	1.75,-0.75	1.75,-0.25	1.5,-1.5	0.75,-0.75	0.875,-0.375	0.5,-1.5	1.375,-0.375	1.75,-0.25	1.125,-0.375	0.875,-0.375	1.5,-1.5	0.5,-1.5		12	
77	1.75,-0.75	1.25,-0.75	1.375,-0.375	1.5,-1.5	1.75,-0.25	1.375,-0.375	1.5,-1.5	0.5,-1.5		7	
78	0.5,-1.5	1.5,-1.5	1.25,-0.75	-0.5,-1.5	-0.25,-0.75	0.75,-0.75	1.25,-0.75	0.25,-0.75	-0.25,-0.75		8	
79	1.5,-1.5	0.5,-1.5	0.75,-0.75	1.75,-0.75	1.25,-0.75	0.75,-0.75		5