-0.185546875 0.478515625 
-0.170898438 0.483398438 
-0.161132812 0.483398438 
-0.087890625 0.517578125 
-0.146484375 0.498046875 
-0.126953125 0.498046875 
-0.151367188 0.483398438 
-0.141601562 0.483398438 
-0.112304688 0.502929688 
-0.102539062 0.502929688 
-0.112304688 0.493164062 
-0.0927734375 0.502929688 
-0.0830078125 0.502929688 
-0.0952148438 0.495605469 
-0.0903320312 0.495605469 
-0.068359375 0.517578125 
-0.048828125 0.517578125 
-0.029296875 0.517578125 
-0.009765625 0.517578125 
-0.0732421875 0.502929688 
-0.0634765625 0.502929688 
-0.0537109375 0.502929688 
-0.209960938 0.463867188 
-0.200195312 0.463867188 
0.009765625 0.517578125 
0.029296875 0.517578125 
0.048828125 0.517578125 
0.068359375 0.517578125 
0.0537109375 0.502929688 
0.0634765625 0.502929688 
0.0732421875 0.502929688 
0.087890625 0.517578125 
0.107421875 0.517578125 
0.126953125 0.517578125 
0.146484375 0.517578125 
0.0830078125 0.502929688 
0.0927734375 0.502929688 
0.0903320312 0.495605469 
0.0952148438 0.495605469 
0.102539062 0.502929688 
0.112304688 0.502929688 
0.112304688 0.493164062 
0.126953125 0.498046875 
0.146484375 0.498046875 
0.141601562 0.483398438 
0.151367188 0.483398438 
0.166015625 0.498046875 
0.185546875 0.498046875 
0.161132812 0.483398438 
0.170898438 0.483398438 
0.185546875 0.478515625 
0.205078125 0.498046875 
0.224609375 0.498046875 
0.205078125 0.478515625 
0.224609375 0.478515625 
0.25390625 0.48828125 
0.200195312 0.463867188 
0.209960938 0.463867188 
0.244140625 0.458984375 
0.263671875 0.458984375 
0.249023438 0.444335938 
0.251464844 0.437011719 
0.258789062 0.444335938 
0.268554688 0.444335938 
0.258789062 0.434570312 
0.268554688 0.434570312 
0.283203125 0.458984375 
0.302734375 0.458984375 
0.283203125 0.439453125 
0.302734375 0.439453125 
0.278320312 0.424804688 
0.288085938 0.424804688 
0.302734375 0.419921875 
0.307617188 0.405273438 
0.33203125 0.44921875 
0.322265625 0.419921875 
0.341796875 0.419921875 
0.322265625 0.400390625 
0.341796875 0.400390625 
0.37109375 0.41015625 
0.41015625 0.41015625 
0.327148438 0.385742188 
0.346679688 0.366210938 
0.361328125 0.380859375 
0.380859375 0.380859375 
0.380859375 0.361328125 
0.366210938 0.346679688 
0.385742188 0.327148438 
0.41015625 0.37109375 
0.44921875 0.37109375 
0.400390625 0.341796875 
0.419921875 0.341796875 
0.400390625 0.322265625 
0.419921875 0.322265625 
0.44921875 0.33203125 
0.48828125 0.37109375 
0.52734375 0.37109375 
0.48828125 0.33203125 
0.52734375 0.33203125 
0.405273438 0.307617188 
0.419921875 0.302734375 
0.424804688 0.288085938 
0.424804688 0.278320312 
0.439453125 0.302734375 
0.458984375 0.302734375 
0.439453125 0.283203125 
0.458984375 0.283203125 
0.434570312 0.268554688 
0.444335938 0.268554688 
0.434570312 0.258789062 
0.444335938 0.258789062 
0.458984375 0.263671875 
0.437011719 0.251464844 
0.444335938 0.249023438 
0.458984375 0.244140625 
0.463867188 0.209960938 
0.463867188 0.200195312 
0.48828125 0.29296875 
0.52734375 0.29296875 
0.48828125 0.25390625 
0.52734375 0.25390625 
0.5859375 0.2734375 
0.478515625 0.224609375 
0.498046875 0.224609375 
0.478515625 0.205078125 
0.498046875 0.205078125 
0.52734375 0.21484375 
0.478515625 0.185546875 
0.498046875 0.185546875 
0.483398438 0.170898438 
0.483398438 0.161132812 
0.498046875 0.166015625 
0.52734375 0.17578125 
0.56640625 0.21484375 
0.60546875 0.21484375 
0.56640625 0.17578125 
0.60546875 0.17578125 
0.483398438 0.151367188 
0.483398438 0.141601562 
0.498046875 0.146484375 
0.498046875 0.126953125 
0.517578125 0.146484375 
0.537109375 0.146484375 
0.517578125 0.126953125 
0.537109375 0.126953125 
0.493164062 0.112304688 
0.502929688 0.112304688 
0.502929688 0.102539062 
0.495605469 0.0952148438 
0.495605469 0.0903320312 
0.502929688 0.0927734375 
0.502929688 0.0830078125 
0.517578125 0.107421875 
0.537109375 0.107421875 
0.517578125 0.087890625 
0.537109375 0.087890625 
0.56640625 0.13671875 
0.60546875 0.13671875 
0.56640625 0.09765625 
0.60546875 0.09765625 
0.502929688 0.0732421875 
0.502929688 0.0634765625 
0.502929688 0.0537109375 
0.517578125 0.068359375 
0.537109375 0.068359375 
0.517578125 0.048828125 
0.537109375 0.048828125 
0.517578125 0.029296875 
0.537109375 0.029296875 
0.517578125 0.009765625 
0.537109375 0.009765625 
0.56640625 0.05859375 
0.60546875 0.05859375 
0.56640625 0.01953125 
0.60546875 0.01953125 
0.6640625 0.2734375 
0.7421875 0.2734375 
0.6640625 0.1953125 
0.7421875 0.1953125 
0.859375 0.234375 
0.6640625 0.1171875 
0.7421875 0.1171875 
0.6640625 0.0390625 
0.7421875 0.0390625 
0.859375 0.078125 
1.09375 0.15625 
-0.200195312 -0.463867188 
-0.161132812 -0.483398438 
-0.151367188 -0.483398438 
-0.141601562 -0.483398438 
-0.126953125 -0.498046875 
-0.112304688 -0.493164062 
-0.112304688 -0.502929688 
-0.102539062 -0.502929688 
-0.0952148438 -0.495605469 
-0.0903320312 -0.495605469 
-0.0927734375 -0.502929688 
-0.0830078125 -0.502929688 
-0.0732421875 -0.502929688 
-0.0634765625 -0.502929688 
-0.0537109375 -0.502929688 
-0.048828125 -0.517578125 
-0.029296875 -0.517578125 
-0.009765625 -0.517578125 
0.517578125 -0.009765625 
0.537109375 -0.009765625 
0.517578125 -0.029296875 
0.537109375 -0.029296875 
0.502929688 -0.0537109375 
0.502929688 -0.0634765625 
0.502929688 -0.0732421875 
0.517578125 -0.048828125 
0.537109375 -0.048828125 
0.517578125 -0.068359375 
0.537109375 -0.068359375 
0.56640625 -0.01953125 
0.60546875 -0.01953125 
0.56640625 -0.05859375 
0.60546875 -0.05859375 
0.502929688 -0.0830078125 
0.495605469 -0.0903320312 
0.495605469 -0.0952148438 
0.502929688 -0.0927734375 
0.502929688 -0.102539062 
0.493164062 -0.112304688 
0.502929688 -0.112304688 
0.517578125 -0.087890625 
0.537109375 -0.087890625 
0.517578125 -0.107421875 
0.537109375 -0.107421875 
0.498046875 -0.126953125 
0.483398438 -0.141601562 
0.483398438 -0.151367188 
0.498046875 -0.146484375 
0.517578125 -0.126953125 
0.537109375 -0.126953125 
0.517578125 -0.146484375 
0.537109375 -0.146484375 
0.56640625 -0.09765625 
0.60546875 -0.09765625 
0.56640625 -0.13671875 
0.60546875 -0.13671875 
0.463867188 -0.200195312 
0.463867188 -0.209960938 
0.437011719 -0.251464844 
0.444335938 -0.249023438 
0.458984375 -0.244140625 
0.434570312 -0.258789062 
0.444335938 -0.258789062 
0.434570312 -0.268554688 
0.444335938 -0.268554688 
0.458984375 -0.263671875 
0.424804688 -0.278320312 
0.424804688 -0.288085938 
0.405273438 -0.307617188 
0.419921875 -0.302734375 
0.439453125 -0.283203125 
0.458984375 -0.283203125 
0.439453125 -0.302734375 
0.458984375 -0.302734375 
0.483398438 -0.161132812 
0.483398438 -0.170898438 
0.498046875 -0.166015625 
0.478515625 -0.185546875 
0.498046875 -0.185546875 
0.52734375 -0.17578125 
0.478515625 -0.205078125 
0.498046875 -0.205078125 
0.478515625 -0.224609375 
0.498046875 -0.224609375 
0.52734375 -0.21484375 
0.56640625 -0.17578125 
0.60546875 -0.17578125 
0.56640625 -0.21484375 
0.60546875 -0.21484375 
0.48828125 -0.25390625 
0.52734375 -0.25390625 
0.48828125 -0.29296875 
0.52734375 -0.29296875 
0.5859375 -0.2734375 
0.200195312 -0.463867188 
0.209960938 -0.463867188 
0.307617188 -0.405273438 
0.278320312 -0.424804688 
0.288085938 -0.424804688 
0.302734375 -0.419921875 
0.251464844 -0.437011719 
0.249023438 -0.444335938 
0.258789062 -0.434570312 
0.268554688 -0.434570312 
0.258789062 -0.444335938 
0.268554688 -0.444335938 
0.244140625 -0.458984375 
0.263671875 -0.458984375 
0.283203125 -0.439453125 
0.302734375 -0.439453125 
0.283203125 -0.458984375 
0.302734375 -0.458984375 
0.0537109375 -0.502929688 
0.0634765625 -0.502929688 
0.0732421875 -0.502929688 
0.009765625 -0.517578125 
0.029296875 -0.517578125 
0.048828125 -0.517578125 
0.068359375 -0.517578125 
0.0903320312 -0.495605469 
0.0952148438 -0.495605469 
0.0830078125 -0.502929688 
0.0927734375 -0.502929688 
0.112304688 -0.493164062 
0.102539062 -0.502929688 
0.112304688 -0.502929688 
0.141601562 -0.483398438 
0.151367188 -0.483398438 
0.126953125 -0.498046875 
0.146484375 -0.498046875 
0.087890625 -0.517578125 
0.107421875 -0.517578125 
0.161132812 -0.483398438 
0.170898438 -0.483398438 
0.185546875 -0.478515625 
0.166015625 -0.498046875 
0.185546875 -0.498046875 
0.205078125 -0.478515625 
0.224609375 -0.478515625 
0.205078125 -0.498046875 
0.25390625 -0.48828125 
0.385742188 -0.327148438 
0.366210938 -0.346679688 
0.346679688 -0.366210938 
0.327148438 -0.385742188 
0.380859375 -0.361328125 
0.361328125 -0.380859375 
0.380859375 -0.380859375 
0.400390625 -0.322265625 
0.419921875 -0.322265625 
0.400390625 -0.341796875 
0.419921875 -0.341796875 
0.44921875 -0.33203125 
0.41015625 -0.37109375 
0.44921875 -0.37109375 
0.322265625 -0.400390625 
0.341796875 -0.400390625 
0.322265625 -0.419921875 
0.341796875 -0.419921875 
0.37109375 -0.41015625 
0.33203125 -0.44921875 
0.41015625 -0.41015625 
0.48828125 -0.33203125 
0.52734375 -0.33203125 
0.48828125 -0.37109375 
0.6640625 -0.0390625 
0.7421875 -0.0390625 
0.6640625 -0.1171875 
0.7421875 -0.1171875 
0.859375 -0.078125 
0.6640625 -0.1953125 
0.7421875 -0.1953125 
0.6640625 -0.2734375 
0.7421875 -0.2734375 
0.859375 -0.234375 
1.09375 -0.15625 
1000 1000
