1.60999	0
1.60921	0.000251934
1.60844	0.000504647
1.60768	0.000752605
1.60695	0.000992195
1.60624	0.00122655
1.60552	0.00146114
1.60475	0.00171612
1.60375	0.00204928
1.6023	0.00253621
1.60021	0.00323756
1.5977	0.00409497
1.5942	0.00529481
1.58933	0.00697222
1.58324	0.00907567
1.5756	0.0117236
1.56677	0.0148003
1.55711	0.0181903
1.5455	0.0222803
1.52935	0.0279904
1.50882	0.0352498
1.484	0.0440184
1.45303	0.0549451
1.41705	0.0675228
1.3746	0.08226
1.32296	0.0998811
1.26146	0.120499
1.1888	0.144173
1.10267	0.171275
1.00392	0.201002
0.901399	0.23021
0.801856	0.256885
0.701848	0.28199
0.592304	0.307462
0.461844	0.334893
0.336185	0.358237
0.223476	0.376517
0.115376	0.39161
0.00876339	0.404037
-0.0998492	0.414117
-0.209075	0.421516
-0.312753	0.42587
-0.411791	0.427495
-0.506809	0.4266
-0.594647	0.423522
-0.678997	0.418404
-0.756888	0.41169
-0.824514	0.404206
-0.885427	0.396075
-0.942107	0.387232
-0.994371	0.377944
-1.04102	0.368641
-1.08402	0.359183
-1.12622	0.34903
-1.1682	0.337975
-1.20948	0.32614
-1.24721	0.314397
-1.28158	0.302846
-1.31322	0.291455
-1.34094	0.280811
-1.36647	0.270391
-1.39087	0.259843
-1.41424	0.249171
-1.43676	0.238256
-1.4569	0.227917
-1.47403	0.218671
-1.48991	0.209697
-1.50577	0.200261
-1.52099	0.190721
-1.53505	0.181429
-1.54786	0.172535
-1.55905	0.164388
-1.56905	0.156745
-1.57849	0.149166
-1.58782	0.14129
-1.59698	0.133119
-1.60448	0.126069
-1.61091	0.11973
-1.61643	0.114038
-1.62114	0.108964
-1.62549	0.104056
-1.62975	0.0990049
-1.63415	0.093503
-1.63877	0.0873293
-1.64289	0.08147
-1.64661	0.0758505
-1.64974	0.0708196
-1.65242	0.0662292
-1.6547	0.0620664
-1.65667	0.058214
-1.6584	0.054606
-1.65993	0.0511623
-1.66126	0.0479658
-1.66257	0.0445424
-1.66401	0.040397
-1.66533	0.0362371
-1.66645	0.0322839
-1.66753	0.0279891
-1.66851	0.0234892
-1.66932	0.0189787
-1.66994	0.0146915
-1.67034	0.0110783
-1.67059	0.00788307
-1.67075	0.00479103
-1.67082	0.00167551
-1.67079	-0.00160099
-1.67063	-0.005197
-1.67033	-0.00911037
-1.66988	-0.0131008
-1.66931	-0.0170202
-1.66864	-0.020737
-1.66788	-0.0243705
-1.66695	-0.0282048
-1.66581	-0.0323147
-1.66454	-0.0363556
-1.66323	-0.0401166
-1.66182	-0.0437766
-1.66033	-0.0473475
-1.65878	-0.0507488
-1.65719	-0.0540102
-1.65548	-0.0572866
-1.65359	-0.0606972
-1.65143	-0.0643491
-1.64895	-0.0682904
-1.64624	-0.0723243
-1.64321	-0.0765564
-1.63974	-0.0811191
-1.63581	-0.0859716
-1.63157	-0.0908856
-1.62709	-0.0957609
-1.62208	-0.100896
-1.61602	-0.106709
-1.60922	-0.112793
-1.60243	-0.11847
-1.59545	-0.123967
-1.58772	-0.1297
-1.57919	-0.135679
-1.56987	-0.141837
-1.55969	-0.148158
-1.54868	-0.154564
-1.5369	-0.161002
-1.52379	-0.167721
-1.50848	-0.17507
-1.49188	-0.182497
-1.47493	-0.189562
-1.4568	-0.1966
-1.43757	-0.203557
-1.41568	-0.210919
-1.39013	-0.218836
-1.3635	-0.226393
-1.33643	-0.233435
-1.30578	-0.240717
-1.26826	-0.248732
-1.22218	-0.257368
-1.16851	-0.265969
-1.10709	-0.274119
-1.03637	-0.281551
-0.954097	-0.287903
-0.857899	-0.292604
-0.74537	-0.294862
-0.617201	-0.293744
-0.474979	-0.288513
-0.308237	-0.277753
-0.105195	-0.258868
0.142881	-0.228585
0.430318	-0.185521
0.719539	-0.135823
0.91351	-0.100313
1.04271	-0.0764719
1.14176	-0.0585435
1.22182	-0.0445642
1.28637	-0.0338986
1.33327	-0.0265996
1.36904	-0.0213849
1.39998	-0.0171594
1.43058	-0.0132627
1.4613	-0.00973253
1.49278	-0.00654391
1.52078	-0.0040894
1.54147	-0.00262849
1.55703	-0.00167078
1.57047	-0.000973122
1.58102	-0.000587072
1.5883	-0.000366128
1.59318	-0.000225253
1.59656	-0.000126468
1.59919	-5.86534e-05
1.60129	-1.9318e-05
1.60318	4.45451e-06
1.6044	1.40724e-05
1.60529	1.81896e-05
1.60606	1.98043e-05
1.60682	1.96448e-05
1.60758	1.77067e-05
1.60837	1.38502e-05
1.60918	7.92225e-06