1.31215	-0.201836
1.31037	-0.19997
1.30849	-0.198084
1.30653	-0.196159
1.30449	-0.194189
1.30237	-0.192177
1.30016	-0.190122
1.29786	-0.18802
1.29547	-0.185875
1.29298	-0.183686
1.29039	-0.18145
1.2877	-0.179166
1.28491	-0.176836
1.28201	-0.174461
1.279	-0.172039
1.27587	-0.169569
1.27262	-0.167052
1.26926	-0.164491
1.26576	-0.161883
1.26214	-0.159228
1.25837	-0.156523
1.25447	-0.153771
1.25008	-0.150742
1.24485	-0.147216
1.23861	-0.143119
1.23116	-0.138377
1.22224	-0.1329
1.21154	-0.126597
1.19866	-0.11937
1.18314	-0.111112
1.1644	-0.101708
1.14189	-0.0911197
1.1209	-0.081785
1.10138	-0.073443
1.08329	-0.0658799
1.06657	-0.0589246
1.05117	-0.0524222
1.03719	-0.0463016
1.025	-0.0406597
1.01446	-0.0353811
1.0059	-0.030632
1.00021	-0.0270627
0.996462	-0.0244057
0.994032	-0.0224214
0.992497	-0.0209335
0.99155	-0.0198295
0.990968	-0.0190251
0.990736	-0.0183863
0.990686	-0.0178408
0.990726	-0.0172592
0.990996	-0.016702
0.991551	-0.0163536
0.992205	-0.0161142
0.99291	-0.0159023
0.993681	-0.0157922
0.994503	-0.0157426
0.995374	-0.0156914
0.996296	-0.0156634
0.997272	-0.0156676
0.998332	-0.0156859
0.999488	-0.0157047
1.00075	-0.0157424
1.00212	-0.0157922
1.00363	-0.0158417
1.00527	-0.0158975
1.00706	-0.0159553
1.00901	-0.0160032
1.01115	-0.0160399
1.01348	-0.0160676
1.01603	-0.0160853
1.01882	-0.0160902
1.02187	-0.0160861
1.0252	-0.0160676
1.02884	-0.0160604
1.03282	-0.0160709
1.03717	-0.0161163
1.04196	-0.0162088
1.04809	-0.0164233
1.05596	-0.0168745
1.06606	-0.017792
1.07899	-0.0195357
1.09392	-0.0224034
1.11	-0.0265383
1.12724	-0.0322173
1.14563	-0.0397302
1.16511	-0.0494315
1.18559	-0.061657
1.20439	-0.0748797
1.21955	-0.0870615
1.2318	-0.0980083
1.24175	-0.107671
1.24985	-0.11609
1.25646	-0.123358
1.26187	-0.129587
1.26631	-0.134892
1.26996	-0.139392
1.27314	-0.143409
1.27617	-0.147329
1.27906	-0.151148
1.28181	-0.154865
1.28443	-0.158479
1.28693	-0.161992
1.28931	-0.165402
1.29159	-0.168713
1.29376	-0.171926
1.29583	-0.175042
1.29782	-0.178063
1.29972	-0.180993
1.30155	-0.183834
1.3033	-0.186589
1.30498	-0.189263
1.3066	-0.191854
1.30816	-0.194367
1.30966	-0.196802
1.31111	-0.199157
1.31252	-0.201434
1.31389	-0.20363