0 0
0.997702	0.00659455
0.995314	0.00721263
0.992842	0.00776615
0.990283	0.00824014
0.98764	0.0086381
0.984914	0.008969
0.982105	0.00922671
0.979212	0.0093871
0.976236	0.00946162
0.973178	0.00946538
0.970037	0.00941632
0.966813	0.00930228
0.963505	0.00909219
0.960113	0.0087988
0.956635	0.00843781
0.953066	0.00802787
0.949402	0.0075901
0.945643	0.00709698
0.941791	0.00653072
0.937841	0.0059002
0.93379	0.00521617
0.929633	0.00449153
0.925364	0.0037416
0.92098	0.00296436
0.916483	0.00213289
0.911869	0.00125119
0.907135	0.000325228
0.902275	-0.000637777
0.897284	-0.00162915
0.892157	-0.00263987
0.886894	-0.00368428
0.881491	-0.00476791
0.875946	-0.00588781
0.870254	-0.00704033
0.86441	-0.00822108
0.85841	-0.0094248
0.85225	-0.0106513
0.84593	-0.0119087
0.839444	-0.0131957
0.832789	-0.0145105
0.825962	-0.0158508
0.818957	-0.0172141
0.811771	-0.018599
0.8044	-0.02001
0.79684	-0.021446
0.788726	-0.0229726
0.77976	-0.0246397
0.769852	-0.0264544
0.7589	-0.0284289
0.746792	-0.0305748
0.733403	-0.0329007
0.718589	-0.035414
0.702192	-0.0381252
0.684031	-0.0410379
0.663902	-0.0441502
0.641575	-0.0474632
0.616788	-0.0509516
0.589247	-0.0545922
0.558617	-0.058334
0.524524	-0.0621129
0.486533	-0.0657348
0.44827	-0.0692057
0.411726	-0.0722084
0.376748	-0.0732347
0.343366	-0.0739476
0.311516	-0.0743861
0.281139	-0.0741659
0.25219	-0.0733536
0.224627	-0.0719909
0.198409	-0.0700894
0.173503	-0.0676469
0.150463	-0.0647844
0.129226	-0.0615145
0.109688	-0.0578814
0.0917478	-0.0539414
0.0753373	-0.0496455
0.0629978	-0.045941
0.0538025	-0.0427645
0.0469314	-0.0401898
0.0418084	-0.0381081
0.0379976	-0.0364287
0.035164	-0.0350889
0.0328949	-0.033982
0.0307131	-0.0328952
0.0286212	-0.03182
0.0266205	-0.03075
0.0247119	-0.0296798
0.0228955	-0.0286058
0.0211711	-0.027525
0.0195379	-0.0264356
0.017984	-0.025352
0.0164912	-0.0242955
0.015063	-0.0232559
0.0137024	-0.0222248
0.0124121	-0.0211952
0.0111946	-0.020162
0.0100523	-0.0191212
0.00898762	-0.0180702
0.00800296	-0.0170076
0.00708608	-0.0159455
0.00621299	-0.014904
0.00538833	-0.0138778
0.00461675	-0.0128624
0.00390255	-0.0118543
0.00324995	-0.0108512
0.00266315	-0.00985154
0.00214642	-0.00885481
0.00170392	-0.00786164
0.00133846	-0.00687422
0.00103245	-0.0059018
0.000774363	-0.00494918
0.000560154	-0.00401808
0.00038669	-0.00310967
0.000251513	-0.00222479
0.000152687	-0.00136409
8.86839e-05	-0.00052807
5.83079e-05	0.000282797
6.15467e-05	0.00110491
0.0001037	0.00195076
0.000192386	0.0028186
0.000338565	0.00370515
0.000543539	0.00460763
0.000804898	0.00552433
0.0011202	0.0064542
0.00148712	0.00739675
0.00190349	0.008352
0.00236732	0.00932033
0.00287678	0.0103025
0.00343007	0.0112995
0.00402534	0.0123129
0.00467615	0.0133346
0.0054028	0.0143499
0.00620202	0.0153584
0.00707002	0.0163611
0.00800283	0.01736
0.00899638	0.018358
0.0100464	0.0193592
0.0111484	0.0203689
0.0122972	0.0213936
0.0134886	0.0224394
0.0147442	0.023482
0.0160709	0.0245126
0.0174669	0.0255323
0.01893	0.0265433
0.020458	0.0275484
0.0220483	0.0285516
0.0236982	0.0295578
0.0254045	0.030573
0.0271636	0.0316046
0.0289845	0.0326387
0.0308763	0.03366
0.0328385	0.0346701
0.0348707	0.035671
0.0373843	0.0368563
0.0406334	0.0383213
0.0448275	0.0401376
0.0502476	0.0423693
0.0572909	0.0450008
0.0664288	0.0481024
0.078275	0.0517503
0.0930557	0.0556976
0.109112	0.0594628
0.126558	0.0629722
0.145492	0.0662637
0.166046	0.0692808
0.188355	0.0719939
0.212137	0.0743425
0.237314	0.0762639
0.263961	0.0777663
0.292164	0.0787995
0.322008	0.0793407
0.353585	0.0793634
0.386992	0.0788159
0.422329	0.0776788
0.459704	0.0759118
0.49923	0.0734694
0.53678	0.07066
0.5707	0.0677686
0.601321	0.0648957
0.628945	0.0621042
0.653852	0.0594584
0.676293	0.0569743
0.696499	0.0546677
0.71468	0.0525402
0.731027	0.0505848
0.745718	0.0488027
0.758913	0.0471828
0.770757	0.0457111
0.781385	0.04438
0.790919	0.0431799
0.799469	0.0420998
0.807524	0.0410778
0.815342	0.0400814
0.822929	0.0391101
0.830292	0.0381632
0.837438	0.0372401
0.844375	0.0363424
0.851109	0.0354689
0.857648	0.0346167
0.863999	0.0337835
0.870167	0.032967
0.87616	0.0321658
0.881984	0.0313858
0.887646	0.030626
0.89315	0.0298813
0.898501	0.0291471
0.903703	0.02842
0.908761	0.0276967
0.91368	0.0269845
0.918466	0.0262912
0.92312	0.0256073
0.927646	0.0249249
0.932046	0.0242373
0.936323	0.023539
0.940481	0.0228321
0.944527	0.0221391
0.948463	0.0214494
0.95229	0.0207501
0.956008	0.0200303
0.959619	0.0192811
0.963126	0.0185035
0.966537	0.0177268
0.969853	0.0169384
0.973072	0.0161225
0.976193	0.0152659
0.979214	0.0143591
0.982143	0.0134277
0.984981	0.0124719
0.987726	0.0114778
0.990371	0.0104344
0.992919	0.00934699
0.995373	0.00822818
0.997733	0.00707778
1.0	0.0059
0.997702	0.00659455
0 0
1.31215	-0.201836
1.31037	-0.19997
1.30849	-0.198084
1.30653	-0.196159
1.30449	-0.194189
1.30237	-0.192177
1.30016	-0.190122
1.29786	-0.18802
1.29547	-0.185875
1.29298	-0.183686
1.29039	-0.18145
1.2877	-0.179166
1.28491	-0.176836
1.28201	-0.174461
1.279	-0.172039
1.27587	-0.169569
1.27262	-0.167052
1.26926	-0.164491
1.26576	-0.161883
1.26214	-0.159228
1.25837	-0.156523
1.25447	-0.153771
1.25008	-0.150742
1.24485	-0.147216
1.23861	-0.143119
1.23116	-0.138377
1.22224	-0.1329
1.21154	-0.126597
1.19866	-0.11937
1.18314	-0.111112
1.1644	-0.101708
1.14189	-0.0911197
1.1209	-0.081785
1.10138	-0.073443
1.08329	-0.0658799
1.06657	-0.0589246
1.05117	-0.0524222
1.03719	-0.0463016
1.025	-0.0406597
1.01446	-0.0353811
1.0059	-0.030632
1.00021	-0.0270627
0.996462	-0.0244057
0.994032	-0.0224214
0.992497	-0.0209335
0.99155	-0.0198295
0.990968	-0.0190251
0.990736	-0.0183863
0.990686	-0.0178408
0.990726	-0.0172592
0.990996	-0.016702
0.991551	-0.0163536
0.992205	-0.0161142
0.99291	-0.0159023
0.993681	-0.0157922
0.994503	-0.0157426
0.995374	-0.0156914
0.996296	-0.0156634
0.997272	-0.0156676
0.998332	-0.0156859
0.999488	-0.0157047
1.00075	-0.0157424
1.00212	-0.0157922
1.00363	-0.0158417
1.00527	-0.0158975
1.00706	-0.0159553
1.00901	-0.0160032
1.01115	-0.0160399
1.01348	-0.0160676
1.01603	-0.0160853
1.01882	-0.0160902
1.02187	-0.0160861
1.0252	-0.0160676
1.02884	-0.0160604
1.03282	-0.0160709
1.03717	-0.0161163
1.04196	-0.0162088
1.04809	-0.0164233
1.05596	-0.0168745
1.06606	-0.017792
1.07899	-0.0195357
1.09392	-0.0224034
1.11	-0.0265383
1.12724	-0.0322173
1.14563	-0.0397302
1.16511	-0.0494315
1.18559	-0.061657
1.20439	-0.0748797
1.21955	-0.0870615
1.2318	-0.0980083
1.24175	-0.107671
1.24985	-0.11609
1.25646	-0.123358
1.26187	-0.129587
1.26631	-0.134892
1.26996	-0.139392
1.27314	-0.143409
1.27617	-0.147329
1.27906	-0.151148
1.28181	-0.154865
1.28443	-0.158479
1.28693	-0.161992
1.28931	-0.165402
1.29159	-0.168713
1.29376	-0.171926
1.29583	-0.175042
1.29782	-0.178063
1.29972	-0.180993
1.30155	-0.183834
1.3033	-0.186589
1.30498	-0.189263
1.3066	-0.191854
1.30816	-0.194367
1.30966	-0.196802
1.31111	-0.199157
1.31252	-0.201434
1.31389	-0.20363
1.31215	-0.201836
0 0