1 8 4 4 0
2 7 4 3 0
3 6 3 3 0
4 5 2 3 0
5 6 3 3 0
6 5 2 3 0
7 5 2 3 0
8 5 2 3 0
9 5 2 3 0
10 5 2 3 0
11 5 2 3 0
12 5 2 3 0
13 5 2 3 0
14 4 2 2 0
15 6 4 2 0
16 5 2 3 0
17 5 3 2 0
18 3 1 2 0
19 5 2 3 0
20 4 3 1 0
21 6 3 3 0
22 5 3 2 0
23 5 2 3 0
24 5 1 4 0
25 5 2 3 0
26 4 1 3 0
27 2 1 1 0
28 6 3 3 0
29 5 2 3 0
30 5 2 3 0
31 5 2 3 0
32 5 2 3 0
33 5 2 3 0
34 4 2 2 0
35 6 4 2 0
36 3 1 2 0
37 5 2 3 0
38 5 3 2 0
39 3 1 2 0
40 6 3 3 0
41 5 3 2 0
42 5 3 2 0
43 5 2 3 0
44 5 2 3 0
45 4 2 2 0
46 5 2 3 0
47 5 3 2 0
48 3 2 1 0
49 6 3 3 0
50 5 3 2 0
51 5 2 3 0
52 5 3 2 0
53 5 2 3 0
54 5 3 2 0
55 5 2 3 0
56 3 3 0 0
57 5 2 3 0
58 5 2 3 0
59 5 2 3 0
60 5 3 2 0
61 5 3 2 0
62 5 3 2 0
63 4 2 2 0
64 5 2 3 0
65 5 3 2 0
66 5 2 3 0
67 5 3 2 0
68 3 1 2 0
69 5 2 3 0
70 4 3 1 0
71 6 3 3 0
72 5 2 3 0
73 5 2 3 0
74 5 3 2 0
75 5 3 2 0
76 5 3 2 0
77 4 2 2 0
78 5 2 3 0
79 5 3 2 0
80 3 1 2 0
81 5 2 3 0
82 4 3 1 0
83 6 3 3 0
84 5 2 3 0
85 5 3 2 0
86 5 3 2 0
87 5 2 3 0
88 4 2 2 0
89 6 4 2 0
90 4 2 2 0
91 5 2 3 0
92 4 2 2 0
93 3 2 1 0
94 6 3 3 0
95 5 3 2 0
96 5 2 3 0
97 5 2 3 0
98 5 2 3 0
99 5 3 2 0
100 5 3 2 0
101 5 2 3 0
102 4 3 1 0
103 3 2 1 0
104 3 1 2 0
105 6 4 2 0
106 5 3 2 0
107 5 3 2 0
108 5 2 3 0
109 5 2 3 0
110 5 2 3 0
111 4 2 2 0
112 5 2 3 0
113 5 3 2 0
114 4 2 2 0
115 4 3 1 0
116 6 4 2 0
117 5 2 3 0
118 5 3 2 0
119 5 2 3 0
120 5 3 2 0
121 5 2 3 0
122 5 3 2 0
123 4 2 2 0
124 5 2 3 0
125 5 3 2 0
126 3 2 1 0
127 6 4 2 0
128 5 3 2 0
129 5 3 2 0
130 5 3 2 0
131 5 3 2 0
132 5 3 2 0
133 5 3 2 0
134 5 2 3 0
135 5 2 3 0
136 5 2 3 0
137 5 2 3 0
138 4 2 2 0
139 6 4 2 0
140 5 2 3 0
141 5 3 2 0
142 5 2 3 0
143 5 3 2 0
144 5 2 3 0
145 5 3 2 0
146 5 2 3 0
147 5 3 2 0
148 5 2 3 0
149 5 3 2 0
150 5 2 3 0
151 3 3 0 0
152 5 2 3 0
153 5 2 3 0
154 5 2 3 0
155 5 2 3 0
156 5 2 3 0
157 5 2 3 0
158 5 2 3 0
159 5 2 3 0
160 5 2 3 0
161 5 2 3 0
162 5 2 3 0
163 5 2 3 0
164 5 2 3 0
165 5 2 3 0
166 4 2 2 0
167 6 4 2 0
168 5 2 3 0
169 5 3 2 0
170 5 2 3 0
171 5 3 2 0
172 5 2 3 0
173 5 3 2 0
174 5 2 3 0
175 5 3 2 0
176 5 2 3 0
177 5 3 2 0
178 5 2 3 0
179 5 3 2 0
180 5 2 3 0
181 5 3 2 0
182 5 2 3 0
183 5 3 2 0
184 5 2 3 0
185 5 3 2 0
186 5 2 3 0
187 5 3 2 0
188 5 2 3 0
189 4 3 1 0
190 5 2 3 0
191 5 2 3 0
192 5 3 2 0
193 5 3 2 0
194 5 3 2 0
195 5 3 2 0
196 5 3 2 0
197 5 3 2 0
198 5 3 2 0
199 5 3 2 0
200 5 3 2 0
201 5 2 3 0
202 5 2 3 0
203 5 2 3 0
204 5 2 3 0
205 5 2 3 0
206 5 2 3 0
207 5 3 2 0
208 5 3 2 0
209 5 3 2 0
210 5 3 2 0
211 5 3 2 0
212 5 2 3 0
213 5 2 3 0
214 5 2 3 0
215 5 2 3 0
216 5 3 2 0
217 6 3 3 0
218 4 2 2 0
219 5 2 3 0
220 5 3 2 0
221 4 2 2 0
222 5 2 3 0
223 5 3 2 0
224 4 2 2 0
225 5 3 2 0
226 4 2 2 0
227 5 2 3 0
228 5 3 2 0
229 4 2 2 0
230 5 3 2 0
231 5 2 3 0
232 5 2 3 0
233 5 3 2 0
234 5 3 2 0
235 5 2 3 0
236 5 2 3 0
237 5 3 2 0
238 6 3 3 0
239 3 1 2 0
240 5 2 3 0
241 5 3 2 0
242 3 2 1 0
243 5 2 3 0
244 5 3 2 0
245 4 2 2 0
246 5 3 2 0
247 5 3 2 0
248 5 3 2 0
249 5 3 2 0
250 5 3 2 0
251 6 3 3 0
252 4 1 3 0
253 5 3 2 0
254 3 2 1 0
255 5 2 3 0
256 6 3 3 0
257 4 2 2 0
258 5 3 2 0
259 5 3 2 0
260 6 3 3 0
261 3 2 1 0
262 5 2 3 0
263 5 3 2 0
264 5 2 3 0
265 6 3 3 0
266 4 2 2 0
267 5 3 2 0
268 5 3 2 0
269 5 3 2 0
270 3 0 3 0
271 5 3 2 0
272 5 2 3 0
273 6 3 3 0
274 3 1 2 0
275 6 2 4 0
276 4 2 2 0
277 6 3 3 0
278 4 2 2 0
279 5 2 3 0
280 6 3 3 0
281 4 1 3 0
282 5 3 2 0
283 4 2 2 0
284 6 3 3 0
285 4 1 3 0
286 5 3 2 0
287 5 2 3 0
288 4 1 3 0
289 6 3 3 0
290 4 2 2 0
291 6 4 2 0
292 4 2 2 0
293 5 2 3 0
294 5 3 2 0
295 3 2 1 0
296 5 3 2 0
297 5 2 3 0
298 2 1 1 0
299 6 3 3 0
300 5 2 3 0
301 3 2 1 0
302 5 3 2 0
303 6 3 3 0
304 2 1 1 0
305 5 3 2 0
306 6 3 3 0
307 2 1 1 0
308 6 3 3 0
309 4 2 2 0
310 5 3 2 0
311 5 3 2 0
312 6 3 3 0
313 5 3 2 0
314 4 2 2 0
315 7 3 4 0
316 4 2 2 0
317 7 4 3 0
318 5 2 3 0
319 6 3 3 0
320 6 3 3 0
321 5 3 2 0
322 5 2 3 0
323 6 3 3 0
324 6 3 3 0
325 5 3 2 0
326 7 3 4 0
327 4 2 2 0
328 7 4 3 0
329 4 2 2 0
330 5 2 3 0
331 6 3 3 0
332 5 2 3 0
333 5 2 3 0
334 4 2 2 0
335 6 3 3 0
336 2 1 1 0
337 6 3 3 0
338 5 2 3 0
339 2 1 1 0
340 6 3 3 0
341 5 2 3 0
342 3 1 2 0
343 5 3 2 0
344 6 3 3 0
345 2 1 1 0
346 5 3 2 0
347 5 2 3 0
348 3 1 2 0
349 5 2 3 0
350 5 3 2 0
351 4 2 2 0
352 6 2 4 0
353 4 2 2 0
354 6 3 3 0
355 4 3 1 0
356 5 3 2 0
357 5 2 3 0
358 4 3 1 0
359 6 3 3 0
360 4 2 2 0
361 5 2 3 0
362 4 3 1 0
363 6 3 3 0
364 5 3 2 0
365 4 2 2 0
366 6 3 3 0
367 4 2 2 0
368 6 4 2 0
369 3 2 1 0
370 6 3 3 0
371 5 3 2 0
372 5 2 3 0
373 3 3 0 0
374 5 2 3 0
375 5 2 3 0
376 5 2 3 0
377 4 2 2 0
378 6 3 3 0
379 5 3 2 0
380 5 2 3 0
381 5 3 2 0
382 3 1 2 0
383 6 3 3 0
384 5 2 3 0
385 5 2 3 0
386 4 2 2 0
387 6 3 3 0
388 5 3 2 0
389 3 1 2 0
390 5 2 3 0
391 4 3 1 0
392 6 3 3 0
393 5 2 3 0
394 5 2 3 0
395 5 2 3 0
396 5 2 3 0
397 5 2 3 0
398 4 2 2 0
399 5 2 3 0
400 5 3 2 0
401 3 1 2 0
402 5 2 3 0
403 5 3 2 0
404 3 2 1 0
405 6 3 3 0
406 5 2 3 0
407 5 3 2 0
408 5 3 2 0
409 5 2 3 0
410 5 2 3 0
411 5 3 2 0
412 5 3 2 0
413 5 2 3 0
414 4 2 2 0
415 5 2 3 0
416 5 3 2 0
417 4 2 2 0
418 5 2 3 0
419 4 2 2 0
420 5 2 3 0
421 5 3 2 0
422 4 2 2 0
423 5 2 3 0
424 5 3 2 0
425 4 2 2 0
426 6 3 3 0
427 5 2 3 0
428 5 3 2 0
429 5 3 2 0
430 5 3 2 0
431 5 3 2 0
432 5 2 3 0
433 5 2 3 0
434 5 2 3 0
435 5 2 3 0
436 5 2 3 0
437 5 3 2 0
438 5 3 2 0
439 5 3 2 0
440 5 3 2 0
441 5 3 2 0
442 5 3 2 0
443 5 2 3 0
444 5 2 3 0
445 5 2 3 0
446 5 2 3 0
447 5 2 3 0
448 5 2 3 0
449 5 2 3 0
450 5 2 3 0
451 5 2 3 0
452 5 3 2 0
453 5 3 2 0
454 4 1 3 0
455 5 3 2 0
456 5 2 3 0
457 5 3 2 0
458 5 2 3 0
459 5 3 2 0
460 5 2 3 0
461 5 3 2 0
462 5 2 3 0
463 5 3 2 0
464 5 2 3 0
465 5 3 2 0
466 5 2 3 0
467 5 3 2 0
468 5 2 3 0
469 5 3 2 0
470 5 2 3 0
471 5 3 2 0
472 5 2 3 0
473 5 3 2 0
474 5 2 3 0
475 5 3 2 0
476 6 2 4 0
477 4 2 2 0
478 5 3 2 0
479 5 3 2 0
480 5 3 2 0
481 5 3 2 0
482 5 3 2 0
483 5 3 2 0
484 5 3 2 0
485 5 3 2 0
486 5 3 2 0
487 5 3 2 0
488 5 3 2 0
489 5 3 2 0
490 5 3 2 0
491 5 3 2 0
492 3 0 3 0
493 5 3 2 0
494 5 2 3 0
495 5 3 2 0
496 5 2 3 0
497 5 3 2 0
498 5 2 3 0
499 5 3 2 0
500 5 2 3 0
501 5 3 2 0
502 5 2 3 0
503 5 3 2 0
504 6 2 4 0
505 4 2 2 0
506 5 3 2 0
507 5 3 2 0
508 5 3 2 0
509 5 3 2 0
510 5 2 3 0
511 5 2 3 0
512 5 2 3 0
513 5 2 3 0
514 5 2 3 0
515 5 2 3 0
516 6 2 4 0
517 3 1 2 0
518 5 2 3 0
519 5 3 2 0
520 4 2 2 0
521 5 2 3 0
522 5 3 2 0
523 5 2 3 0
524 5 3 2 0
525 5 2 3 0
526 5 3 2 0
527 6 2 4 0
528 4 1 3 0
529 4 2 2 0
530 5 2 3 0
531 5 3 2 0
532 4 2 2 0
533 5 3 2 0
534 5 3 2 0
535 5 3 2 0
536 5 2 3 0
537 5 2 3 0
538 6 2 4 0
539 3 2 1 0
540 3 1 2 0
541 4 1 3 0
542 5 3 2 0
543 5 2 3 0
544 5 2 3 0
545 5 3 2 0
546 5 3 2 0
547 5 3 2 0
548 5 2 3 0
549 6 3 3 0
550 3 1 2 0
551 4 2 2 0
552 5 3 2 0
553 4 2 2 0
554 6 2 4 0
555 4 2 2 0
556 5 3 2 0
557 5 2 3 0
558 5 2 3 0
559 5 3 2 0
560 6 3 3 0
561 4 1 3 0
562 5 3 2 0
563 3 2 1 0
564 5 2 3 0
565 5 3 2 0
566 4 2 2 0
567 5 2 3 0
568 5 2 3 0
569 5 2 3 0
570 5 3 2 0
571 5 3 2 0
572 6 3 3 0
573 4 1 3 0
574 5 3 2 0
575 3 2 1 0
576 5 2 3 0
577 5 3 2 0
578 5 2 3 0
579 5 3 2 0
580 4 2 2 0
581 5 2 3 0
582 5 2 3 0
583 5 2 3 0
584 5 3 2 0
585 5 3 2 0
586 5 3 2 0
587 3 0 3 0
588 5 3 2 0
589 5 2 3 0
590 5 3 2 0
591 5 2 3 0
592 5 3 2 0
593 5 2 3 0
594 6 3 3 0
595 3 1 2 0
596 5 2 3 0
597 5 3 2 0
598 4 2 2 0
599 5 3 2 0
600 5 3 2 0
601 5 2 3 0
602 5 2 3 0
603 6 3 3 0
604 3 2 1 0
605 5 2 3 0
606 5 3 2 0
607 3 2 1 0
608 6 2 4 0
609 4 2 2 0
610 5 3 2 0
611 5 3 2 0
612 5 3 2 0
613 5 3 2 0
614 5 3 2 0
615 6 3 3 0
616 2 1 1 0
617 4 3 1 0
618 5 3 2 0
619 5 4 1 0
620 5 3 2 0
621 5 2 3 0
622 6 3 3 0
623 4 1 3 0
624 5 3 2 0
625 3 2 1 0
626 5 2 3 0
627 5 3 2 0
628 6 2 4 0
629 4 2 2 0
630 5 3 2 0
631 5 3 2 0
632 5 3 2 0
633 5 3 2 0
634 5 3 2 0
635 5 3 2 0
636 5 3 2 0
637 5 3 2 0
638 6 3 3 0
639 5 3 2 0
640 5 2 3 0