0.0	0.0
0.00625	0.002274813964
0.0125	0.004549627928
0.01875	0.006824441892
0.025	0.009099255857
0.03125	0.011374069821
0.0375	0.013648883785
0.04375	0.015923697749
0.05	0.018198511713
0.05625	0.020473325677
0.0625	0.022748139642
0.06875	0.025022953606
0.075	0.02729776757
0.08125	0.029572581534
0.0875	0.031847395498
0.09375	0.034122209462
0.1	0.036397023427
0.10625	0.038671837391
0.1125	0.040946651355
0.11875	0.043221465319
0.125	0.045496279283
0.13125	0.047771093247
0.1375	0.050045907212
0.14375	0.052320721176
0.15	0.05459553514
0.15625	0.056870349104
0.1625	0.059145163068
0.16875	0.061419977032
0.175	0.063694790997
0.18125	0.065969604961
0.1875	0.068244418925
0.19375	0.070519232889
0.2	0.072794046853
0.20625	0.075068860817
0.2125	0.077343674782
0.21875	0.079618488746
0.225	0.08189330271
0.23125	0.084168116674
0.2375	0.086442930638
0.24375	0.088717744602
0.25	0.090992558567
0.25625	0.093267372531
0.2625	0.095542186495
0.26875	0.097817000459
0.275	0.100091814423
0.28125	0.102366628387
0.2875	0.104641442352
0.29375	0.106916256316
0.3	0.10919107028
0.30625	0.111465884244
0.3125	0.113740698208
0.31875	0.116015512172
0.325	0.118290326137
0.33125	0.120565140101
0.3375	0.122839954065
0.34375	0.125114768029
0.35	0.127389581993
0.35625	0.129664395957
0.3625	0.131939209921
0.36875	0.134214023886
0.375	0.13648883785
0.38125	0.138763651814
0.3875	0.141038465778
0.39375	0.143313279742
0.4	0.145588093706
0.40625	0.147862907671
0.4125	0.150137721635
0.41875	0.152412535599
0.425	0.154687349563
0.43125	0.156962163527
0.4375	0.159236977491
0.44375	0.161511791456
0.45	0.16378660542
0.45625	0.166061419384
0.4625	0.168336233348
0.46875	0.170611047312
0.475	0.172885861276
0.48125	0.175160675241
0.4875	0.177435489205
0.49375	0.179710303169
0.5	0.181985117133
0.50625	0.179710303169
0.5125	0.177435489205
0.51875	0.175160675241
0.525	0.172885861276
0.53125	0.170611047312
0.5375	0.168336233348
0.54375	0.166061419384
0.55	0.16378660542
0.55625	0.161511791456
0.5625	0.159236977491
0.56875	0.156962163527
0.575	0.154687349563
0.58125	0.152412535599
0.5875	0.150137721635
0.59375	0.147862907671
0.6	0.145588093706
0.60625	0.143313279742
0.6125	0.141038465778
0.61875	0.138763651814
0.625	0.13648883785
0.63125	0.134214023886
0.6375	0.131939209921
0.64375	0.129664395957
0.65	0.127389581993
0.65625	0.125114768029
0.6625	0.122839954065
0.66875	0.120565140101
0.675	0.118290326137
0.68125	0.116015512172
0.6875	0.113740698208
0.69375	0.111465884244
0.7	0.10919107028
0.70625	0.106916256316
0.7125	0.104641442352
0.71875	0.102366628387
0.725	0.100091814423
0.73125	0.097817000459
0.7375	0.095542186495
0.74375	0.093267372531
0.75	0.090992558567
0.75625	0.088717744602
0.7625	0.086442930638
0.76875	0.084168116674
0.775	0.08189330271
0.78125	0.079618488746
0.7875	0.077343674782
0.79375	0.075068860817
0.8	0.072794046853
0.80625	0.070519232889
0.8125	0.068244418925
0.81875	0.065969604961
0.825	0.063694790997
0.83125	0.061419977032
0.8375	0.059145163068
0.84375	0.056870349104
0.85	0.05459553514
0.85625	0.052320721176
0.8625	0.050045907212
0.86875	0.047771093247
0.875	0.045496279283
0.88125	0.043221465319
0.8875	0.040946651355
0.89375	0.038671837391
0.9	0.036397023427
0.90625	0.034122209462
0.9125	0.031847395498
0.91875	0.029572581534
0.925	0.02729776757
0.93125	0.025022953606
0.9375	0.022748139642
0.94375	0.020473325677
0.95	0.018198511713
0.95625	0.015923697749
0.9625	0.013648883785
0.96875	0.011374069821
0.975	0.009099255857
0.98125	0.006824441892
0.9875	0.004549627928
0.99375	0.002274813964
1.0	0.0
0.99375	-0.002274813964
0.9875	-0.004549627928
0.98125	-0.006824441892
0.975	-0.009099255857
0.96875	-0.011374069821
0.9625	-0.013648883785
0.95625	-0.015923697749
0.95	-0.018198511713
0.94375	-0.020473325677
0.9375	-0.022748139642
0.93125	-0.025022953606
0.925	-0.02729776757
0.91875	-0.029572581534
0.9125	-0.031847395498
0.90625	-0.034122209462
0.9	-0.036397023427
0.89375	-0.038671837391
0.8875	-0.040946651355
0.88125	-0.043221465319
0.875	-0.045496279283
0.86875	-0.047771093247
0.8625	-0.050045907212
0.85625	-0.052320721176
0.85	-0.05459553514
0.84375	-0.056870349104
0.8375	-0.059145163068
0.83125	-0.061419977032
0.825	-0.063694790997
0.81875	-0.065969604961
0.8125	-0.068244418925
0.80625	-0.070519232889
0.8	-0.072794046853
0.79375	-0.075068860817
0.7875	-0.077343674782
0.78125	-0.079618488746
0.775	-0.08189330271
0.76875	-0.084168116674
0.7625	-0.086442930638
0.75625	-0.088717744602
0.75	-0.090992558567
0.74375	-0.093267372531
0.7375	-0.095542186495
0.73125	-0.097817000459
0.725	-0.100091814423
0.71875	-0.102366628387
0.7125	-0.104641442352
0.70625	-0.106916256316
0.7	-0.10919107028
0.69375	-0.111465884244
0.6875	-0.113740698208
0.68125	-0.116015512172
0.675	-0.118290326137
0.66875	-0.120565140101
0.6625	-0.122839954065
0.65625	-0.125114768029
0.65	-0.127389581993
0.64375	-0.129664395957
0.6375	-0.131939209921
0.63125	-0.134214023886
0.625	-0.13648883785
0.61875	-0.138763651814
0.6125	-0.141038465778
0.60625	-0.143313279742
0.6	-0.145588093706
0.59375	-0.147862907671
0.5875	-0.150137721635
0.58125	-0.152412535599
0.575	-0.154687349563
0.56875	-0.156962163527
0.5625	-0.159236977491
0.55625	-0.161511791456
0.55	-0.16378660542
0.54375	-0.166061419384
0.5375	-0.168336233348
0.53125	-0.170611047312
0.525	-0.172885861276
0.51875	-0.175160675241
0.5125	-0.177435489205
0.50625	-0.179710303169
0.5	-0.181985117133
0.49375	-0.179710303169
0.4875	-0.177435489205
0.48125	-0.175160675241
0.475	-0.172885861276
0.46875	-0.170611047312
0.4625	-0.168336233348
0.45625	-0.166061419384
0.45	-0.16378660542
0.44375	-0.161511791456
0.4375	-0.159236977491
0.43125	-0.156962163527
0.425	-0.154687349563
0.41875	-0.152412535599
0.4125	-0.150137721635
0.40625	-0.147862907671
0.4	-0.145588093706
0.39375	-0.143313279742
0.3875	-0.141038465778
0.38125	-0.138763651814
0.375	-0.13648883785
0.36875	-0.134214023886
0.3625	-0.131939209921
0.35625	-0.129664395957
0.35	-0.127389581993
0.34375	-0.125114768029
0.3375	-0.122839954065
0.33125	-0.120565140101
0.325	-0.118290326137
0.31875	-0.116015512172
0.3125	-0.113740698208
0.30625	-0.111465884244
0.3	-0.10919107028
0.29375	-0.106916256316
0.2875	-0.104641442352
0.28125	-0.102366628387
0.275	-0.100091814423
0.26875	-0.097817000459
0.2625	-0.095542186495
0.25625	-0.093267372531
0.25	-0.090992558567
0.24375	-0.088717744602
0.2375	-0.086442930638
0.23125	-0.084168116674
0.225	-0.08189330271
0.21875	-0.079618488746
0.2125	-0.077343674782
0.20625	-0.075068860817
0.2	-0.072794046853
0.19375	-0.070519232889
0.1875	-0.068244418925
0.18125	-0.065969604961
0.175	-0.063694790997
0.16875	-0.061419977032
0.1625	-0.059145163068
0.15625	-0.056870349104
0.15	-0.05459553514
0.14375	-0.052320721176
0.1375	-0.050045907212
0.13125	-0.047771093247
0.125	-0.045496279283
0.11875	-0.043221465319
0.1125	-0.040946651355
0.10625	-0.038671837391
0.1	-0.036397023427
0.09375	-0.034122209462
0.0875	-0.031847395498
0.08125	-0.029572581534
0.075	-0.02729776757
0.06875	-0.025022953606
0.0625	-0.022748139642
0.05625	-0.020473325677
0.05	-0.018198511713
0.04375	-0.015923697749
0.0375	-0.013648883785
0.03125	-0.011374069821
0.025	-0.009099255857
0.01875	-0.006824441892
0.0125	-0.004549627928
0.00625	-0.002274813964