0 0
0.999428	0.0060829
0.998851	0.00626099
0.998268	0.00643364
0.997678	0.0066011
0.997084	0.00676362
0.996483	0.00692147
0.995877	0.00707496
0.995266	0.00722439
0.994649	0.00737007
0.994027	0.00751228
0.993399	0.00764968
0.992766	0.00778167
0.992128	0.00790834
0.991483	0.00802982
0.990834	0.00814621
0.990178	0.00825763
0.989518	0.00836423
0.988852	0.00846612
0.988181	0.00856346
0.987504	0.00865638
0.986822	0.00874505
0.986135	0.00882963
0.985443	0.00891028
0.984746	0.00898719
0.984043	0.00906023
0.983335	0.00912709
0.982621	0.00918736
0.981902	0.0092412
0.981178	0.00928881
0.980448	0.00933038
0.979713	0.00936609
0.978973	0.00939616
0.978228	0.00942083
0.977477	0.0094403
0.976721	0.00945482
0.975959	0.00946466
0.975193	0.00947006
0.974421	0.0094713
0.973644	0.00946867
0.972862	0.00946247
0.972074	0.00945302
0.971282	0.00944062
0.970483	0.00942564
0.96968	0.0094084
0.968871	0.00938641
0.968057	0.00935782
0.967238	0.0093228
0.966413	0.00928153
0.965583	0.0092342
0.964748	0.009181
0.963908	0.00912215
0.963062	0.00905786
0.96221	0.00898837
0.961353	0.00891391
0.960491	0.00883475
0.959623	0.00875113
0.95875	0.00866333
0.957871	0.00857166
0.956986	0.00847639
0.956095	0.00837786
0.955199	0.00827639
0.954297	0.00817231
0.953389	0.00806599
0.952475	0.00795781
0.951554	0.00784815
0.950628	0.00773741
0.949695	0.00762579
0.948757	0.00751018
0.947812	0.00738951
0.946862	0.0072639
0.945906	0.00713347
0.944944	0.00699833
0.943975	0.00685862
0.943001	0.00671448
0.942021	0.00656603
0.941034	0.00641344
0.940042	0.00625686
0.939043	0.00609646
0.938037	0.00593242
0.937025	0.0057649
0.936006	0.00559412
0.934981	0.00542026
0.933949	0.00524354
0.932911	0.00506418
0.931865	0.00488241
0.930813	0.00469846
0.929753	0.00451259
0.928686	0.00432507
0.927612	0.00413616
0.926531	0.00394615
0.925442	0.00375534
0.924346	0.00356393
0.923243	0.0033698
0.922132	0.00317202
0.921015	0.00297065
0.91989	0.00276576
0.918758	0.00255743
0.917618	0.00234572
0.916471	0.00213071
0.915317	0.00191249
0.914155	0.00169114
0.912986	0.00146675
0.911809	0.00123943
0.910624	0.00100927
0.909431	0.000776389
0.908231	0.000540891
0.907022	0.000302897
0.905805	6.25308e-05
0.90458	-0.000180076
0.903347	-0.000424788
0.902105	-0.000671462
0.900855	-0.000919949
0.899597	-0.00117009
0.89833	-0.00142173
0.897054	-0.00167469
0.895769	-0.0019288
0.894476	-0.00218387
0.893174	-0.00243982
0.891862	-0.00269798
0.890542	-0.00295882
0.889214	-0.0032223
0.887876	-0.00348838
0.886529	-0.00375703
0.885174	-0.0040282
0.883809	-0.00430185
0.882435	-0.00457794
0.881052	-0.00485643
0.87966	-0.00513725
0.878258	-0.00542036
0.876846	-0.0057057
0.875425	-0.0059932
0.873995	-0.00628282
0.872554	-0.00657449
0.871104	-0.00686812
0.869644	-0.00716366
0.868174	-0.00746104
0.866694	-0.00776016
0.865204	-0.00806094
0.863704	-0.00836331
0.862193	-0.00866717
0.860672	-0.00897244
0.85914	-0.00927899
0.857598	-0.00958675
0.856045	-0.00989594
0.854481	-0.0102072
0.852907	-0.0105206
0.851322	-0.0108361
0.849726	-0.0111537
0.84812	-0.0114733
0.846502	-0.0117949
0.844874	-0.0121186
0.843234	-0.0124442
0.841583	-0.0127718
0.839921	-0.0131013
0.838247	-0.0134327
0.836562	-0.013766
0.834866	-0.0141011
0.833157	-0.014438
0.831438	-0.0147766
0.829706	-0.015117
0.827962	-0.0154591
0.826207	-0.0158028
0.82444	-0.0161481
0.82266	-0.0164949
0.820869	-0.0168433
0.819065	-0.017193
0.817249	-0.0175442
0.815421	-0.0178967
0.813581	-0.018251
0.811729	-0.0186071
0.809864	-0.018965
0.807987	-0.0193246
0.806098	-0.0196859
0.804196	-0.0200488
0.802283	-0.0204134
0.800357	-0.0207795
0.798418	-0.0211472
0.796465	-0.0215169
0.794462	-0.021895
0.792408	-0.0222819
0.790301	-0.0226777
0.78814	-0.0230824
0.785923	-0.0234962
0.78365	-0.0239192
0.781318	-0.0243517
0.778926	-0.0247936
0.776473	-0.0252451
0.773956	-0.0257064
0.771374	-0.0261775
0.768726	-0.0266589
0.766008	-0.0271509
0.76322	-0.0276537
0.76036	-0.0281674
0.757425	-0.0286923
0.754414	-0.0292285
0.751324	-0.0297762
0.748154	-0.0303354
0.744901	-0.0309064
0.741563	-0.0314892
0.738138	-0.0320839
0.734623	-0.0326907
0.731017	-0.0333097
0.727317	-0.0339409
0.72352	-0.0345844
0.719624	-0.0352405
0.715626	-0.0359096
0.711523	-0.0365916
0.707314	-0.0372865
0.702994	-0.0379945
0.698561	-0.0387154
0.694013	-0.0394493
0.689345	-0.0401959
0.684555	-0.0409553
0.67964	-0.0417273
0.674596	-0.0425117
0.66942	-0.0433087
0.664108	-0.0441189
0.658658	-0.0449419
0.653064	-0.0457774
0.647324	-0.0466249
0.641433	-0.0474838
0.635387	-0.0483536
0.629181	-0.0492336
0.622813	-0.0501229
0.616276	-0.0510215
0.609567	-0.05193
0.60268	-0.0528474
0.595611	-0.0537729
0.588354	-0.0547054
0.580904	-0.0556438
0.573255	-0.0565867
0.565401	-0.0575332
0.557337	-0.0584836
0.549055	-0.0594364
0.54055	-0.0603897
0.531813	-0.0613412
0.522839	-0.0622883
0.51362	-0.0632286
0.504148	-0.0641607
0.494415	-0.0650838
0.48453	-0.0659865
0.47476	-0.0668456
0.465102	-0.0676633
0.455557	-0.0684421
0.446124	-0.0691908
0.436803	-0.0699158
0.427592	-0.0705938
0.418488	-0.0712021
0.40949	-0.0717228
0.400599	-0.0721632
0.391816	-0.0725379
0.383141	-0.0728603
0.374574	-0.0731432
0.366115	-0.0733984
0.357763	-0.0736348
0.349518	-0.0738483
0.341378	-0.0740328
0.333342	-0.0741832
0.32541	-0.0742949
0.31758	-0.0743637
0.309851	-0.0743884
0.302222	-0.0743793
0.294692	-0.0743366
0.287259	-0.0742587
0.279923	-0.0741442
0.272684	-0.073992
0.265538	-0.0738013
0.258486	-0.0735797
0.251526	-0.0733281
0.244658	-0.0730448
0.237879	-0.0727281
0.23119	-0.0723765
0.22459	-0.0719886
0.218076	-0.0715686
0.211649	-0.0711226
0.205306	-0.0706482
0.199047	-0.0701431
0.192872	-0.0696054
0.18678	-0.0690332
0.180774	-0.0684266
0.174887	-0.0677991
0.169116	-0.0671514
0.16346	-0.066481
0.157917	-0.0657857
0.152485	-0.0650639
0.147162	-0.0643141
0.141947	-0.0635398
0.136835	-0.0627515
0.131826	-0.0619465
0.126917	-0.0611219
0.122108	-0.0602752
0.117397	-0.0594042
0.112783	-0.058507
0.108263	-0.0575892
0.103833	-0.0566618
0.0994924	-0.0557204
0.0952403	-0.054761
0.0910762	-0.0537802
0.0869994	-0.0527747
0.0830095	-0.051742
0.0792014	-0.0507152
0.0756442	-0.0497317
0.0723229	-0.0487865
0.0692233	-0.0478755
0.0663321	-0.0469961
0.0636362	-0.0461467
0.0611236	-0.0453262
0.0587826	-0.0445341
0.0566024	-0.0437702
0.0545697	-0.0430418
0.0526731	-0.0423535
0.0509043	-0.0417014
0.0492555	-0.0410829
0.0477191	-0.0404955
0.046288	-0.0399375
0.0449552	-0.0394072
0.0437143	-0.0389033
0.0425592	-0.0384246
0.041484	-0.03797
0.0404834	-0.0375387
0.0395523	-0.0371295
0.0386858	-0.0367418
0.0378795	-0.0363745
0.0371292	-0.0360269
0.036431	-0.0356982
0.0357813	-0.0353875
0.0351762	-0.0350948
0.0346118	-0.034821
0.0340643	-0.0345546
0.0335223	-0.0342899
0.0329857	-0.0340267
0.0324547	-0.033765
0.031929	-0.0335044
0.0314088	-0.033245
0.030894	-0.0329865
0.0303844	-0.0327287
0.0298802	-0.0324717
0.0293811	-0.0322151
0.0288872	-0.031959
0.0283984	-0.0317031
0.0279147	-0.0314474
0.027436	-0.0311918
0.0269623	-0.0309362
0.0264937	-0.0306805
0.02603	-0.0304245
0.0255713	-0.0301684
0.0251177	-0.0299119
0.024669	-0.0296551
0.0242253	-0.0293979
0.0237867	-0.0291402
0.023353	-0.028882
0.0229244	-0.0286233
0.0225007	-0.028364
0.022082	-0.028104
0.0216683	-0.0278434
0.0212596	-0.0275821
0.0208559	-0.02732
0.020457	-0.0270572
0.0200631	-0.0267936
0.0196741	-0.0265292
0.0192899	-0.0262639
0.0189098	-0.025999
0.0185326	-0.0257358
0.0181584	-0.0254742
0.0177874	-0.025214
0.0174196	-0.0249551
0.017055	-0.0246972
0.0166938	-0.0244403
0.0163359	-0.0241841
0.0159816	-0.0239286
0.0156309	-0.0236737
0.0152839	-0.0234192
0.0149406	-0.023165
0.0146012	-0.0229112
0.0142657	-0.0226575
0.0139343	-0.022404
0.0136069	-0.0221505
0.0132837	-0.021897
0.0129648	-0.0216435
0.0126503	-0.0213898
0.0123401	-0.021136
0.0120344	-0.0208819
0.0117332	-0.0206276
0.0114365	-0.020373
0.0111445	-0.020118
0.0108571	-0.0198626
0.0105745	-0.0196068
0.0102965	-0.0193506
0.0100233	-0.0190937
0.00975481	-0.0188364
0.00949111	-0.0185784
0.00923221	-0.0183197
0.0089781	-0.0180604
0.00872878	-0.0178003
0.00848428	-0.0175394
0.00824458	-0.0172778
0.0080097	-0.0170152
0.00777957	-0.0167518
0.0075524	-0.0164892
0.00732744	-0.0162277
0.00710476	-0.0159674
0.00688446	-0.0157081
0.00666661	-0.0154497
0.0064513	-0.0151921
0.00623862	-0.0149352
0.00602867	-0.0146789
0.00582153	-0.0144231
0.00561732	-0.014168
0.00541613	-0.0139133
0.00521808	-0.0136591
0.00502327	-0.0134053
0.00483182	-0.013152
0.00464382	-0.0128991
0.0044594	-0.0126468
0.00427864	-0.0123948
0.00410164	-0.0121434
0.00392851	-0.0118924
0.00375932	-0.0116419
0.00359416	-0.0113919
0.00343311	-0.0111425
0.00327624	-0.0108936
0.00312362	-0.0106452
0.00297529	-0.0103973
0.00283133	-0.0101499
0.00269177	-0.00990309
0.00255667	-0.00965678
0.00242606	-0.00941098
0.00229998	-0.00916568
0.00217846	-0.00892087
0.00206154	-0.00867651
0.00194924	-0.0084326
0.00184158	-0.0081891
0.00173859	-0.00794598
0.0016403	-0.00770324
0.00154672	-0.00746082
0.00145788	-0.00721872
0.00137346	-0.00697704
0.00129228	-0.00673613
0.00121416	-0.00649603
0.00113901	-0.0062567
0.00106675	-0.00601814
0.0009973	-0.00578033
0.000930606	-0.00554327
0.000866609	-0.00530698
0.000805261	-0.00507145
0.00074652	-0.00483673
0.000690351	-0.00460284
0.000636723	-0.00436982
0.000585608	-0.00413772
0.000536984	-0.0039066
0.000490828	-0.00367652
0.000447121	-0.00344754
0.000405843	-0.00321973
0.000366975	-0.00299315
0.0003305	-0.00276788
0.000296397	-0.00254398
0.000264648	-0.00232151
0.000235234	-0.00210053
0.000208134	-0.00188112
0.000183327	-0.00166331
0.000160793	-0.00144717
0.000140508	-0.00123275
0.000122451	-0.00102009
0.000106599	-0.000809242
9.29273e-05	-0.00060024
8.14129e-05	-0.00039312
7.20314e-05	-0.000187912
6.47583e-05	1.53579e-05
5.95664e-05	0.000216806
5.64041e-05	0.000419429
5.53454e-05	0.000623199
5.64677e-05	0.000828094
5.98522e-05	0.0010341
6.55843e-05	0.00124119
7.37548e-05	0.00144938
8.44602e-05	0.00165866
9.78038e-05	0.00186904
0.000113897	0.00208052
0.000132858	0.00229313
0.000154817	0.00250688
0.000179947	0.00272179
0.000208683	0.00293782
0.000241104	0.00315502
0.000277197	0.00337339
0.000316947	0.00359298
0.000360345	0.00381383
0.00040738	0.00403596
0.000458047	0.00425941
0.000512338	0.0044842
0.000570246	0.00471036
0.000631764	0.00493789
0.000696883	0.0051668
0.000765591	0.0053971
0.000837875	0.00562878
0.000913717	0.00586181
0.000993096	0.00609619
0.00107599	0.00633188
0.00116237	0.00656885
0.00125221	0.00680707
0.00134547	0.00704649
0.00144211	0.00728709
0.0015421	0.00752881
0.00164538	0.0077716
0.00175192	0.00801543
0.00186166	0.00826025
0.00197455	0.00850601
0.00209053	0.00875267
0.00220956	0.00900017
0.00233155	0.00924849
0.00245648	0.00949758
0.00258425	0.00974739
0.00271483	0.00999791
0.00284815	0.0102491
0.00298415	0.010501
0.00312278	0.0107534
0.00326398	0.0110066
0.0034077	0.0112604
0.0035539	0.0115148
0.00370255	0.0117699
0.0038536	0.0120258
0.00400702	0.0122825
0.00416307	0.0125398
0.00432356	0.0127968
0.00448883	0.0130531
0.00465886	0.013309
0.00483362	0.0135643
0.00501309	0.0138192
0.00519728	0.0140737
0.00538616	0.0143278
0.00557972	0.0145816
0.00577796	0.0148352
0.00598084	0.0150887
0.00618834	0.0153419
0.00640044	0.0155951
0.0066171	0.0158482
0.00683827	0.0161013
0.00706391	0.0163544
0.00729396	0.0166075
0.00752835	0.0168606
0.00776702	0.0171139
0.00800989	0.0173673
0.00825689	0.0176208
0.00850791	0.0178745
0.00876288	0.0181285
0.0090217	0.0183827
0.00928428	0.0186372
0.0095505	0.0188921
0.00982027	0.0191474
0.0100935	0.0194031
0.01037	0.0196594
0.0106498	0.0199162
0.0109327	0.0201738
0.0112186	0.0204321
0.0115073	0.0206914
0.0117989	0.0209516
0.0120931	0.0212129
0.0123899	0.0214755
0.0126892	0.0217395
0.0129908	0.0220051
0.0132951	0.0222719
0.0136038	0.0225381
0.0139171	0.0228034
0.014235	0.0230678
0.0145576	0.0233315
0.0148848	0.0235944
0.0152166	0.0238566
0.0155531	0.0241182
0.0158943	0.0243791
0.0162402	0.0246395
0.0165908	0.0248994
0.0169461	0.0251588
0.017306	0.0254178
0.0176707	0.0256764
0.0180401	0.0259347
0.0184141	0.0261928
0.0187927	0.0264506
0.019176	0.0267082
0.0195638	0.0269658
0.0199561	0.0272232
0.0203529	0.0274807
0.0207541	0.0277382
0.0211598	0.0279958
0.0215697	0.0282536
0.0219839	0.0285117
0.0224024	0.0287702
0.022825	0.029029
0.0232518	0.0292884
0.0236826	0.0295484
0.0241173	0.0298091
0.024556	0.0300707
0.0249985	0.0303332
0.0254448	0.0305968
0.0258948	0.0308616
0.0263484	0.0311278
0.0268057	0.0313954
0.0272665	0.0316645
0.0277321	0.0319333
0.0282026	0.0322012
0.028678	0.0324683
0.0291583	0.0327346
0.0296434	0.0330001
0.0301334	0.0332649
0.0306283	0.0335289
0.0311279	0.0337921
0.0316323	0.0340547
0.0321413	0.0343164
0.032655	0.0345775
0.0331732	0.0348379
0.033696	0.0350976
0.0342232	0.0353566
0.0347651	0.03562
0.0353437	0.0358982
0.0359614	0.0361919
0.036621	0.0365019
0.0373252	0.036829
0.0380768	0.0371742
0.0388792	0.0375384
0.0397356	0.0379228
0.0406497	0.0383285
0.0416254	0.0387569
0.0426667	0.0392097
0.043778	0.0396886
0.0449638	0.0401957
0.0462291	0.0407331
0.0475819	0.0412967
0.0490293	0.0418851
0.050578	0.042499
0.0522351	0.0431394
0.0540082	0.0438071
0.0559053	0.0445032
0.0579351	0.0452292
0.0601066	0.0459866
0.0624295	0.0467777
0.064914	0.0476055
0.0675707	0.0484737
0.0704115	0.0493851
0.0734541	0.0503276
0.0767136	0.0512983
0.0802051	0.0522981
0.0839446	0.0533283
0.0877936	0.0543508
0.0917295	0.055363
0.0957527	0.0563694
0.0998653	0.0573683
0.104072	0.0583457
0.108374	0.0593026
0.112772	0.0602408
0.117266	0.0611629
0.121858	0.0620716
0.126548	0.0629703
0.131337	0.0638596
0.136229	0.064727
0.141225	0.065572
0.146327	0.0663959
0.151534	0.0672005
0.15685	0.067988
0.162274	0.0687607
0.16781	0.0695177
0.17346	0.0702487
0.179226	0.0709537
0.185109	0.0716341
0.191084	0.0722885
0.19714	0.0729185
0.203279	0.0735267
0.209502	0.0741082
0.21581	0.0746574
0.222203	0.0751756
0.228684	0.0756645
0.235252	0.0761257
0.241907	0.0765613
0.248652	0.0769719
0.255487	0.0773498
0.262413	0.0776943
0.269431	0.0780068
0.276542	0.0782887
0.283746	0.0785417
0.291045	0.0787676
0.29844	0.0789616
0.305932	0.0791198
0.313523	0.0792433
0.321213	0.0793333
0.329003	0.0793913
0.336895	0.0794187
0.34489	0.0794128
0.35299	0.0793681
0.361195	0.0792858
0.369509	0.0791673
0.377931	0.0790142
0.386464	0.0788283
0.39511	0.0786069
0.40387	0.0783448
0.412746	0.0780429
0.421741	0.0777022
0.430857	0.0773241
0.440095	0.0769096
0.449459	0.0764533
0.45895	0.0759531
0.468571	0.0754102
0.478324	0.0748261
0.488212	0.0742024
0.498175	0.0735416
0.50789	0.0728618
0.517363	0.0721677
0.526598	0.0714639
0.535603	0.0707543
0.544383	0.0700421
0.552941	0.0693256
0.561284	0.0686054
0.569415	0.0678842
0.57734	0.0671643
0.585062	0.0664481
0.592586	0.0657372
0.599917	0.0650323
0.607059	0.0643311
0.614016	0.0636352
0.620793	0.0629462
0.627394	0.0622655
0.633823	0.0615942
0.640085	0.0609335
0.646184	0.0602841
0.652124	0.0596455
0.65791	0.0590163
0.663545	0.058397
0.669033	0.057788
0.674378	0.0571897
0.679584	0.0566025
0.684655	0.0560266
0.689593	0.0554622
0.694403	0.0549093
0.699088	0.0543681
0.703651	0.0538375
0.708096	0.0533171
0.712425	0.0528071
0.716641	0.0523075
0.720747	0.0518185
0.724746	0.05134
0.728642	0.0508721
0.732436	0.0504147
0.736132	0.0499677
0.739732	0.0495311
0.743238	0.0491048
0.746653	0.0486887
0.749979	0.0482821
0.753219	0.0478847
0.756374	0.0474962
0.759447	0.0471167
0.76244	0.046746
0.765355	0.0463841
0.768194	0.0460307
0.77096	0.0456858
0.773653	0.0453493
0.776275	0.045021
0.77883	0.0447008
0.781317	0.0443885
0.783739	0.0440841
0.786098	0.0437873
0.788395	0.043498
0.790632	0.0432161
0.79281	0.0429414
0.794931	0.0426737
0.796995	0.0424127
0.799006	0.0421584
0.800995	0.0419065
0.80297	0.0416562
0.80493	0.0414074
0.806875	0.0411603
0.808807	0.0409146
0.810724	0.0406705
0.812628	0.0404279
0.814517	0.0401868
0.816393	0.0399471
0.818256	0.0397089
0.820106	0.0394721
0.821943	0.0392367
0.823766	0.0390027
0.825577	0.0387701
0.827376	0.0385388
0.829162	0.0383088
0.830936	0.0380802
0.832698	0.0378529
0.834447	0.0376269
0.836185	0.0374022
0.837911	0.0371789
0.839625	0.0369572
0.841328	0.0367369
0.843018	0.0365181
0.844698	0.0363006
0.846366	0.0360845
0.848022	0.0358697
0.849667	0.0356562
0.851301	0.035444
0.852924	0.0352329
0.854536	0.035023
0.856136	0.0348142
0.857726	0.0346065
0.859305	0.0343999
0.860873	0.0341944
0.86243	0.0339898
0.863977	0.0337863
0.865513	0.0335837
0.867039	0.033382
0.868554	0.0331813
0.870059	0.0329814
0.871553	0.0327824
0.873037	0.0325842
0.874511	0.0323869
0.875975	0.0321905
0.877429	0.0319957
0.878873	0.0318023
0.880308	0.0316103
0.881732	0.0314196
0.883147	0.0312301
0.884552	0.0310417
0.885948	0.0308544
0.887334	0.0306681
0.88871	0.0304827
0.890077	0.0302981
0.891435	0.0301143
0.892784	0.0299312
0.894123	0.0297487
0.895453	0.0295668
0.896773	0.0293855
0.898085	0.0292047
0.899388	0.0290243
0.900681	0.0288442
0.901966	0.0286645
0.903242	0.0284851
0.904509	0.0283059
0.905767	0.028127
0.907017	0.0279482
0.908258	0.0277695
0.90949	0.0275909
0.910714	0.0274135
0.911929	0.0272376
0.913137	0.0270631
0.914336	0.0268898
0.915527	0.0267176
0.91671	0.0265463
0.917884	0.0263757
0.919051	0.0262058
0.92021	0.0260364
0.92136	0.0258675
0.922503	0.0256988
0.923638	0.0255302
0.924765	0.0253617
0.925883	0.0251931
0.926995	0.0250244
0.928098	0.0248554
0.929194	0.0246861
0.930282	0.0245163
0.931362	0.0243461
0.932435	0.0241752
0.9335	0.0240037
0.934557	0.0238314
0.935607	0.0236583
0.936649	0.0234843
0.937684	0.0233094
0.938712	0.0231339
0.939733	0.0229597
0.940747	0.0227868
0.941753	0.022615
0.942753	0.022444
0.943747	0.0222736
0.944733	0.0221036
0.945712	0.0219338
0.946685	0.0217639
0.94765	0.0215938
0.948609	0.0214233
0.949561	0.0212523
0.950506	0.0210804
0.951444	0.0209077
0.952376	0.0207339
0.9533	0.0205589
0.954218	0.0203825
0.955129	0.0202046
0.956033	0.0200251
0.956931	0.0198439
0.957822	0.0196609
0.958706	0.0194759
0.959583	0.0192888
0.960454	0.0190996
0.961318	0.0189081
0.962176	0.0187164
0.963028	0.0185255
0.963873	0.0183352
0.964713	0.018145
0.965547	0.0179548
0.966375	0.0177643
0.967197	0.0175732
0.968013	0.0173813
0.968822	0.0171883
0.969626	0.016994
0.970423	0.0167982
0.971214	0.0166007
0.971999	0.0164012
0.972778	0.0161998
0.97355	0.015996
0.974316	0.0157898
0.975076	0.015581
0.97583	0.0153695
0.976577	0.0151551
0.977317	0.0149377
0.978052	0.0147172
0.97878	0.0144936
0.979502	0.0142692
0.980219	0.0140443
0.98093	0.0138187
0.981636	0.0135922
0.982336	0.0133644
0.983031	0.0131353
0.98372	0.0129044
0.984403	0.0126718
0.985081	0.012437
0.985753	0.0122001
0.98642	0.0119606
0.987081	0.0117185
0.987737	0.0114735
0.988387	0.0112255
0.989032	0.0109741
0.989672	0.0107193
0.990307	0.0104607
0.990938	0.0101987
0.991564	0.00993413
0.992186	0.00966695
0.992805	0.00939696
0.993421	0.00912399
0.994034	0.00884789
0.994644	0.0085685
0.995251	0.00828567
0.995856	0.0079993
0.996457	0.00770931
0.997057	0.00741567
0.997653	0.00711841
0.998246	0.00681788
0.998835	0.0065144
0.99942	0.00620831
1	0.0059
0.999428	0.0060829
0 0
1.258	-0.098
1.256535	-0.097677
1.25508	-0.097357
1.253635	-0.097039
1.252357	-0.096412
1.251254	-0.095456
1.250159	-0.094506
1.249072	-0.093564
1.24799	-0.092628
1.246915	-0.091699
1.245846	-0.090779
1.244781	-0.089867
1.243722	-0.088963
1.242666	-0.088069
1.241615	-0.087184
1.240567	-0.086308
1.239522	-0.085443
1.23848	-0.084587
1.237442	-0.083741
1.236407	-0.082904
1.235375	-0.082077
1.234347	-0.081258
1.233322	-0.080448
1.232301	-0.079647
1.231284	-0.078853
1.23027	-0.078068
1.229261	-0.077291
1.228255	-0.076522
1.227253	-0.075761
1.226254	-0.075006
1.22526	-0.07426
1.22427	-0.07352
1.223283	-0.072787
1.222301	-0.072061
1.221322	-0.071342
1.220347	-0.07063
1.219377	-0.069924
1.21841	-0.069225
1.217447	-0.068532
1.216488	-0.067846
1.215533	-0.067165
1.214581	-0.066491
1.213634	-0.065823
1.21269	-0.065161
1.21175	-0.064504
1.210814	-0.063853
1.209882	-0.063208
1.208953	-0.062569
1.208029	-0.061934
1.207108	-0.061306
1.20619	-0.060682
1.205277	-0.060064
1.204367	-0.059451
1.203461	-0.058843
1.202558	-0.058241
1.201659	-0.057643
1.200764	-0.05705
1.199873	-0.056462
1.198984	-0.055878
1.1981	-0.055299
1.197219	-0.054725
1.196341	-0.054156
1.195467	-0.053591
1.194597	-0.053031
1.19373	-0.052474
1.192866	-0.051923
1.192005	-0.051376
1.191148	-0.050833
1.190295	-0.050294
1.189444	-0.049759
1.188597	-0.049229
1.187753	-0.048702
1.186913	-0.04818
1.186075	-0.047662
1.185241	-0.047147
1.18441	-0.046637
1.183582	-0.04613
1.182757	-0.045627
1.181936	-0.045128
1.181117	-0.044632
1.180301	-0.044141
1.179489	-0.043652
1.17868	-0.043168
1.177873	-0.042687
1.17707	-0.042209
1.176269	-0.041735
1.175471	-0.041264
1.174677	-0.040797
1.173885	-0.040333
1.173096	-0.039872
1.17231	-0.039415
1.171527	-0.03896
1.170747	-0.038509
1.169969	-0.038062
1.169194	-0.037617
1.168422	-0.037175
1.167653	-0.036736
1.166887	-0.036301
1.166123	-0.035868
1.165362	-0.035438
1.164604	-0.035011
1.163848	-0.034586
1.163095	-0.034165
1.162344	-0.033746
1.161596	-0.033331
1.160851	-0.032918
1.160108	-0.032508
1.159368	-0.032101
1.15863	-0.031697
1.157894	-0.031295
1.157161	-0.030895
1.156431	-0.030499
1.155703	-0.030104
1.154977	-0.029713
1.154254	-0.029324
1.153533	-0.028937
1.152815	-0.028553
1.152099	-0.028171
1.151385	-0.027791
1.150674	-0.027414
1.149965	-0.02704
1.149258	-0.026667
1.148553	-0.026297
1.147851	-0.025929
1.147151	-0.025563
1.146454	-0.0252
1.145758	-0.024838
1.145065	-0.024479
1.144374	-0.024122
1.143685	-0.023767
1.142998	-0.023414
1.142314	-0.023063
1.141631	-0.022714
1.140951	-0.022367
1.140273	-0.022022
1.139597	-0.02168
1.138923	-0.021338
1.138251	-0.020999
1.137581	-0.020662
1.136913	-0.020327
1.136247	-0.019993
1.135583	-0.019662
1.134921	-0.019332
1.134261	-0.019004
1.133603	-0.018678
1.132947	-0.018353
1.132293	-0.018031
1.131641	-0.01771
1.130991	-0.017391
1.130342	-0.017073
1.129696	-0.016757
1.129051	-0.016443
1.128408	-0.016131
1.127767	-0.01582
1.127128	-0.015511
1.126491	-0.015203
1.125855	-0.014897
1.125221	-0.014593
1.124589	-0.01429
1.123959	-0.013989
1.12333	-0.013689
1.122703	-0.013391
1.122078	-0.013094
1.121455	-0.012799
1.120833	-0.012506
1.120213	-0.012213
1.119594	-0.011923
1.118977	-0.011633
1.118362	-0.011346
1.117748	-0.011059
1.117136	-0.010774
1.116526	-0.010491
1.115917	-0.010208
1.11531	-0.009927
1.114704	-0.009648
1.1141	-0.00937
1.113497	-0.009093
1.112896	-0.008817
1.112297	-0.008543
1.111699	-0.00827
1.111102	-0.007998
1.110507	-0.007728
1.109913	-0.007459
1.109321	-0.007191
1.10873	-0.006924
1.108141	-0.006659
1.107553	-0.006394
1.106967	-0.006131
1.106382	-0.005869
1.105798	-0.005608
1.105216	-0.005349
1.104635	-0.00509
1.104055	-0.004833
1.103477	-0.004577
1.1029	-0.004321
1.102325	-0.004067
1.101751	-0.003814
1.101178	-0.003562
1.100606	-0.003312
1.100036	-0.003062
1.099467	-0.002813
1.098899	-0.002565
1.098333	-0.002319
1.097768	-0.002073
1.097204	-0.001829
1.096641	-0.001585
1.09608	-0.001342
1.095519	-0.001101
1.09496	-0.00086
1.094403	-0.00062
1.093846	-0.000381
1.09329	-0.000143
1.092736	0.000094
1.092183	0.00033
1.091631	0.000565
1.09108	0.000799
1.090531	0.001033
1.089982	0.001265
1.089435	0.001497
1.088889	0.001728
1.088344	0.001958
1.0878	0.002187
1.087257	0.002416
1.086715	0.002643
1.086174	0.00287
1.085635	0.003096
1.085096	0.003321
1.084558	0.003546
1.084022	0.00377
1.083486	0.003993
1.082952	0.004215
1.082419	0.004436
1.081886	0.004657
1.081355	0.004877
1.080825	0.005097
1.080295	0.005315
1.079767	0.005533
1.07924	0.005751
1.078713	0.005967
1.078188	0.006183
1.077663	0.006398
1.07714	0.006613
1.076617	0.006827
1.076096	0.007041
1.075575	0.007253
1.075055	0.007466
1.074536	0.007677
1.074018	0.007888
1.073501	0.008098
1.072985	0.008308
1.07247	0.008517
1.071955	0.008726
1.071442	0.008934
1.070929	0.009141
1.070417	0.009348
1.069906	0.009554
1.069396	0.009759
1.068887	0.009964
1.068378	0.010169
1.06787	0.010372
1.067363	0.010576
1.066857	0.010778
1.066352	0.01098
1.065847	0.011182
1.065343	0.011383
1.06484	0.011583
1.064338	0.011782
1.063836	0.011982
1.063335	0.01218
1.062835	0.012378
1.062335	0.012575
1.061836	0.012772
1.061338	0.012968
1.060841	0.013164
1.060344	0.013359
1.059848	0.013554
1.059352	0.013748
1.058857	0.013941
1.058363	0.014134
1.057869	0.014326
1.057376	0.014518
1.056884	0.014709
1.056392	0.0149
1.055901	0.01509
1.055411	0.015279
1.054921	0.015468
1.054431	0.015656
1.053943	0.015844
1.053454	0.016031
1.052967	0.016218
1.05248	0.016404
1.051993	0.01659
1.051507	0.016775
1.051021	0.016959
1.050536	0.017143
1.050052	0.017327
1.049568	0.017509
1.049085	0.017692
1.048602	0.017874
1.048119	0.018055
1.047637	0.018236
1.047156	0.018417
1.046675	0.018597
1.046195	0.018777
1.045715	0.018956
1.045236	0.019136
1.044757	0.019314
1.044278	0.019493
1.043801	0.019671
1.043323	0.019849
1.042847	0.020027
1.042371	0.020205
1.041895	0.020382
1.04142	0.020559
1.040945	0.020736
1.040471	0.020913
1.039997	0.02109
1.039524	0.021266
1.039051	0.021443
1.038579	0.021619
1.038108	0.021796
1.037637	0.021972
1.037166	0.022148
1.036696	0.022325
1.036227	0.022501
1.035758	0.022677
1.035289	0.022854
1.034821	0.02303
1.034354	0.023207
1.033887	0.023383
1.03342	0.02356
1.032954	0.023737
1.032489	0.023914
1.032024	0.024091
1.03156	0.024269
1.031096	0.024447
1.030633	0.024624
1.03017	0.024802
1.029707	0.024981
1.029245	0.025159
1.028784	0.025338
1.028323	0.025516
1.027862	0.025695
1.027402	0.025873
1.026942	0.026052
1.026482	0.02623
1.026023	0.026408
1.025564	0.026586
1.025105	0.026763
1.024646	0.02694
1.024188	0.027116
1.023729	0.027292
1.023271	0.027468
1.022813	0.027642
1.022354	0.027817
1.021896	0.02799
1.021438	0.028162
1.02098	0.028334
1.020522	0.028505
1.020063	0.028675
1.019605	0.028843
1.019146	0.029011
1.018687	0.029178
1.018229	0.029343
1.01777	0.029507
1.01731	0.02967
1.016851	0.029832
1.016391	0.029992
1.015931	0.030151
1.01547	0.030308
1.01501	0.030463
1.014549	0.030617
1.014087	0.030769
1.013625	0.03092
1.013163	0.031068
1.0127	0.031215
1.012237	0.031361
1.011774	0.031504
1.01131	0.031644
1.010846	0.031784
1.010381	0.031922
1.009917	0.032059
1.009452	0.032194
1.008987	0.03233
1.008522	0.032465
1.008057	0.032599
1.007592	0.032734
1.007128	0.03287
1.006664	0.033005
1.0062	0.033142
1.005736	0.033279
1.005273	0.033419
1.004811	0.033559
1.004349	0.033702
1.003888	0.033847
1.003428	0.033994
1.002969	0.034143
1.00251	0.034295
1.002053	0.034452
1.001597	0.03461
1.001142	0.034772
1.000689	0.034938
1.000237	0.035109
0.999787	0.035283
0.999338	0.035461
0.998891	0.035645
0.998447	0.035833
0.998004	0.036026
0.997564	0.036224
0.997126	0.036428
0.996691	0.036637
0.996258	0.036852
0.995829	0.037074
0.995402	0.037299
0.994978	0.037531
0.99456	0.037773
0.994148	0.038026
0.993738	0.038281
0.993337	0.03855
0.992953	0.038844
0.992578	0.039149
0.992215	0.039468
0.991876	0.039813
0.991566	0.040184
0.991286	0.040579
0.991036	0.040993
0.990814	0.041423
0.990628	0.041869
0.99048	0.042331
0.990356	0.042799
0.990259	0.043273
0.990189	0.043753
0.990144	0.044236
0.990123	0.04472
0.990126	0.045205
0.990152	0.04569
0.990202	0.046173
0.990275	0.046653
0.990374	0.047128
0.990497	0.047599
0.990639	0.048063
0.990804	0.048521
0.990988	0.048971
0.991191	0.049414
0.991406	0.049851
0.991649	0.050273
0.991907	0.050687
0.992176	0.051093
0.99245	0.051497
0.992718	0.051905
0.993003	0.052302
0.993301	0.052689
0.993631	0.05305
0.993977	0.053396
0.994327	0.053738
0.994681	0.054076
0.995039	0.054411
0.995401	0.054742
0.995767	0.055068
0.996136	0.055393
0.996508	0.055713
0.996887	0.056026
0.997272	0.056332
0.997663	0.056632
0.99806	0.056922
0.998466	0.057202
0.998879	0.057471
0.9993	0.05773
0.999728	0.057977
1.000163	0.05821
1.000606	0.05843
1.001055	0.058638
1.001509	0.058837
1.001969	0.059023
1.002433	0.059199
1.0029	0.059365
1.003372	0.059522
1.003847	0.059669
1.004326	0.059808
1.004806	0.059939
1.00529	0.060061
1.005775	0.060176
1.006263	0.060284
1.006753	0.060386
1.007243	0.060481
1.007738	0.06057
1.008236	0.060653
1.008737	0.06073
1.009242	0.060801
1.00975	0.060866
1.010262	0.060925
1.010776	0.060978
1.011294	0.061025
1.011815	0.061067
1.012338	0.061102
1.012865	0.061132
1.013395	0.061156
1.013927	0.061174
1.014462	0.061186
1.015	0.061193
1.01554	0.061195
1.016083	0.061191
1.016629	0.061182
1.017177	0.061167
1.017728	0.061147
1.018281	0.061122
1.018837	0.061092
1.019395	0.061057
1.019955	0.061018
1.020518	0.060974
1.021083	0.060924
1.021651	0.060871
1.022221	0.060813
1.022793	0.06075
1.023368	0.060683
1.023945	0.060612
1.024524	0.060536
1.025106	0.060456
1.02569	0.060371
1.026276	0.060282
1.026864	0.060189
1.027455	0.060091
1.028047	0.059989
1.028643	0.059883
1.02924	0.059773
1.029839	0.059659
1.030441	0.05954
1.031045	0.059418
1.031652	0.059291
1.03226	0.05916
1.032871	0.059025
1.033484	0.058887
1.034099	0.058745
1.034717	0.058598
1.035337	0.058448
1.035959	0.058295
1.036583	0.058137
1.03721	0.057976
1.037839	0.057812
1.038471	0.057644
1.039104	0.057472
1.039741	0.057296
1.040379	0.057117
1.04102	0.056935
1.041663	0.056748
1.042309	0.056559
1.042956	0.056365
1.043607	0.056168
1.044259	0.055967
1.044914	0.055763
1.045572	0.055555
1.046232	0.055344
1.046894	0.055129
1.047559	0.054911
1.048226	0.054689
1.048896	0.054464
1.049568	0.054235
1.050242	0.054003
1.050919	0.053767
1.051599	0.053528
1.052281	0.053285
1.052965	0.053039
1.053653	0.052789
1.054342	0.052536
1.055035	0.05228
1.055729	0.05202
1.056427	0.051756
1.057127	0.05149
1.05783	0.051219
1.058535	0.050945
1.059243	0.050668
1.059953	0.050388
1.060666	0.050103
1.061382	0.049816
1.062101	0.049525
1.062822	0.04923
1.063546	0.048933
1.064272	0.048631
1.065002	0.048327
1.065734	0.048018
1.066469	0.047707
1.067207	0.047392
1.067947	0.047073
1.068691	0.046751
1.069437	0.046426
1.070186	0.046097
1.070938	0.045765
1.071693	0.045429
1.07245	0.04509
1.073211	0.044747
1.073974	0.0444
1.07474	0.04405
1.07551	0.043697
1.076282	0.04334
1.077057	0.042979
1.077835	0.042615
1.078616	0.042247
1.0794	0.041876
1.080187	0.041501
1.080977	0.041122
1.08177	0.04074
1.082566	0.040355
1.083365	0.039965
1.084168	0.039572
1.084973	0.039176
1.085782	0.038776
1.086593	0.038372
1.087408	0.037964
1.088226	0.037553
1.089048	0.037138
1.089872	0.03672
1.0907	0.036298
1.091531	0.035872
1.092365	0.035443
1.093202	0.035009
1.094043	0.034572
1.094887	0.034132
1.095734	0.033687
1.096585	0.033239
1.097439	0.032787
1.098297	0.032332
1.099158	0.031872
1.100022	0.031409
1.100889	0.030942
1.101761	0.030471
1.102635	0.029996
1.103513	0.029518
1.104395	0.029035
1.10528	0.028549
1.106169	0.028059
1.107061	0.027565
1.107957	0.027068
1.108857	0.026566
1.10976	0.026061
1.110667	0.025551
1.111577	0.025037
1.112491	0.02452
1.113409	0.023998
1.11433	0.023472
1.115255	0.022942
1.116183	0.022408
1.117115	0.02187
1.118051	0.021327
1.118991	0.02078
1.119934	0.020228
1.120881	0.019673
1.121831	0.019112
1.122785	0.018548
1.123743	0.017978
1.124705	0.017405
1.12567	0.016826
1.126639	0.016243
1.127611	0.015656
1.128588	0.015064
1.129568	0.014467
1.130553	0.013867
1.131541	0.013262
1.132534	0.012652
1.133531	0.012039
1.134532	0.011421
1.135537	0.0108
1.136547	0.010174
1.137561	0.009545
1.13858	0.008912
1.139604	0.008275
1.140632	0.007634
1.141665	0.00699
1.142704	0.006343
1.143747	0.005692
1.144795	0.005038
1.145849	0.004381
1.146907	0.00372
1.14797	0.003055
1.149038	0.002385
1.150109	0.001709
1.151184	0.001028
1.152262	0.00034
1.153343	-0.000355
1.154427	-0.001058
1.155513	-0.001769
1.156601	-0.002489
1.15769	-0.003219
1.158779	-0.00396
1.15987	-0.004711
1.16096	-0.005474
1.162049	-0.006249
1.163139	-0.007036
1.164228	-0.007835
1.165317	-0.008644
1.166406	-0.009465
1.167496	-0.010297
1.168586	-0.011139
1.169679	-0.011988
1.170772	-0.012848
1.171865	-0.01372
1.172957	-0.014604
1.174051	-0.015496
1.175148	-0.016396
1.176249	-0.017302
1.177353	-0.018217
1.178459	-0.019139
1.179567	-0.02007
1.180677	-0.02101
1.181791	-0.021956
1.182908	-0.022909
1.18403	-0.023869
1.185156	-0.024835
1.186284	-0.02581
1.187415	-0.026793
1.188551	-0.027781
1.189692	-0.028775
1.190838	-0.029776
1.191988	-0.030782
1.193143	-0.031794
1.194303	-0.032812
1.195468	-0.033837
1.196638	-0.034867
1.197813	-0.035904
1.198993	-0.036947
1.200178	-0.037995
1.201367	-0.039051
1.202561	-0.040113
1.203761	-0.041181
1.204964	-0.042256
1.206173	-0.043338
1.207386	-0.044427
1.208604	-0.045523
1.209827	-0.046626
1.211054	-0.047736
1.212286	-0.048853
1.213523	-0.049977
1.214764	-0.051108
1.216011	-0.052247
1.217261	-0.053393
1.218517	-0.054546
1.219777	-0.055707
1.221042	-0.056875
1.222311	-0.058051
1.223586	-0.059235
1.224864	-0.060426
1.226147	-0.061627
1.227433	-0.062835
1.228723	-0.064054
1.230015	-0.065282
1.23131	-0.066521
1.232606	-0.067771
1.233904	-0.069033
1.235203	-0.070306
1.236502	-0.071592
1.237801	-0.072891
1.2391	-0.074203
1.240401	-0.075527
1.241702	-0.076863
1.243005	-0.07821
1.244309	-0.079569
1.245616	-0.080938
1.246926	-0.082318
1.248239	-0.083708
1.249556	-0.085108
1.250876	-0.086516
1.252202	-0.087934
1.253532	-0.08936
1.254869	-0.090795
1.255964	-0.092388
1.25664	-0.094249
1.257318	-0.09612
1.258	-0.098
0 0
0.144797	0.046412
0.144618	0.046238
0.144434	0.046059
0.144245	0.045877
0.144053	0.045689
0.143855	0.045498
0.143653	0.045302
0.143446	0.045101
0.143233	0.044895
0.143016	0.044684
0.142793	0.044469
0.142566	0.044248
0.142332	0.044023
0.142094	0.043792
0.141849	0.043556
0.141599	0.043314
0.141343	0.043067
0.141081	0.042815
0.140813	0.042556
0.140539	0.042293
0.140258	0.042023
0.139971	0.041748
0.139677	0.041466
0.139376	0.041179
0.139069	0.040886
0.138754	0.040586
0.138433	0.040281
0.138104	0.039969
0.137768	0.039651
0.137424	0.039326
0.137073	0.038995
0.136713	0.038658
0.136346	0.038314
0.135971	0.037964
0.135588	0.037607
0.135197	0.037242
0.134798	0.036871
0.13439	0.036493
0.133975	0.036108
0.133551	0.035715
0.133119	0.035315
0.132678	0.034907
0.132229	0.034492
0.131772	0.034069
0.131306	0.033638
0.130833	0.033198
0.130351	0.032751
0.129861	0.032295
0.129362	0.031831
0.128856	0.031358
0.128342	0.030876
0.12782	0.030385
0.127291	0.029884
0.126753	0.029375
0.126209	0.028856
0.125657	0.028327
0.125099	0.027788
0.124533	0.027239
0.123961	0.026679
0.123384	0.026109
0.1228	0.025528
0.122211	0.024936
0.121616	0.024333
0.121016	0.023718
0.120412	0.023093
0.119803	0.022456
0.119189	0.021807
0.118571	0.021148
0.117949	0.020477
0.117323	0.019795
0.116693	0.019102
0.11606	0.018398
0.115424	0.017682
0.114785	0.016956
0.114143	0.016218
0.113499	0.01547
0.112853	0.014712
0.112205	0.013942
0.111555	0.013163
0.110905	0.012373
0.110253	0.011573
0.1096	0.010763
0.108947	0.009943
0.108294	0.009113
0.107641	0.008275
0.106989	0.007427
0.106337	0.006571
0.105686	0.005706
0.105036	0.004833
0.104389	0.003951
0.103744	0.003061
0.103101	0.002164
0.102461	0.00126
0.101823	0.000349
0.10119	-0.000569
0.100562	-0.001495
0.099939	-0.002427
0.09932	-0.003366
0.098706	-0.004309
0.098098	-0.005258
0.097496	-0.006212
0.096903	-0.007172
0.096316	-0.008137
0.095737	-0.009106
0.095165	-0.010078
0.094601	-0.011054
0.094046	-0.012034
0.0935	-0.013016
0.092965	-0.014001
0.092439	-0.014988
0.091921	-0.015977
0.091414	-0.016966
0.090919	-0.017957
0.090435	-0.01895
0.089963	-0.019942
0.089503	-0.020934
0.089053	-0.021925
0.088617	-0.022916
0.088194	-0.023905
0.087784	-0.024894
0.087388	-0.02588
0.087004	-0.026863
0.086633	-0.027844
0.086278	-0.028821
0.085938	-0.029796
0.08561	-0.030765
0.085295	-0.03173
0.084996	-0.03269
0.084714	-0.033646
0.084449	-0.034597
0.084197	-0.035541
0.083961	-0.036479
0.083744	-0.037412
0.083545	-0.038338
0.083364	-0.039256
0.083199	-0.040167
0.083052	-0.04107
0.082924	-0.041965
0.082814	-0.042851
0.082721	-0.043727
0.082645	-0.044594
0.082588	-0.045451
0.082546	-0.046297
0.082521	-0.047132
0.082514	-0.047955
0.082524	-0.048767
0.082548	-0.049567
0.082589	-0.050354
0.082649	-0.051127
0.082727	-0.051888
0.082821	-0.052634
0.082935	-0.053366
0.08307	-0.054082
0.08322	-0.054782
0.08339	-0.055466
0.08358	-0.056132
0.083788	-0.056781
0.084014	-0.057411
0.084261	-0.05802
0.084524	-0.05861
0.084805	-0.059179
0.085103	-0.059726
0.085417	-0.060251
0.085746	-0.060753
0.086089	-0.061232
0.086444	-0.061687
0.08681	-0.062121
0.087184	-0.062531
0.087566	-0.06292
0.087955	-0.063287
0.088348	-0.063633
0.088746	-0.063957
0.089146	-0.064262
0.089549	-0.064546
0.089952	-0.064811
0.090356	-0.065057
0.090759	-0.065284
0.091161	-0.065493
0.091561	-0.065684
0.091959	-0.065859
0.092354	-0.066016
0.092745	-0.066158
0.093131	-0.066283
0.093514	-0.066393
0.093891	-0.066489
0.094263	-0.066569
0.094629	-0.066636
0.094989	-0.06669
0.095342	-0.066733
0.095688	-0.066766
0.096027	-0.06679
0.096359	-0.066807
0.096683	-0.066817
0.097	-0.066823
0.09731	-0.066823
0.097613	-0.06682
0.097908	-0.066815
0.098197	-0.066806
0.098479	-0.066796
0.098754	-0.066785
0.099022	-0.066772
0.099284	-0.066759
0.099556	-0.066823
0.09979	-0.066733
0.099556	-0.066823
0.099319	-0.066914
0.09908	-0.067006
0.098836	-0.067099
0.098589	-0.067193
0.098339	-0.067287
0.098085	-0.067383
0.097828	-0.067479
0.097567	-0.067576
0.097302	-0.067673
0.097034	-0.067771
0.096762	-0.067868
0.096486	-0.067966
0.096206	-0.068063
0.095922	-0.06816
0.095634	-0.068257
0.095342	-0.068353
0.095046	-0.068448
0.094746	-0.068542
0.094441	-0.068636
0.094133	-0.06873
0.093821	-0.068823
0.093506	-0.068915
0.093186	-0.069007
0.092862	-0.069098
0.092535	-0.069189
0.092203	-0.06928
0.091868	-0.06937
0.091529	-0.06946
0.091187	-0.06955
0.090841	-0.06964
0.090491	-0.06973
0.090138	-0.06982
0.089782	-0.06991
0.089422	-0.07
0.089059	-0.070091
0.088692	-0.070182
0.088322	-0.070274
0.087949	-0.070367
0.087573	-0.07046
0.087194	-0.070554
0.086812	-0.070649
0.086427	-0.070744
0.086039	-0.07084
0.085648	-0.070936
0.085254	-0.071032
0.084858	-0.071128
0.084458	-0.071225
0.084056	-0.071321
0.083651	-0.071417
0.083243	-0.071513
0.082832	-0.071609
0.082419	-0.071704
0.082004	-0.071798
0.081585	-0.071892
0.081165	-0.071986
0.080742	-0.072078
0.080316	-0.072169
0.079889	-0.072259
0.079459	-0.072348
0.079027	-0.072435
0.078593	-0.072522
0.078157	-0.072607
0.077719	-0.072691
0.077279	-0.072773
0.076838	-0.072854
0.076394	-0.072933
0.07595	-0.073011
0.075504	-0.073088
0.075057	-0.073163
0.074608	-0.073236
0.074158	-0.073307
0.073708	-0.073377
0.073256	-0.073446
0.072803	-0.073512
0.07235	-0.073576
0.071896	-0.073638
0.071441	-0.073699
0.070986	-0.073758
0.070531	-0.073815
0.070075	-0.073869
0.069619	-0.07392
0.069163	-0.073968
0.068707	-0.074014
0.068252	-0.074058
0.067796	-0.0741
0.067341	-0.074138
0.066886	-0.074173
0.066432	-0.074205
0.065978	-0.074233
0.065525	-0.074258
0.065073	-0.07428
0.064622	-0.0743
0.064173	-0.074316
0.063724	-0.074328
0.063277	-0.074337
0.062831	-0.074341
0.062387	-0.074341
0.061944	-0.074338
0.061503	-0.074332
0.061064	-0.074323
0.060627	-0.074311
0.060193	-0.074294
0.05976	-0.074273
0.05933	-0.074247
0.058903	-0.074214
0.058478	-0.074177
0.058056	-0.074138
0.057637	-0.074098
0.05722	-0.074056
0.056806	-0.074012
0.056395	-0.073962
0.055988	-0.073907
0.055584	-0.073845
0.055185	-0.073776
0.054789	-0.0737
0.054398	-0.073619
0.054011	-0.073533
0.053628	-0.073444
0.053248	-0.073352
0.052872	-0.073257
0.052501	-0.073158
0.052135	-0.073053
0.051774	-0.072942
0.051418	-0.072827
0.051067	-0.072705
0.050723	-0.072574
0.050386	-0.072438
0.050054	-0.072296
0.049728	-0.072148
0.049407	-0.071998
0.049091	-0.071848
0.04878	-0.071694
0.048473	-0.071539
0.048172	-0.071381
0.047878	-0.071218
0.047589	-0.071053
0.047309	-0.07088
0.047034	-0.070707
0.046767	-0.070526
0.046507	-0.070343
0.046254	-0.070156
0.04601	-0.069964
0.045772	-0.069769
0.045543	-0.06957
0.045318	-0.06937
0.045103	-0.069167
0.044891	-0.068965
0.044687	-0.068759
0.044487	-0.068556
0.044295	-0.06835
0.044108	-0.068144
0.043925	-0.067938
0.043753	-0.067729
0.043582	-0.067523
0.043422	-0.067313
0.043266	-0.067104
0.043116	-0.066896
0.042973	-0.066686
0.042833	-0.06648
0.042701	-0.066272
0.042569	-0.066063
0.042441	-0.065853
0.042317	-0.06564
0.042193	-0.065427
0.04208	-0.065209
0.041962	-0.064977
0.041834	-0.0647
0.041719	-0.064417
0.041609	-0.064132
0.041517	-0.063841
0.041424	-0.06355
0.041348	-0.063254
0.041266	-0.062931
0.041188	-0.062575
0.041113	-0.062218
0.04105	-0.061859
0.040989	-0.0615
0.040939	-0.061139
0.04089	-0.060778
0.040846	-0.060375
0.040803	-0.059954
0.040769	-0.059533
0.040745	-0.059111
0.040728	-0.058689
0.040734	-0.058267
0.040746	-0.057844
0.040785	-0.057371
0.040836	-0.056896
0.040897	-0.056421
0.040972	-0.055949
0.041053	-0.055477
0.041142	-0.055007
0.04124	-0.05453
0.041353	-0.054012
0.041473	-0.053495
0.041598	-0.052979
0.04173	-0.052465
0.041873	-0.051954
0.042032	-0.051448
0.042209	-0.050928
0.042413	-0.050387
0.042631	-0.049851
0.042856	-0.049319
0.043088	-0.048789
0.043328	-0.048263
0.043571	-0.047739
0.04383	-0.047192
0.044102	-0.046635
0.044378	-0.046079
0.044658	-0.045526
0.044945	-0.044976
0.045242	-0.044432
0.045545	-0.043891
0.045871	-0.043327
0.046208	-0.042765
0.04655	-0.042206
0.046897	-0.041649
0.047248	-0.041096
0.047603	-0.040545
0.047963	-0.039994
0.04834	-0.039423
0.048721	-0.038855
0.049106	-0.03829
0.049495	-0.037727
0.049892	-0.03717
0.050295	-0.036618
0.050706	-0.036063
0.051132	-0.035501
0.051562	-0.034942
0.051994	-0.034385
0.052429	-0.03383
0.052867	-0.033278
0.053307	-0.032727
0.053754	-0.032172
0.054207	-0.031614
0.054663	-0.031059
0.055122	-0.030505
0.055586	-0.029956
0.056053	-0.02941
0.056523	-0.028866
0.057001	-0.028321
0.057482	-0.027778
0.057965	-0.027235
0.05845	-0.026696
0.058937	-0.026157
0.059425	-0.02562
0.059915	-0.025085
0.060407	-0.024549
0.060901	-0.024016
0.061397	-0.023484
0.061894	-0.022954
0.062394	-0.022426
0.062897	-0.021901
0.0634	-0.021378
0.063904	-0.020859
0.06441	-0.020342
0.064916	-0.019826
0.065424	-0.019312
0.065933	-0.018798
0.066443	-0.018286
0.066964	-0.017765
0.067497	-0.017235
0.06803	-0.016706
0.068565	-0.016179
0.069101	-0.015653
0.069639	-0.015129
0.070178	-0.014606
0.070869	-0.013941
0.071617	-0.013225
0.072367	-0.012511
0.073119	-0.011799
0.073872	-0.011089
0.074627	-0.010381
0.075384	-0.009675
0.076329	-0.0088
0.077284	-0.007923
0.078242	-0.007049
0.079201	-0.006177
0.080163	-0.005307
0.081127	-0.00444
0.082124	-0.003549
0.083244	-0.002553
0.084367	-0.001561
0.085493	-0.000571
0.086621	0.000416
0.087752	0.001399
0.088885	0.00238
0.090058	0.003389
0.091282	0.004437
0.092509	0.005483
0.093738	0.006525
0.09497	0.007564
0.096204	0.008601
0.09744	0.009635
0.098683	0.010669
0.09993	0.011702
0.101179	0.012733
0.10243	0.013762
0.103683	0.014787
0.104939	0.015811
0.106196	0.016832
0.10739	0.017797
0.108578	0.018755
0.109767	0.019711
0.110958	0.020666
0.112151	0.021618
0.113344	0.022569
0.114521	0.023503
0.115581	0.024343
0.116642	0.025182
0.117704	0.026019
0.118767	0.026855
0.119831	0.027689
0.120897	0.028522
0.121899	0.029303
0.122791	0.029997
0.123684	0.030689
0.124578	0.03138
0.125473	0.03207
0.126369	0.032758
0.127266	0.033445
0.128051	0.034044
0.128762	0.034586
0.129473	0.035127
0.130184	0.035668
0.130895	0.036209
0.131605	0.03675
0.132316	0.037292
0.13288	0.037723
0.133415	0.038132
0.13395	0.038542
0.134484	0.038952
0.135018	0.039363
0.135551	0.039774
0.136075	0.040178
0.136466	0.04048
0.136858	0.040782
0.137251	0.041082
0.137644	0.041382
0.138038	0.041681
0.138433	0.041979
0.1388	0.042254
0.139102	0.042478
0.139404	0.042702
0.139707	0.042924
0.14001	0.043145
0.140315	0.043364
0.14062	0.043582
0.140908	0.043786
0.141181	0.043978
0.141455	0.044168
0.141729	0.044357
0.142003	0.044545
0.142279	0.044732
0.142554	0.044919
0.142865	0.045128
0.143186	0.045343
0.143508	0.045558
0.14383	0.045772
0.144152	0.045985
0.144475	0.046199
0.144797	0.046412
0 0
