1	0.999428	0.0060829
2	0.998851	0.00626099
3	0.998268	0.00643364
4	0.997678	0.0066011
5	0.997084	0.00676362
6	0.996483	0.00692147
7	0.995877	0.00707496
8	0.995266	0.00722439
9	0.994649	0.00737007
10	0.994027	0.00751228
11	0.993399	0.00764968
12	0.992766	0.00778167
13	0.992128	0.00790834
14	0.991483	0.00802982
15	0.990834	0.00814621
16	0.990178	0.00825763
17	0.989518	0.00836423
18	0.988852	0.00846612
19	0.988181	0.00856346
20	0.987504	0.00865638
21	0.986822	0.00874505
22	0.986135	0.00882963
23	0.985443	0.00891028
24	0.984746	0.00898719
25	0.984043	0.00906023
26	0.983335	0.00912709
27	0.982621	0.00918736
28	0.981902	0.0092412
29	0.981178	0.00928881
30	0.980448	0.00933038
31	0.979713	0.00936609
32	0.978973	0.00939616
33	0.978228	0.00942083
34	0.977477	0.0094403
35	0.976721	0.00945482
36	0.975959	0.00946466
37	0.975193	0.00947006
38	0.974421	0.0094713
39	0.973644	0.00946867
40	0.972862	0.00946247
41	0.972074	0.00945302
42	0.971282	0.00944062
43	0.970483	0.00942564
44	0.96968	0.0094084
45	0.968871	0.00938641
46	0.968057	0.00935782
47	0.967238	0.0093228
48	0.966413	0.00928153
49	0.965583	0.0092342
50	0.964748	0.009181
51	0.963908	0.00912215
52	0.963062	0.00905786
53	0.96221	0.00898837
54	0.961353	0.00891391
55	0.960491	0.00883475
56	0.959623	0.00875113
57	0.95875	0.00866333
58	0.957871	0.00857166
59	0.956986	0.00847639
60	0.956095	0.00837786
61	0.955199	0.00827639
62	0.954297	0.00817231
63	0.953389	0.00806599
64	0.952475	0.00795781
65	0.951554	0.00784815
66	0.950628	0.00773741
67	0.949695	0.00762579
68	0.948757	0.00751018
69	0.947812	0.00738951
70	0.946862	0.0072639
71	0.945906	0.00713347
72	0.944944	0.00699833
73	0.943975	0.00685862
74	0.943001	0.00671448
75	0.942021	0.00656603
76	0.941034	0.00641344
77	0.940042	0.00625686
78	0.939043	0.00609646
79	0.938037	0.00593242
80	0.937025	0.0057649
81	0.936006	0.00559412
82	0.934981	0.00542026
83	0.933949	0.00524354
84	0.932911	0.00506418
85	0.931865	0.00488241
86	0.930813	0.00469846
87	0.929753	0.00451259
88	0.928686	0.00432507
89	0.927612	0.00413616
90	0.926531	0.00394615
91	0.925442	0.00375534
92	0.924346	0.00356393
93	0.923243	0.0033698
94	0.922132	0.00317202
95	0.921015	0.00297065
96	0.91989	0.00276576
97	0.918758	0.00255743
98	0.917618	0.00234572
99	0.916471	0.00213071
100	0.915317	0.00191249
101	0.914155	0.00169114
102	0.912986	0.00146675
103	0.911809	0.00123943
104	0.910624	0.00100927
105	0.909431	0.000776389
106	0.908231	0.000540891
107	0.907022	0.000302897
108	0.905805	6.25308e-05
109	0.90458	-0.000180076
110	0.903347	-0.000424788
111	0.902105	-0.000671462
112	0.900855	-0.000919949
113	0.899597	-0.00117009
114	0.89833	-0.00142173
115	0.897054	-0.00167469
116	0.895769	-0.0019288
117	0.894476	-0.00218387
118	0.893174	-0.00243982
119	0.891862	-0.00269798
120	0.890542	-0.00295882
121	0.889214	-0.0032223
122	0.887876	-0.00348838
123	0.886529	-0.00375703
124	0.885174	-0.0040282
125	0.883809	-0.00430185
126	0.882435	-0.00457794
127	0.881052	-0.00485643
128	0.87966	-0.00513725
129	0.878258	-0.00542036
130	0.876846	-0.0057057
131	0.875425	-0.0059932
132	0.873995	-0.00628282
133	0.872554	-0.00657449
134	0.871104	-0.00686812
135	0.869644	-0.00716366
136	0.868174	-0.00746104
137	0.866694	-0.00776016
138	0.865204	-0.00806094
139	0.863704	-0.00836331
140	0.862193	-0.00866717
141	0.860672	-0.00897244
142	0.85914	-0.00927899
143	0.857598	-0.00958675
144	0.856045	-0.00989594
145	0.854481	-0.0102072
146	0.852907	-0.0105206
147	0.851322	-0.0108361
148	0.849726	-0.0111537
149	0.84812	-0.0114733
150	0.846502	-0.0117949
151	0.844874	-0.0121186
152	0.843234	-0.0124442
153	0.841583	-0.0127718
154	0.839921	-0.0131013
155	0.838247	-0.0134327
156	0.836562	-0.013766
157	0.834866	-0.0141011
158	0.833157	-0.014438
159	0.831438	-0.0147766
160	0.829706	-0.015117
161	0.827962	-0.0154591
162	0.826207	-0.0158028
163	0.82444	-0.0161481
164	0.82266	-0.0164949
165	0.820869	-0.0168433
166	0.819065	-0.017193
167	0.817249	-0.0175442
168	0.815421	-0.0178967
169	0.813581	-0.018251
170	0.811729	-0.0186071
171	0.809864	-0.018965
172	0.807987	-0.0193246
173	0.806098	-0.0196859
174	0.804196	-0.0200488
175	0.802283	-0.0204134
176	0.800357	-0.0207795
177	0.798418	-0.0211472
178	0.796465	-0.0215169
179	0.794462	-0.021895
180	0.792408	-0.0222819
181	0.790301	-0.0226777
182	0.78814	-0.0230824
183	0.785923	-0.0234962
184	0.78365	-0.0239192
185	0.781318	-0.0243517
186	0.778926	-0.0247936
187	0.776473	-0.0252451
188	0.773956	-0.0257064
189	0.771374	-0.0261775
190	0.768726	-0.0266589
191	0.766008	-0.0271509
192	0.76322	-0.0276537
193	0.76036	-0.0281674
194	0.757425	-0.0286923
195	0.754414	-0.0292285
196	0.751324	-0.0297762
197	0.748154	-0.0303354
198	0.744901	-0.0309064
199	0.741563	-0.0314892
200	0.738138	-0.0320839
201	0.734623	-0.0326907
202	0.731017	-0.0333097
203	0.727317	-0.0339409
204	0.72352	-0.0345844
205	0.719624	-0.0352405
206	0.715626	-0.0359096
207	0.711523	-0.0365916
208	0.707314	-0.0372865
209	0.702994	-0.0379945
210	0.698561	-0.0387154
211	0.694013	-0.0394493
212	0.689345	-0.0401959
213	0.684555	-0.0409553
214	0.67964	-0.0417273
215	0.674596	-0.0425117
216	0.66942	-0.0433087
217	0.664108	-0.0441189
218	0.658658	-0.0449419
219	0.653064	-0.0457774
220	0.647324	-0.0466249
221	0.641433	-0.0474838
222	0.635387	-0.0483536
223	0.629181	-0.0492336
224	0.622813	-0.0501229
225	0.616276	-0.0510215
226	0.609567	-0.05193
227	0.60268	-0.0528474
228	0.595611	-0.0537729
229	0.588354	-0.0547054
230	0.580904	-0.0556438
231	0.573255	-0.0565867
232	0.565401	-0.0575332
233	0.557337	-0.0584836
234	0.549055	-0.0594364
235	0.54055	-0.0603897
236	0.531813	-0.0613412
237	0.522839	-0.0622883
238	0.51362	-0.0632286
239	0.504148	-0.0641607
240	0.494415	-0.0650838
241	0.48453	-0.0659865
242	0.47476	-0.0668456
243	0.465102	-0.0676633
244	0.455557	-0.0684421
245	0.446124	-0.0691908
246	0.436803	-0.0699158
247	0.427592	-0.0705938
248	0.418488	-0.0712021
249	0.40949	-0.0717228
250	0.400599	-0.0721632
251	0.391816	-0.0725379
252	0.383141	-0.0728603
253	0.374574	-0.0731432
254	0.366115	-0.0733984
255	0.357763	-0.0736348
256	0.349518	-0.0738483
257	0.341378	-0.0740328
258	0.333342	-0.0741832
259	0.32541	-0.0742949
260	0.31758	-0.0743637
261	0.309851	-0.0743884
262	0.302222	-0.0743793
263	0.294692	-0.0743366
264	0.287259	-0.0742587
265	0.279923	-0.0741442
266	0.272684	-0.073992
267	0.265538	-0.0738013
268	0.258486	-0.0735797
269	0.251526	-0.0733281
270	0.244658	-0.0730448
271	0.237879	-0.0727281
272	0.23119	-0.0723765
273	0.22459	-0.0719886
274	0.218076	-0.0715686
275	0.211649	-0.0711226
276	0.205306	-0.0706482
277	0.199047	-0.0701431
278	0.192872	-0.0696054
279	0.18678	-0.0690332
280	0.180774	-0.0684266
281	0.174887	-0.0677991
282	0.169116	-0.0671514
283	0.16346	-0.066481
284	0.157917	-0.0657857
285	0.152485	-0.0650639
286	0.147162	-0.0643141
287	0.141947	-0.0635398
288	0.136835	-0.0627515
289	0.131826	-0.0619465
290	0.126917	-0.0611219
291	0.122108	-0.0602752
292	0.117397	-0.0594042
293	0.112783	-0.058507
294	0.108263	-0.0575892
295	0.103833	-0.0566618
296	0.0994924	-0.0557204
297	0.0952403	-0.054761
298	0.0910762	-0.0537802
299	0.0869994	-0.0527747
300	0.0830095	-0.051742
301	0.0792014	-0.0507152
302	0.0756442	-0.0497317
303	0.0723229	-0.0487865
304	0.0692233	-0.0478755
305	0.0663321	-0.0469961
306	0.0636362	-0.0461467
307	0.0611236	-0.0453262
308	0.0587826	-0.0445341
309	0.0566024	-0.0437702
310	0.0545697	-0.0430418
311	0.0526731	-0.0423535
312	0.0509043	-0.0417014
313	0.0492555	-0.0410829
314	0.0477191	-0.0404955
315	0.046288	-0.0399375
316	0.0449552	-0.0394072
317	0.0437143	-0.0389033
318	0.0425592	-0.0384246
319	0.041484	-0.03797
320	0.0404834	-0.0375387
321	0.0395523	-0.0371295
322	0.0386858	-0.0367418
323	0.0378795	-0.0363745
324	0.0371292	-0.0360269
325	0.036431	-0.0356982
326	0.0357813	-0.0353875
327	0.0351762	-0.0350948
328	0.0346118	-0.034821
329	0.0340643	-0.0345546
330	0.0335223	-0.0342899
331	0.0329857	-0.0340267
332	0.0324547	-0.033765
333	0.031929	-0.0335044
334	0.0314088	-0.033245
335	0.030894	-0.0329865
336	0.0303844	-0.0327287
337	0.0298802	-0.0324717
338	0.0293811	-0.0322151
339	0.0288872	-0.031959
340	0.0283984	-0.0317031
341	0.0279147	-0.0314474
342	0.027436	-0.0311918
343	0.0269623	-0.0309362
344	0.0264937	-0.0306805
345	0.02603	-0.0304245
346	0.0255713	-0.0301684
347	0.0251177	-0.0299119
348	0.024669	-0.0296551
349	0.0242253	-0.0293979
350	0.0237867	-0.0291402
351	0.023353	-0.028882
352	0.0229244	-0.0286233
353	0.0225007	-0.028364
354	0.022082	-0.028104
355	0.0216683	-0.0278434
356	0.0212596	-0.0275821
357	0.0208559	-0.02732
358	0.020457	-0.0270572
359	0.0200631	-0.0267936
360	0.0196741	-0.0265292
361	0.0192899	-0.0262639
362	0.0189098	-0.025999
363	0.0185326	-0.0257358
364	0.0181584	-0.0254742
365	0.0177874	-0.025214
366	0.0174196	-0.0249551
367	0.017055	-0.0246972
368	0.0166938	-0.0244403
369	0.0163359	-0.0241841
370	0.0159816	-0.0239286
371	0.0156309	-0.0236737
372	0.0152839	-0.0234192
373	0.0149406	-0.023165
374	0.0146012	-0.0229112
375	0.0142657	-0.0226575
376	0.0139343	-0.022404
377	0.0136069	-0.0221505
378	0.0132837	-0.021897
379	0.0129648	-0.0216435
380	0.0126503	-0.0213898
381	0.0123401	-0.021136
382	0.0120344	-0.0208819
383	0.0117332	-0.0206276
384	0.0114365	-0.020373
385	0.0111445	-0.020118
386	0.0108571	-0.0198626
387	0.0105745	-0.0196068
388	0.0102965	-0.0193506
389	0.0100233	-0.0190937
390	0.00975481	-0.0188364
391	0.00949111	-0.0185784
392	0.00923221	-0.0183197
393	0.0089781	-0.0180604
394	0.00872878	-0.0178003
395	0.00848428	-0.0175394
396	0.00824458	-0.0172778
397	0.0080097	-0.0170152
398	0.00777957	-0.0167518
399	0.0075524	-0.0164892
400	0.00732744	-0.0162277
401	0.00710476	-0.0159674
402	0.00688446	-0.0157081
403	0.00666661	-0.0154497
404	0.0064513	-0.0151921
405	0.00623862	-0.0149352
406	0.00602867	-0.0146789
407	0.00582153	-0.0144231
408	0.00561732	-0.014168
409	0.00541613	-0.0139133
410	0.00521808	-0.0136591
411	0.00502327	-0.0134053
412	0.00483182	-0.013152
413	0.00464382	-0.0128991
414	0.0044594	-0.0126468
415	0.00427864	-0.0123948
416	0.00410164	-0.0121434
417	0.00392851	-0.0118924
418	0.00375932	-0.0116419
419	0.00359416	-0.0113919
420	0.00343311	-0.0111425
421	0.00327624	-0.0108936
422	0.00312362	-0.0106452
423	0.00297529	-0.0103973
424	0.00283133	-0.0101499
425	0.00269177	-0.00990309
426	0.00255667	-0.00965678
427	0.00242606	-0.00941098
428	0.00229998	-0.00916568
429	0.00217846	-0.00892087
430	0.00206154	-0.00867651
431	0.00194924	-0.0084326
432	0.00184158	-0.0081891
433	0.00173859	-0.00794598
434	0.0016403	-0.00770324
435	0.00154672	-0.00746082
436	0.00145788	-0.00721872
437	0.00137346	-0.00697704
438	0.00129228	-0.00673613
439	0.00121416	-0.00649603
440	0.00113901	-0.0062567
441	0.00106675	-0.00601814
442	0.0009973	-0.00578033
443	0.000930606	-0.00554327
444	0.000866609	-0.00530698
445	0.000805261	-0.00507145
446	0.00074652	-0.00483673
447	0.000690351	-0.00460284
448	0.000636723	-0.00436982
449	0.000585608	-0.00413772
450	0.000536984	-0.0039066
451	0.000490828	-0.00367652
452	0.000447121	-0.00344754
453	0.000405843	-0.00321973
454	0.000366975	-0.00299315
455	0.0003305	-0.00276788
456	0.000296397	-0.00254398
457	0.000264648	-0.00232151
458	0.000235234	-0.00210053
459	0.000208134	-0.00188112
460	0.000183327	-0.00166331
461	0.000160793	-0.00144717
462	0.000140508	-0.00123275
463	0.000122451	-0.00102009
464	0.000106599	-0.000809242
465	9.29273e-05	-0.00060024
466	8.14129e-05	-0.00039312
467	7.20314e-05	-0.000187912
468	6.47583e-05	1.53579e-05
469	5.95664e-05	0.000216806
470	5.64041e-05	0.000419429
471	5.53454e-05	0.000623199
472	5.64677e-05	0.000828094
473	5.98522e-05	0.0010341
474	6.55843e-05	0.00124119
475	7.37548e-05	0.00144938
476	8.44602e-05	0.00165866
477	9.78038e-05	0.00186904
478	0.000113897	0.00208052
479	0.000132858	0.00229313
480	0.000154817	0.00250688
481	0.000179947	0.00272179
482	0.000208683	0.00293782
483	0.000241104	0.00315502
484	0.000277197	0.00337339
485	0.000316947	0.00359298
486	0.000360345	0.00381383
487	0.00040738	0.00403596
488	0.000458047	0.00425941
489	0.000512338	0.0044842
490	0.000570246	0.00471036
491	0.000631764	0.00493789
492	0.000696883	0.0051668
493	0.000765591	0.0053971
494	0.000837875	0.00562878
495	0.000913717	0.00586181
496	0.000993096	0.00609619
497	0.00107599	0.00633188
498	0.00116237	0.00656885
499	0.00125221	0.00680707
500	0.00134547	0.00704649
501	0.00144211	0.00728709
502	0.0015421	0.00752881
503	0.00164538	0.0077716
504	0.00175192	0.00801543
505	0.00186166	0.00826025
506	0.00197455	0.00850601
507	0.00209053	0.00875267
508	0.00220956	0.00900017
509	0.00233155	0.00924849
510	0.00245648	0.00949758
511	0.00258425	0.00974739
512	0.00271483	0.00999791
513	0.00284815	0.0102491
514	0.00298415	0.010501
515	0.00312278	0.0107534
516	0.00326398	0.0110066
517	0.0034077	0.0112604
518	0.0035539	0.0115148
519	0.00370255	0.0117699
520	0.0038536	0.0120258
521	0.00400702	0.0122825
522	0.00416307	0.0125398
523	0.00432356	0.0127968
524	0.00448883	0.0130531
525	0.00465886	0.013309
526	0.00483362	0.0135643
527	0.00501309	0.0138192
528	0.00519728	0.0140737
529	0.00538616	0.0143278
530	0.00557972	0.0145816
531	0.00577796	0.0148352
532	0.00598084	0.0150887
533	0.00618834	0.0153419
534	0.00640044	0.0155951
535	0.0066171	0.0158482
536	0.00683827	0.0161013
537	0.00706391	0.0163544
538	0.00729396	0.0166075
539	0.00752835	0.0168606
540	0.00776702	0.0171139
541	0.00800989	0.0173673
542	0.00825689	0.0176208
543	0.00850791	0.0178745
544	0.00876288	0.0181285
545	0.0090217	0.0183827
546	0.00928428	0.0186372
547	0.0095505	0.0188921
548	0.00982027	0.0191474
549	0.0100935	0.0194031
550	0.01037	0.0196594
551	0.0106498	0.0199162
552	0.0109327	0.0201738
553	0.0112186	0.0204321
554	0.0115073	0.0206914
555	0.0117989	0.0209516
556	0.0120931	0.0212129
557	0.0123899	0.0214755
558	0.0126892	0.0217395
559	0.0129908	0.0220051
560	0.0132951	0.0222719
561	0.0136038	0.0225381
562	0.0139171	0.0228034
563	0.014235	0.0230678
564	0.0145576	0.0233315
565	0.0148848	0.0235944
566	0.0152166	0.0238566
567	0.0155531	0.0241182
568	0.0158943	0.0243791
569	0.0162402	0.0246395
570	0.0165908	0.0248994
571	0.0169461	0.0251588
572	0.017306	0.0254178
573	0.0176707	0.0256764
574	0.0180401	0.0259347
575	0.0184141	0.0261928
576	0.0187927	0.0264506
577	0.019176	0.0267082
578	0.0195638	0.0269658
579	0.0199561	0.0272232
580	0.0203529	0.0274807
581	0.0207541	0.0277382
582	0.0211598	0.0279958
583	0.0215697	0.0282536
584	0.0219839	0.0285117
585	0.0224024	0.0287702
586	0.022825	0.029029
587	0.0232518	0.0292884
588	0.0236826	0.0295484
589	0.0241173	0.0298091
590	0.024556	0.0300707
591	0.0249985	0.0303332
592	0.0254448	0.0305968
593	0.0258948	0.0308616
594	0.0263484	0.0311278
595	0.0268057	0.0313954
596	0.0272665	0.0316645
597	0.0277321	0.0319333
598	0.0282026	0.0322012
599	0.028678	0.0324683
600	0.0291583	0.0327346
601	0.0296434	0.0330001
602	0.0301334	0.0332649
603	0.0306283	0.0335289
604	0.0311279	0.0337921
605	0.0316323	0.0340547
606	0.0321413	0.0343164
607	0.032655	0.0345775
608	0.0331732	0.0348379
609	0.033696	0.0350976
610	0.0342232	0.0353566
611	0.0347651	0.03562
612	0.0353437	0.0358982
613	0.0359614	0.0361919
614	0.036621	0.0365019
615	0.0373252	0.036829
616	0.0380768	0.0371742
617	0.0388792	0.0375384
618	0.0397356	0.0379228
619	0.0406497	0.0383285
620	0.0416254	0.0387569
621	0.0426667	0.0392097
622	0.043778	0.0396886
623	0.0449638	0.0401957
624	0.0462291	0.0407331
625	0.0475819	0.0412967
626	0.0490293	0.0418851
627	0.050578	0.042499
628	0.0522351	0.0431394
629	0.0540082	0.0438071
630	0.0559053	0.0445032
631	0.0579351	0.0452292
632	0.0601066	0.0459866
633	0.0624295	0.0467777
634	0.064914	0.0476055
635	0.0675707	0.0484737
636	0.0704115	0.0493851
637	0.0734541	0.0503276
638	0.0767136	0.0512983
639	0.0802051	0.0522981
640	0.0839446	0.0533283
641	0.0877936	0.0543508
642	0.0917295	0.055363
643	0.0957527	0.0563694
644	0.0998653	0.0573683
645	0.104072	0.0583457
646	0.108374	0.0593026
647	0.112772	0.0602408
648	0.117266	0.0611629
649	0.121858	0.0620716
650	0.126548	0.0629703
651	0.131337	0.0638596
652	0.136229	0.064727
653	0.141225	0.065572
654	0.146327	0.0663959
655	0.151534	0.0672005
656	0.15685	0.067988
657	0.162274	0.0687607
658	0.16781	0.0695177
659	0.17346	0.0702487
660	0.179226	0.0709537
661	0.185109	0.0716341
662	0.191084	0.0722885
663	0.19714	0.0729185
664	0.203279	0.0735267
665	0.209502	0.0741082
666	0.21581	0.0746574
667	0.222203	0.0751756
668	0.228684	0.0756645
669	0.235252	0.0761257
670	0.241907	0.0765613
671	0.248652	0.0769719
672	0.255487	0.0773498
673	0.262413	0.0776943
674	0.269431	0.0780068
675	0.276542	0.0782887
676	0.283746	0.0785417
677	0.291045	0.0787676
678	0.29844	0.0789616
679	0.305932	0.0791198
680	0.313523	0.0792433
681	0.321213	0.0793333
682	0.329003	0.0793913
683	0.336895	0.0794187
684	0.34489	0.0794128
685	0.35299	0.0793681
686	0.361195	0.0792858
687	0.369509	0.0791673
688	0.377931	0.0790142
689	0.386464	0.0788283
690	0.39511	0.0786069
691	0.40387	0.0783448
692	0.412746	0.0780429
693	0.421741	0.0777022
694	0.430857	0.0773241
695	0.440095	0.0769096
696	0.449459	0.0764533
697	0.45895	0.0759531
698	0.468571	0.0754102
699	0.478324	0.0748261
700	0.488212	0.0742024
701	0.498175	0.0735416
702	0.50789	0.0728618
703	0.517363	0.0721677
704	0.526598	0.0714639
705	0.535603	0.0707543
706	0.544383	0.0700421
707	0.552941	0.0693256
708	0.561284	0.0686054
709	0.569415	0.0678842
710	0.57734	0.0671643
711	0.585062	0.0664481
712	0.592586	0.0657372
713	0.599917	0.0650323
714	0.607059	0.0643311
715	0.614016	0.0636352
716	0.620793	0.0629462
717	0.627394	0.0622655
718	0.633823	0.0615942
719	0.640085	0.0609335
720	0.646184	0.0602841
721	0.652124	0.0596455
722	0.65791	0.0590163
723	0.663545	0.058397
724	0.669033	0.057788
725	0.674378	0.0571897
726	0.679584	0.0566025
727	0.684655	0.0560266
728	0.689593	0.0554622
729	0.694403	0.0549093
730	0.699088	0.0543681
731	0.703651	0.0538375
732	0.708096	0.0533171
733	0.712425	0.0528071
734	0.716641	0.0523075
735	0.720747	0.0518185
736	0.724746	0.05134
737	0.728642	0.0508721
738	0.732436	0.0504147
739	0.736132	0.0499677
740	0.739732	0.0495311
741	0.743238	0.0491048
742	0.746653	0.0486887
743	0.749979	0.0482821
744	0.753219	0.0478847
745	0.756374	0.0474962
746	0.759447	0.0471167
747	0.76244	0.046746
748	0.765355	0.0463841
749	0.768194	0.0460307
750	0.77096	0.0456858
751	0.773653	0.0453493
752	0.776275	0.045021
753	0.77883	0.0447008
754	0.781317	0.0443885
755	0.783739	0.0440841
756	0.786098	0.0437873
757	0.788395	0.043498
758	0.790632	0.0432161
759	0.79281	0.0429414
760	0.794931	0.0426737
761	0.796995	0.0424127
762	0.799006	0.0421584
763	0.800995	0.0419065
764	0.80297	0.0416562
765	0.80493	0.0414074
766	0.806875	0.0411603
767	0.808807	0.0409146
768	0.810724	0.0406705
769	0.812628	0.0404279
770	0.814517	0.0401868
771	0.816393	0.0399471
772	0.818256	0.0397089
773	0.820106	0.0394721
774	0.821943	0.0392367
775	0.823766	0.0390027
776	0.825577	0.0387701
777	0.827376	0.0385388
778	0.829162	0.0383088
779	0.830936	0.0380802
780	0.832698	0.0378529
781	0.834447	0.0376269
782	0.836185	0.0374022
783	0.837911	0.0371789
784	0.839625	0.0369572
785	0.841328	0.0367369
786	0.843018	0.0365181
787	0.844698	0.0363006
788	0.846366	0.0360845
789	0.848022	0.0358697
790	0.849667	0.0356562
791	0.851301	0.035444
792	0.852924	0.0352329
793	0.854536	0.035023
794	0.856136	0.0348142
795	0.857726	0.0346065
796	0.859305	0.0343999
797	0.860873	0.0341944
798	0.86243	0.0339898
799	0.863977	0.0337863
800	0.865513	0.0335837
801	0.867039	0.033382
802	0.868554	0.0331813
803	0.870059	0.0329814
804	0.871553	0.0327824
805	0.873037	0.0325842
806	0.874511	0.0323869
807	0.875975	0.0321905
808	0.877429	0.0319957
809	0.878873	0.0318023
810	0.880308	0.0316103
811	0.881732	0.0314196
812	0.883147	0.0312301
813	0.884552	0.0310417
814	0.885948	0.0308544
815	0.887334	0.0306681
816	0.88871	0.0304827
817	0.890077	0.0302981
818	0.891435	0.0301143
819	0.892784	0.0299312
820	0.894123	0.0297487
821	0.895453	0.0295668
822	0.896773	0.0293855
823	0.898085	0.0292047
824	0.899388	0.0290243
825	0.900681	0.0288442
826	0.901966	0.0286645
827	0.903242	0.0284851
828	0.904509	0.0283059
829	0.905767	0.028127
830	0.907017	0.0279482
831	0.908258	0.0277695
832	0.90949	0.0275909
833	0.910714	0.0274135
834	0.911929	0.0272376
835	0.913137	0.0270631
836	0.914336	0.0268898
837	0.915527	0.0267176
838	0.91671	0.0265463
839	0.917884	0.0263757
840	0.919051	0.0262058
841	0.92021	0.0260364
842	0.92136	0.0258675
843	0.922503	0.0256988
844	0.923638	0.0255302
845	0.924765	0.0253617
846	0.925883	0.0251931
847	0.926995	0.0250244
848	0.928098	0.0248554
849	0.929194	0.0246861
850	0.930282	0.0245163
851	0.931362	0.0243461
852	0.932435	0.0241752
853	0.9335	0.0240037
854	0.934557	0.0238314
855	0.935607	0.0236583
856	0.936649	0.0234843
857	0.937684	0.0233094
858	0.938712	0.0231339
859	0.939733	0.0229597
860	0.940747	0.0227868
861	0.941753	0.022615
862	0.942753	0.022444
863	0.943747	0.0222736
864	0.944733	0.0221036
865	0.945712	0.0219338
866	0.946685	0.0217639
867	0.94765	0.0215938
868	0.948609	0.0214233
869	0.949561	0.0212523
870	0.950506	0.0210804
871	0.951444	0.0209077
872	0.952376	0.0207339
873	0.9533	0.0205589
874	0.954218	0.0203825
875	0.955129	0.0202046
876	0.956033	0.0200251
877	0.956931	0.0198439
878	0.957822	0.0196609
879	0.958706	0.0194759
880	0.959583	0.0192888
881	0.960454	0.0190996
882	0.961318	0.0189081
883	0.962176	0.0187164
884	0.963028	0.0185255
885	0.963873	0.0183352
886	0.964713	0.018145
887	0.965547	0.0179548
888	0.966375	0.0177643
889	0.967197	0.0175732
890	0.968013	0.0173813
891	0.968822	0.0171883
892	0.969626	0.016994
893	0.970423	0.0167982
894	0.971214	0.0166007
895	0.971999	0.0164012
896	0.972778	0.0161998
897	0.97355	0.015996
898	0.974316	0.0157898
899	0.975076	0.015581
900	0.97583	0.0153695
901	0.976577	0.0151551
902	0.977317	0.0149377
903	0.978052	0.0147172
904	0.97878	0.0144936
905	0.979502	0.0142692
906	0.980219	0.0140443
907	0.98093	0.0138187
908	0.981636	0.0135922
909	0.982336	0.0133644
910	0.983031	0.0131353
911	0.98372	0.0129044
912	0.984403	0.0126718
913	0.985081	0.012437
914	0.985753	0.0122001
915	0.98642	0.0119606
916	0.987081	0.0117185
917	0.987737	0.0114735
918	0.988387	0.0112255
919	0.989032	0.0109741
920	0.989672	0.0107193
921	0.990307	0.0104607
922	0.990938	0.0101987
923	0.991564	0.00993413
924	0.992186	0.00966695
925	0.992805	0.00939696
926	0.993421	0.00912399
927	0.994034	0.00884789
928	0.994644	0.0085685
929	0.995251	0.00828567
930	0.995856	0.0079993
931	0.996457	0.00770931
932	0.997057	0.00741567
933	0.997653	0.00711841
934	0.998246	0.00681788
935	0.998835	0.0065144
936	0.99942	0.00620831
937	1	0.0059
