938	1.31353	-0.203282
939	1.31318	-0.202925
940	1.31283	-0.20256
941	1.31248	-0.202187
942	1.31213	-0.201811
943	1.31178	-0.201431
944	1.31142	-0.201052
945	1.31106	-0.200675
946	1.31069	-0.200298
947	1.31032	-0.199919
948	1.30995	-0.19954
949	1.30957	-0.199158
950	1.30919	-0.198776
951	1.3088	-0.198392
952	1.30842	-0.198007
953	1.30802	-0.19762
954	1.30763	-0.197231
955	1.30723	-0.19684
956	1.30683	-0.196447
957	1.30642	-0.196053
958	1.30602	-0.195656
959	1.30561	-0.195258
960	1.30519	-0.194857
961	1.30477	-0.194456
962	1.30435	-0.194052
963	1.30393	-0.193647
964	1.3035	-0.19324
965	1.30306	-0.192831
966	1.30263	-0.19242
967	1.30219	-0.192008
968	1.30175	-0.191594
969	1.3013	-0.191178
970	1.30085	-0.19076
971	1.30039	-0.19034
972	1.29994	-0.189918
973	1.29948	-0.189494
974	1.29901	-0.189069
975	1.29854	-0.188641
976	1.29807	-0.188211
977	1.29759	-0.18778
978	1.29711	-0.187347
979	1.29663	-0.186912
980	1.29614	-0.186475
981	1.29565	-0.186036
982	1.29515	-0.185596
983	1.29465	-0.185153
984	1.29415	-0.184709
985	1.29364	-0.184263
986	1.29312	-0.183814
987	1.29261	-0.183364
988	1.29208	-0.182912
989	1.29156	-0.182458
990	1.29103	-0.182002
991	1.2905	-0.181543
992	1.28996	-0.181083
993	1.28942	-0.18062
994	1.28887	-0.180156
995	1.28832	-0.179689
996	1.28777	-0.17922
997	1.28721	-0.17875
998	1.28664	-0.178277
999	1.28607	-0.177802
1000	1.2855	-0.177326
1001	1.28492	-0.176847
1002	1.28434	-0.176367
1003	1.28375	-0.175884
1004	1.28316	-0.1754
1005	1.28256	-0.174913
1006	1.28196	-0.174425
1007	1.28136	-0.173934
1008	1.28075	-0.173441
1009	1.28013	-0.172947
1010	1.27951	-0.17245
1011	1.27888	-0.171951
1012	1.27825	-0.171449
1013	1.27762	-0.170946
1014	1.27698	-0.17044
1015	1.27633	-0.169933
1016	1.27568	-0.169423
1017	1.27503	-0.168911
1018	1.27437	-0.168397
1019	1.2737	-0.167881
1020	1.27303	-0.167363
1021	1.27235	-0.166843
1022	1.27167	-0.166321
1023	1.27098	-0.165797
1024	1.27029	-0.165271
1025	1.26959	-0.164743
1026	1.26889	-0.164213
1027	1.26818	-0.163681
1028	1.26746	-0.163147
1029	1.26674	-0.16261
1030	1.26602	-0.162072
1031	1.26528	-0.161531
1032	1.26455	-0.160989
1033	1.2638	-0.160444
1034	1.26306	-0.159898
1035	1.2623	-0.159349
1036	1.26154	-0.158798
1037	1.26078	-0.158245
1038	1.26001	-0.15769
1039	1.25923	-0.157133
1040	1.25845	-0.156575
1041	1.25766	-0.156014
1042	1.25686	-0.155452
1043	1.25606	-0.154889
1044	1.25526	-0.154324
1045	1.25445	-0.153757
1046	1.25361	-0.153175
1047	1.25275	-0.152575
1048	1.25185	-0.151957
1049	1.25092	-0.15132
1050	1.24996	-0.150663
1051	1.24897	-0.149986
1052	1.24794	-0.149288
1053	1.24687	-0.148569
1054	1.24576	-0.147828
1055	1.24462	-0.147065
1056	1.24343	-0.146278
1057	1.24221	-0.145467
1058	1.24093	-0.144631
1059	1.23962	-0.143771
1060	1.23825	-0.142885
1061	1.23683	-0.141973
1062	1.23537	-0.141034
1063	1.23385	-0.140068
1064	1.23227	-0.139073
1065	1.23064	-0.138049
1066	1.22894	-0.136996
1067	1.22719	-0.135912
1068	1.22537	-0.134796
1069	1.22348	-0.133649
1070	1.22152	-0.132468
1071	1.2195	-0.131255
1072	1.21739	-0.130008
1073	1.21521	-0.128728
1074	1.21295	-0.127413
1075	1.2106	-0.126062
1076	1.20817	-0.124675
1077	1.20565	-0.12325
1078	1.20303	-0.121786
1079	1.20032	-0.120281
1080	1.1975	-0.118736
1081	1.19458	-0.117152
1082	1.19155	-0.115527
1083	1.18841	-0.11386
1084	1.18514	-0.11215
1085	1.18176	-0.110396
1086	1.17824	-0.108595
1087	1.17459	-0.106746
1088	1.1708	-0.104853
1089	1.16687	-0.102913
1090	1.16278	-0.100925
1091	1.15853	-0.0988854
1092	1.15413	-0.0967922
1093	1.14966	-0.0946935
1094	1.14524	-0.092652
1095	1.14089	-0.0906637
1096	1.1366	-0.0887245
1097	1.13236	-0.0868305
1098	1.1282	-0.0849786
1099	1.12409	-0.0831725
1100	1.12003	-0.0814108
1101	1.11605	-0.0796897
1102	1.11212	-0.0780057
1103	1.10825	-0.0763557
1104	1.10445	-0.0747387
1105	1.10071	-0.0731586
1106	1.09702	-0.0716128
1107	1.0934	-0.0700981
1108	1.08983	-0.0686114
1109	1.08633	-0.0671501
1110	1.08289	-0.065714
1111	1.0795	-0.0643072
1112	1.07618	-0.0629265
1113	1.0729	-0.0615688
1114	1.06969	-0.0602312
1115	1.06653	-0.0589109
1116	1.06343	-0.0576084
1117	1.06038	-0.0563281
1118	1.05739	-0.055067
1119	1.05445	-0.0538219
1120	1.05156	-0.05259
1121	1.04872	-0.0513687
1122	1.04594	-0.0501588
1123	1.04323	-0.0489756
1124	1.04059	-0.0478158
1125	1.03802	-0.046676
1126	1.03552	-0.0455531
1127	1.0331	-0.0444447
1128	1.03073	-0.0433526
1129	1.02843	-0.0422817
1130	1.0262	-0.0412281
1131	1.02402	-0.0401883
1132	1.02191	-0.0391593
1133	1.01986	-0.0381385
1134	1.01786	-0.0371301
1135	1.01592	-0.0361382
1136	1.01404	-0.035158
1137	1.01221	-0.0341853
1138	1.01048	-0.0332408
1139	1.00888	-0.0323412
1140	1.00739	-0.0314942
1141	1.00601	-0.0306964
1142	1.00474	-0.0299411
1143	1.00355	-0.0292235
1144	1.00246	-0.0285402
1145	1.00146	-0.0278886
1146	1.00053	-0.0272726
1147	0.999665	-0.0266962
1148	0.998866	-0.0261531
1149	0.998128	-0.0256389
1150	0.997448	-0.0251501
1151	0.996824	-0.0246846
1152	0.996252	-0.0242405
1153	0.995728	-0.0238166
1154	0.995243	-0.0234195
1155	0.99479	-0.0230516
1156	0.994371	-0.022707
1157	0.993986	-0.0223812
1158	0.993633	-0.0220715
1159	0.993311	-0.0217756
1160	0.99302	-0.0214923
1161	0.992757	-0.0212207
1162	0.992521	-0.0209603
1163	0.992309	-0.020711
1164	0.992116	-0.0204765
1165	0.991931	-0.0202633
1166	0.991757	-0.0200667
1167	0.991596	-0.019883
1168	0.99145	-0.0197099
1169	0.991318	-0.0195457
1170	0.9912	-0.019389
1171	0.991097	-0.0192391
1172	0.991008	-0.0190954
1173	0.990932	-0.0189578
1174	0.99087	-0.0188262
1175	0.990819	-0.0187006
1176	0.99078	-0.0185812
1177	0.990751	-0.0184682
1178	0.990732	-0.0183618
1179	0.990718	-0.0182599
1180	0.990706	-0.0181566
1181	0.990697	-0.018052
1182	0.99069	-0.0179461
1183	0.990686	-0.017839
1184	0.990685	-0.0177306
1185	0.990687	-0.017621
1186	0.990693	-0.0175104
1187	0.990704	-0.017399
1188	0.990721	-0.0172871
1189	0.990745	-0.0171752
1190	0.990777	-0.0170641
1191	0.99082	-0.0169552
1192	0.990876	-0.0168509
1193	0.990947	-0.0167547
1194	0.991031	-0.016668
1195	0.991126	-0.0165901
1196	0.991229	-0.0165202
1197	0.991338	-0.0164569
1198	0.991452	-0.0163991
1199	0.99157	-0.0163457
1200	0.991692	-0.0162957
1201	0.991816	-0.0162484
1202	0.991944	-0.0162028
1203	0.992074	-0.0161581
1204	0.992207	-0.0161135
1205	0.992341	-0.0160679
1206	0.992476	-0.0160205
1207	0.992615	-0.0159768
1208	0.992757	-0.015938
1209	0.992902	-0.0159041
1210	0.99305	-0.0158745
1211	0.9932	-0.0158491
1212	0.993353	-0.0158274
1213	0.993508	-0.0158091
1214	0.993665	-0.0157937
1215	0.993824	-0.0157807
1216	0.993985	-0.0157697
1217	0.994148	-0.0157602
1218	0.994314	-0.0157518
1219	0.994481	-0.0157437
1220	0.994651	-0.0157355
1221	0.994822	-0.0157264
1222	0.994996	-0.0157158
1223	0.995172	-0.0157036
1224	0.99535	-0.0156927
1225	0.99553	-0.0156836
1226	0.995713	-0.0156762
1227	0.995898	-0.0156705
1228	0.996086	-0.0156663
1229	0.996275	-0.0156636
1230	0.996467	-0.0156622
1231	0.996662	-0.0156621
1232	0.996859	-0.015663
1233	0.997059	-0.0156648
1234	0.997262	-0.0156675
1235	0.99747	-0.0156708
1236	0.997681	-0.0156745
1237	0.997896	-0.0156784
1238	0.998115	-0.0156824
1239	0.998338	-0.015686
1240	0.998565	-0.0156892
1241	0.998797	-0.0156919
1242	0.999033	-0.0156955
1243	0.999273	-0.0157
1244	0.999518	-0.0157054
1245	0.999767	-0.0157118
1246	1.00002	-0.0157189
1247	1.00028	-0.0157268
1248	1.00054	-0.0157354
1249	1.00081	-0.0157446
1250	1.00109	-0.0157543
1251	1.00136	-0.0157644
1252	1.00165	-0.0157748
1253	1.00194	-0.0157854
1254	1.00223	-0.015796
1255	1.00253	-0.0158064
1256	1.00284	-0.0158164
1257	1.00315	-0.0158262
1258	1.00347	-0.0158364
1259	1.00379	-0.0158471
1260	1.00412	-0.0158582
1261	1.00445	-0.0158696
1262	1.0048	-0.0158814
1263	1.00514	-0.0158934
1264	1.0055	-0.0159055
1265	1.00586	-0.0159177
1266	1.00623	-0.0159298
1267	1.0066	-0.0159417
1268	1.00699	-0.0159533
1269	1.00738	-0.0159645
1270	1.00777	-0.0159751
1271	1.00818	-0.015985
1272	1.00859	-0.0159943
1273	1.00901	-0.0160032
1274	1.00944	-0.0160116
1275	1.00987	-0.0160196
1276	1.01032	-0.0160272
1277	1.01077	-0.0160343
1278	1.01123	-0.016041
1279	1.0117	-0.0160474
1280	1.01218	-0.0160533
1281	1.01266	-0.016059
1282	1.01316	-0.0160644
1283	1.01367	-0.0160695
1284	1.01418	-0.0160742
1285	1.01471	-0.0160782
1286	1.01524	-0.0160816
1287	1.01579	-0.0160843
1288	1.01634	-0.0160864
1289	1.01691	-0.016088
1290	1.01748	-0.0160891
1291	1.01807	-0.0160898
1292	1.01867	-0.0160901
1293	1.01928	-0.0160902
1294	1.0199	-0.0160901
1295	1.02053	-0.0160898
1296	1.02117	-0.0160886
1297	1.02183	-0.0160863
1298	1.0225	-0.0160831
1299	1.02318	-0.0160794
1300	1.02388	-0.0160752
1301	1.02458	-0.016071
1302	1.0253	-0.016067
1303	1.02604	-0.0160636
1304	1.02679	-0.0160611
1305	1.02755	-0.01606
1306	1.02832	-0.0160601
1307	1.02911	-0.0160606
1308	1.02992	-0.0160615
1309	1.03074	-0.016063
1310	1.03157	-0.0160654
1311	1.03243	-0.0160689
1312	1.03329	-0.0160738
1313	1.03418	-0.0160804
1314	1.03508	-0.016089
1315	1.03599	-0.0160999
1316	1.03693	-0.0161128
1317	1.03788	-0.0161271
1318	1.03885	-0.0161433
1319	1.03984	-0.0161616
1320	1.04085	-0.0161826
1321	1.04188	-0.016207
1322	1.04295	-0.0162352
1323	1.04404	-0.0162679
1324	1.04516	-0.016306
1325	1.04631	-0.0163492
1326	1.04748	-0.0163971
1327	1.04869	-0.0164502
1328	1.04993	-0.0165092
1329	1.0512	-0.0165749
1330	1.0525	-0.0166481
1331	1.05384	-0.0167298
1332	1.05521	-0.0168209
1333	1.05661	-0.0169222
1334	1.05805	-0.0170335
1335	1.05953	-0.0171555
1336	1.06105	-0.0172889
1337	1.0626	-0.0174347
1338	1.06419	-0.0175936
1339	1.06583	-0.0177667
1340	1.0675	-0.0179548
1341	1.06922	-0.0181584
1342	1.07098	-0.0183786
1343	1.07279	-0.0186168
1344	1.07464	-0.0188745
1345	1.07654	-0.0191532
1346	1.07849	-0.0194547
1347	1.08046	-0.0197762
1348	1.08244	-0.0201165
1349	1.08444	-0.0204759
1350	1.08646	-0.0208547
1351	1.08849	-0.0212533
1352	1.09053	-0.0216719
1353	1.09259	-0.0221109
1354	1.09467	-0.022571
1355	1.09676	-0.0230525
1356	1.09886	-0.023556
1357	1.10098	-0.0240817
1358	1.10311	-0.0246302
1359	1.10526	-0.025202
1360	1.10742	-0.0257979
1361	1.10959	-0.0264181
1362	1.11177	-0.027063
1363	1.11397	-0.0277325
1364	1.11619	-0.0284269
1365	1.11841	-0.0291464
1366	1.12065	-0.0298918
1367	1.1229	-0.0306639
1368	1.12516	-0.031463
1369	1.12744	-0.0322891
1370	1.12973	-0.0331427
1371	1.13203	-0.0340238
1372	1.13434	-0.0349331
1373	1.13666	-0.0358715
1374	1.13899	-0.0368393
1375	1.14134	-0.0378371
1376	1.1437	-0.0388652
1377	1.14606	-0.0399241
1378	1.14844	-0.0410149
1379	1.15083	-0.0421387
1380	1.15322	-0.0432955
1381	1.15563	-0.0444849
1382	1.15805	-0.0457068
1383	1.16048	-0.046961
1384	1.16292	-0.0482478
1385	1.16536	-0.0495689
1386	1.16782	-0.0509249
1387	1.17029	-0.0523161
1388	1.17276	-0.0537434
1389	1.17525	-0.0552071
1390	1.17774	-0.0567085
1391	1.18024	-0.0582484
1392	1.18275	-0.0598271
1393	1.18527	-0.0614446
1394	1.18776	-0.0630799
1395	1.1902	-0.0647105
1396	1.19258	-0.0663368
1397	1.19491	-0.0679578
1398	1.19718	-0.0695721
1399	1.1994	-0.0711784
1400	1.20158	-0.0727756
1401	1.2037	-0.0743627
1402	1.20578	-0.0759397
1403	1.20781	-0.0775062
1404	1.20979	-0.0790614
1405	1.21173	-0.0806045
1406	1.21363	-0.0821351
1407	1.21548	-0.0836526
1408	1.21729	-0.0851566
1409	1.21906	-0.0866472
1410	1.22079	-0.088124
1411	1.22247	-0.0895866
1412	1.22413	-0.0910346
1413	1.22574	-0.0924675
1414	1.22732	-0.0938851
1415	1.22886	-0.095287
1416	1.23037	-0.0966735
1417	1.23184	-0.0980447
1418	1.23328	-0.0994005
1419	1.23469	-0.100741
1420	1.23607	-0.102065
1421	1.23741	-0.103373
1422	1.23873	-0.104666
1423	1.24002	-0.105942
1424	1.24128	-0.107202
1425	1.24252	-0.108446
1426	1.24372	-0.109675
1427	1.2449	-0.110887
1428	1.24605	-0.112084
1429	1.24718	-0.113266
1430	1.24829	-0.114431
1431	1.24937	-0.115581
1432	1.25043	-0.116716
1433	1.25146	-0.117834
1434	1.25248	-0.118938
1435	1.25347	-0.120026
1436	1.25444	-0.121099
1437	1.25539	-0.122157
1438	1.25632	-0.123201
1439	1.25723	-0.12423
1440	1.25812	-0.125244
1441	1.25899	-0.126243
1442	1.25984	-0.127228
1443	1.26068	-0.128198
1444	1.2615	-0.129154
1445	1.2623	-0.130096
1446	1.26308	-0.131024
1447	1.26385	-0.131938
1448	1.26461	-0.132838
1449	1.26534	-0.133725
1450	1.26607	-0.134599
1451	1.26677	-0.135459
1452	1.26747	-0.136306
1453	1.26815	-0.13714
1454	1.26881	-0.137961
1455	1.26946	-0.13877
1456	1.2701	-0.139565
1457	1.27073	-0.140351
1458	1.27135	-0.141132
1459	1.27196	-0.141909
1460	1.27257	-0.142683
1461	1.27317	-0.143452
1462	1.27377	-0.144218
1463	1.27436	-0.14498
1464	1.27495	-0.145737
1465	1.27553	-0.146492
1466	1.27611	-0.147242
1467	1.27668	-0.147989
1468	1.27724	-0.148732
1469	1.2778	-0.149471
1470	1.27835	-0.150206
1471	1.2789	-0.150938
1472	1.27945	-0.151666
1473	1.27998	-0.152391
1474	1.28052	-0.153111
1475	1.28105	-0.153828
1476	1.28157	-0.154541
1477	1.28209	-0.155251
1478	1.28261	-0.155957
1479	1.28312	-0.15666
1480	1.28363	-0.157359
1481	1.28413	-0.158054
1482	1.28462	-0.158746
1483	1.28512	-0.159435
1484	1.28561	-0.160119
1485	1.28609	-0.1608
1486	1.28657	-0.161478
1487	1.28704	-0.162152
1488	1.28751	-0.162822
1489	1.28798	-0.163489
1490	1.28845	-0.164152
1491	1.2889	-0.164811
1492	1.28936	-0.165467
1493	1.28981	-0.16612
1494	1.29026	-0.166768
1495	1.2907	-0.167414
1496	1.29114	-0.168056
1497	1.29157	-0.168695
1498	1.29201	-0.16933
1499	1.29243	-0.169962
1500	1.29286	-0.17059
1501	1.29328	-0.171215
1502	1.2937	-0.171836
1503	1.29411	-0.172454
1504	1.29452	-0.173068
1505	1.29493	-0.173679
1506	1.29533	-0.174286
1507	1.29573	-0.174889
1508	1.29613	-0.175489
1509	1.29652	-0.176086
1510	1.29691	-0.176679
1511	1.2973	-0.177269
1512	1.29768	-0.177856
1513	1.29807	-0.178439
1514	1.29844	-0.179019
1515	1.29882	-0.179595
1516	1.29919	-0.180169
1517	1.29956	-0.180739
1518	1.29992	-0.181305
1519	1.30029	-0.181868
1520	1.30065	-0.182428
1521	1.30101	-0.182985
1522	1.30136	-0.183539
1523	1.30171	-0.184089
1524	1.30206	-0.184636
1525	1.30241	-0.185179
1526	1.30275	-0.18572
1527	1.30309	-0.186257
1528	1.30343	-0.186792
1529	1.30376	-0.187323
1530	1.3041	-0.187851
1531	1.30443	-0.188376
1532	1.30475	-0.188898
1533	1.30508	-0.189417
1534	1.3054	-0.189932
1535	1.30572	-0.190445
1536	1.30604	-0.190954
1537	1.30635	-0.19146
1538	1.30667	-0.191963
1539	1.30698	-0.192464
1540	1.30729	-0.192961
1541	1.30759	-0.193455
1542	1.3079	-0.193946
1543	1.3082	-0.194435
1544	1.3085	-0.194921
1545	1.30879	-0.195404
1546	1.30909	-0.195884
1547	1.30938	-0.196361
1548	1.30967	-0.196836
1549	1.30997	-0.197307
1550	1.31025	-0.197776
1551	1.31054	-0.198241
1552	1.31083	-0.198705
1553	1.31111	-0.199165
1554	1.3114	-0.199624
1555	1.31168	-0.200079
1556	1.31196	-0.200533
1557	1.31224	-0.200984
1558	1.31251	-0.201432
1559	1.31279	-0.201877
1560	1.31307	-0.20232
1561	1.31334	-0.202759
1562	1.31362	-0.203196
1563	1.31389	-0.20363
