3.74495	-1.61655
3.74482	-1.61639
3.74469	-1.61624
3.74457	-1.61609
3.74444	-1.61594
3.7443	-1.61578
3.74414	-1.61559
3.74395	-1.61535
3.74371	-1.61507
3.74347	-1.61477
3.74321	-1.61446
3.74293	-1.61411
3.74256	-1.61366
3.74201	-1.61297
3.74103	-1.61177
3.73969	-1.61009
3.73772	-1.60764
3.73481	-1.60397
3.73142	-1.59964
3.72637	-1.59316
3.71877	-1.58333
3.70836	-1.56982
3.69593	-1.55366
3.68077	-1.53409
3.66313	-1.51164
3.64205	-1.48541
3.61994	-1.45874
3.59755	-1.43268
3.57524	-1.40773
3.5534	-1.38432
3.5311	-1.36146
3.50773	-1.33862
3.48229	-1.31505
3.45525	-1.29144
3.42836	-1.26942
3.40315	-1.25007
3.37928	-1.23286
3.35527	-1.21663
3.33151	-1.20163
3.30854	-1.18808
3.28733	-1.17643
3.26707	-1.16604
3.24588	-1.15596
3.2226	-1.14581
3.19853	-1.13635
3.17636	-1.12858
3.15581	-1.12223
3.13654	-1.11707
3.11981	-1.11325
3.10548	-1.11051
3.09169	-1.1084
3.0794	-1.10699
3.06895	-1.10618
3.05991	-1.10582
3.05239	-1.10578
3.04524	-1.10599
3.03919	-1.10639
3.03443	-1.10685
3.03049	-1.10735
3.02694	-1.10789
3.02343	-1.10853
3.02002	-1.10926
3.01662	-1.11008
3.01299	-1.1111
3.00968	-1.11217
3.00683	-1.11322
3.00412	-1.11432
3.00206	-1.11525
3.00056	-1.11597
2.99919	-1.11667
2.99773	-1.11746
2.99606	-1.11844
2.99412	-1.11966
2.99232	-1.12091
2.99087	-1.12199
2.9896	-1.12302
2.98835	-1.12409
2.98711	-1.12523
2.98597	-1.12636
2.98492	-1.12749
2.98396	-1.1286
2.98309	-1.12968
2.98227	-1.13077
2.98141	-1.132
2.98056	-1.13332
2.97975	-1.13469
2.97897	-1.13615
2.97825	-1.13764
2.97768	-1.13898
2.97724	-1.14011
2.97686	-1.14118
2.97652	-1.14226
2.97619	-1.14337
2.97587	-1.14461
2.97553	-1.14614
2.97519	-1.14802
2.97491	-1.15008
2.97473	-1.15217
2.97464	-1.15428
2.97464	-1.15646
2.97475	-1.15884
2.97497	-1.16143
2.97533	-1.16417
2.97583	-1.16696
2.97642	-1.16963
2.97711	-1.17229
2.97799	-1.17528
2.9792	-1.17882
2.98073	-1.18276
2.9826	-1.18703
2.98475	-1.19143
2.98717	-1.19595
2.98989	-1.20059
2.99301	-1.20551
2.99678	-1.21102
3.00156	-1.21749
3.00745	-1.22481
3.01424	-1.23262
3.02211	-1.24102
3.03136	-1.25016
3.0421	-1.26004
3.05488	-1.27097
3.07022	-1.28317
3.08789	-1.29622
3.10814	-1.31013
3.13352	-1.32634
3.16619	-1.34562
3.20822	-1.36847
3.25964	-1.39423
3.32064	-1.42264
3.38967	-1.453
3.46324	-1.48438
3.53546	-1.51517
3.59472	-1.54117
3.63516	-1.55965
3.66583	-1.57427
3.69121	-1.58693
3.70906	-1.59623
3.7214	-1.60291
3.72901	-1.60715
3.73319	-1.60953
3.73591	-1.61112
3.73785	-1.61226
3.73947	-1.61322
3.74085	-1.61404
3.74184	-1.61462
3.74247	-1.61501
3.74291	-1.61527
3.74323	-1.61547
3.74349	-1.61563
3.74373	-1.61578
3.74393	-1.6159
3.74411	-1.61601
3.74427	-1.61612
3.74443	-1.61622
3.7446	-1.61632
3.74477	-1.61643