0 0
1.0	-3.878896e-16
0.99990422	-1.3588179e-05
0.99961692	-5.4337676e-05
0.9991382	-0.00012220342
0.99846825	-0.00021711042
0.99760733	-0.00033895399
0.99655576	-0.00048760002
0.99531396	-0.00066288534
0.99388239	-0.00086461819
0.9922616	-0.0010925787
0.99045221	-0.0013465195
0.98845493	-0.0016261663
0.98627051	-0.0019312188
0.98389978	-0.0022613513
0.98134367	-0.0026162134
0.97860314	-0.0029954314
0.97567925	-0.0033986084
0.97257311	-0.0038253261
0.96928593	-0.0042751452
0.96581895	-0.0047476068
0.9621735	-0.005242233
0.95835099	-0.0057585286
0.95435287	-0.0062959813
0.95018068	-0.0068540636
0.94583602	-0.0074322332
0.94132055	-0.0080299346
0.936636	-0.0086465995
0.93178416	-0.0092816483
0.9267669	-0.009934491
0.92158614	-0.010604528
0.91624385	-0.011291151
0.9107421	-0.011993743
0.90508298	-0.012711682
0.89926867	-0.013444338
0.89330139	-0.014191076
0.88718342	-0.014951256
0.88091712	-0.015724233
0.87450488	-0.016509361
0.86794916	-0.017305986
0.86125247	-0.018113455
0.85441738	-0.01893111
0.8474465	-0.019758292
0.84034251	-0.020594338
0.83310813	-0.021438585
0.82574612	-0.022290365
0.81825932	-0.023149011
0.81065058	-0.024013852
0.80292283	-0.024884216
0.79507902	-0.025759425
0.78712216	-0.026638804
0.7790553	-0.02752167
0.77088153	-0.028407338
0.76260397	-0.029295122
0.75422581	-0.030184329
0.74575025	-0.031074262
0.73718053	-0.03196422
0.72851995	-0.032853497
0.71977181	-0.033741381
0.71093948	-0.034627154
0.70202633	-0.035510092
0.69303578	-0.036389462
0.68397128	-0.037264527
0.67483629	-0.038134541
0.66563432	-0.03899875
0.65636889	-0.039856392
0.64704355	-0.040706698
0.63766187	-0.041548889
0.62822746	-0.04238218
0.61874392	-0.043205774
0.60921488	-0.044018869
0.59964401	-0.044820653
0.59003495	-0.045610306
0.58039141	-0.046387003
0.57071706	-0.047149907
0.56101562	-0.04789818
0.5512908	-0.048630972
0.54154634	-0.049347433
0.53178595	-0.050046704
0.52201339	-0.050727924
0.5122324	-0.051390231
0.50244671	-0.052032757
0.49266009	-0.052654638
0.48287629	-0.053255006
0.47309904	-0.053833
0.4633321	-0.054387758
0.45357921	-0.054918425
0.4438441	-0.055424153
0.43413051	-0.055904099
0.42444215	-0.056357434
0.41478274	-0.056783336
0.40515598	-0.057181001
0.39556555	-0.057549636
0.38601514	-0.057888466
0.3765084	-0.058196736
0.36704897	-0.058473711
0.35764047	-0.058718678
0.34828652	-0.058930949
0.33899069	-0.059109862
0.32975654	-0.059254783
0.32058763	-0.059365108
0.31148744	-0.059440266
0.30245948	-0.059479716
0.29350721	-0.059482956
0.28463404	-0.059449518
0.27584338	-0.059378971
0.26713861	-0.059270927
0.25852305	-0.059125036
0.25	-0.058940989
0.24157273	-0.058718523
0.23324448	-0.058457416
0.22501842	-0.05815749
0.21689771	-0.057818615
0.20888547	-0.057440705
0.20098475	-0.057023719
0.1931986	-0.056567663
0.18552999	-0.05607259
0.17798186	-0.055538597
0.1705571	-0.054965828
0.16325855	-0.054354473
0.15608902	-0.053704763
0.14905125	-0.053016977
0.14214794	-0.052291434
0.13538172	-0.051528496
0.1287552	-0.050728563
0.12227091	-0.049892076
0.11593134	-0.049019512
0.10973891	-0.048111385
0.10369599	-0.047168241
0.097804914	-0.046190656
0.092067924	-0.045179239
0.08648722	-0.044134623
0.081064942	-0.043057466
0.075803167	-0.041948449
0.07070391	-0.040808272
0.065769126	-0.039637653
0.061000704	-0.038437321
0.056400473	-0.037208019
0.051970193	-0.035950497
0.047711563	-0.034665512
0.043626215	-0.033353823
0.039715712	-0.032016188
0.035981554	-0.030653363
0.032425172	-0.029266098
0.029047927	-0.027855133
0.025851113	-0.026421197
0.022835956	-0.024965007
0.02000361	-0.02348726
0.017355161	-0.021988634
0.014891624	-0.020469786
0.012613941	-0.018931349
0.010522986	-0.017373928
0.0086195604	-0.015798101
0.0069043926	-0.014204412
0.00537814	-0.012593377
0.0040413873	-0.010965475
0.0028946467	-0.0093211485
0.0019383576	-0.0076608053
0.0011728863	-0.0059848136
0.00059852602	-0.0042935025
0.00021549689	-0.0025871611
2.3945628e-05	-0.00086603816
2.3945628e-05	0.00086603816
0.00021549689	0.0025871611
0.00059852602	0.0042935025
0.0011728863	0.0059848136
0.0019383576	0.0076608053
0.0028946467	0.0093211485
0.0040413873	0.010965475
0.00537814	0.012593377
0.0069043926	0.014204412
0.0086195604	0.015798101
0.010522986	0.017373928
0.012613941	0.018931349
0.014891624	0.020469786
0.017355161	0.021988634
0.02000361	0.02348726
0.022835956	0.024965007
0.025851113	0.026421197
0.029047927	0.027855133
0.032425172	0.029266098
0.035981554	0.030653363
0.039715712	0.032016188
0.043626215	0.033353823
0.047711563	0.034665512
0.051970193	0.035950497
0.056400473	0.037208019
0.061000704	0.038437321
0.065769126	0.039637653
0.07070391	0.040808272
0.075803167	0.041948449
0.081064942	0.043057466
0.08648722	0.044134623
0.092067924	0.045179239
0.097804914	0.046190656
0.10369599	0.047168241
0.10973891	0.048111385
0.11593134	0.049019512
0.12227091	0.049892076
0.1287552	0.050728563
0.13538172	0.051528496
0.14214794	0.052291434
0.14905125	0.053016977
0.15608902	0.053704763
0.16325855	0.054354473
0.1705571	0.054965828
0.17798186	0.055538597
0.18552999	0.05607259
0.1931986	0.056567663
0.20098475	0.057023719
0.20888547	0.057440705
0.21689771	0.057818615
0.22501842	0.05815749
0.23324448	0.058457416
0.24157273	0.058718523
0.25	0.058940989
0.25852305	0.059125036
0.26713861	0.059270927
0.27584338	0.059378971
0.28463404	0.059449518
0.29350721	0.059482956
0.30245948	0.059479716
0.31148744	0.059440266
0.32058763	0.059365108
0.32975654	0.059254783
0.33899069	0.059109862
0.34828652	0.058930949
0.35764047	0.058718678
0.36704897	0.058473711
0.3765084	0.058196736
0.38601514	0.057888466
0.39556555	0.057549636
0.40515598	0.057181001
0.41478274	0.056783336
0.42444215	0.056357434
0.43413051	0.055904099
0.4438441	0.055424153
0.45357921	0.054918425
0.4633321	0.054387758
0.47309904	0.053833
0.48287629	0.053255006
0.49266009	0.052654638
0.50244671	0.052032757
0.5122324	0.051390231
0.52201339	0.050727924
0.53178595	0.050046704
0.54154634	0.049347433
0.5512908	0.048630972
0.56101562	0.04789818
0.57071706	0.047149907
0.58039141	0.046387003
0.59003495	0.045610306
0.59964401	0.044820653
0.60921488	0.044018869
0.61874392	0.043205774
0.62822746	0.04238218
0.63766187	0.041548889
0.64704355	0.040706698
0.65636889	0.039856392
0.66563432	0.03899875
0.67483629	0.038134541
0.68397128	0.037264527
0.69303578	0.036389462
0.70202633	0.035510092
0.71093948	0.034627154
0.71977181	0.033741381
0.72851995	0.032853497
0.73718053	0.03196422
0.74575025	0.031074262
0.75422581	0.030184329
0.76260397	0.029295122
0.77088153	0.028407338
0.7790553	0.02752167
0.78712216	0.026638804
0.79507902	0.025759425
0.80292283	0.024884216
0.81065058	0.024013852
0.81825932	0.023149011
0.82574612	0.022290365
0.83310813	0.021438585
0.84034251	0.020594338
0.8474465	0.019758292
0.85441738	0.01893111
0.86125247	0.018113455
0.86794916	0.017305986
0.87450488	0.016509361
0.88091712	0.015724233
0.88718342	0.014951256
0.89330139	0.014191076
0.89926867	0.013444338
0.90508298	0.012711682
0.9107421	0.011993743
0.91624385	0.011291151
0.92158614	0.010604528
0.9267669	0.009934491
0.93178416	0.0092816483
0.936636	0.0086465995
0.94132055	0.0080299346
0.94583602	0.0074322332
0.95018068	0.0068540636
0.95435287	0.0062959813
0.95835099	0.0057585286
0.9621735	0.005242233
0.96581895	0.0047476068
0.96928593	0.0042751452
0.97257311	0.0038253261
0.97567925	0.0033986084
0.97860314	0.0029954314
0.98134367	0.0026162134
0.98389978	0.0022613513
0.98627051	0.0019312188
0.98845493	0.0016261663
0.99045221	0.0013465195
0.9922616	0.0010925787
0.99388239	0.00086461819
0.99531396	0.00066288534
0.99655576	0.00048760002
0.99760733	0.00033895399
0.99846825	0.00021711042
0.9991382	0.00012220342
0.99961692	5.4337676e-05
1.0	-3.878896e-16
0 0