1.00012	0.072279
0.998645	0.072331
0.997196	0.072382
0.995771	0.072432
0.994371	0.072481
0.992993	0.072529
0.991638	0.072577
0.990305	0.072623
0.988993	0.072669
0.987701	0.072715
0.98643	0.072759
0.985178	0.072803
0.983945	0.072846
0.98273	0.072889
0.981533	0.072931
0.980353	0.072972
0.97919	0.07301
0.978044	0.073047
0.976913	0.073084
0.975798	0.073121
0.974698	0.073136
0.973612	0.073145
0.972541	0.073155
0.971483	0.073164
0.97044	0.073173
0.969409	0.073182
0.968391	0.073191
0.967386	0.0732
0.966393	0.073209
0.965413	0.073217
0.964443	0.073226
0.963485	0.073234
0.962539	0.073243
0.961603	0.073251
0.960677	0.073259
0.959762	0.073267
0.958857	0.073275
0.957962	0.073283
0.957076	0.073291
0.9562	0.073299
0.955333	0.073306
0.954474	0.073314
0.953624	0.073321
0.952783	0.073329
0.95195	0.073336
0.951125	0.073343
0.950309	0.073344
0.949499	0.073344
0.948697	0.073344
0.947903	0.073344
0.947116	0.073344
0.946336	0.073344
0.945562	0.073344
0.944796	0.073344
0.944036	0.073344
0.943282	0.073344
0.942535	0.073344
0.941793	0.073344
0.941058	0.073344
0.940328	0.073344
0.939605	0.073344
0.938886	0.073344
0.938174	0.073344
0.937466	0.073344
0.936764	0.073344
0.936067	0.073344
0.935375	0.073344
0.934687	0.073344
0.934005	0.073344
0.933327	0.073344
0.932654	0.073344
0.931985	0.073344
0.93132	0.073344
0.93066	0.073344
0.930003	0.073344
0.929351	0.073344
0.928703	0.073344
0.928058	0.073344
0.927418	0.073344
0.926781	0.073344
0.926147	0.073344
0.925517	0.073344
0.92489	0.073344
0.924267	0.073344
0.923647	0.073344
0.923031	0.073344
0.922417	0.073344
0.921806	0.073344
0.921198	0.073344
0.920593	0.073344
0.919991	0.073344
0.919392	0.073344
0.918795	0.073344
0.918201	0.073344
0.917609	0.073344
0.91702	0.073344
0.916434	0.073344
0.915849	0.073344
0.915267	0.073344
0.914687	0.073344
0.914109	0.073344
0.913533	0.073344
0.912959	0.073344
0.912387	0.073344
0.911817	0.073344
0.911249	0.073344
0.910682	0.073344
0.910117	0.073344
0.909554	0.073344
0.908992	0.073344
0.908432	0.073344
0.907874	0.073344
0.907316	0.073344
0.906761	0.073344
0.906206	0.073344
0.905653	0.073344
0.905101	0.073344
0.90455	0.073344
0.904	0.073344
0.903452	0.073344
0.902904	0.073344
0.902357	0.073344
0.901811	0.073344
0.901266	0.073344
0.900722	0.073344
0.900179	0.073344
0.899636	0.073344
0.899094	0.073344
0.898552	0.073344
0.898011	0.073344
0.897471	0.073344
0.896931	0.073344
0.896391	0.073344
0.895852	0.073344
0.895313	0.073344
0.894774	0.073344
0.894236	0.073344
0.893698	0.073344
0.893159	0.073344
0.892621	0.073344
0.892083	0.073344
0.891545	0.073344
0.891007	0.073344
0.890469	0.073344
0.889931	0.073344
0.889392	0.073344
0.888853	0.073344
0.888314	0.073344
0.887774	0.073344
0.887235	0.073344
0.886694	0.073344
0.886153	0.073344
0.885612	0.073344
0.88507	0.073344
0.884527	0.073344
0.883984	0.073344
0.88344	0.073344
0.882895	0.073344
0.882349	0.073344
0.881803	0.073344
0.881255	0.073344
0.880707	0.073344
0.880157	0.073344
0.879606	0.073344
0.879055	0.073344
0.878502	0.073344
0.877947	0.073344
0.877392	0.073344
0.876835	0.073344
0.876277	0.073344
0.875717	0.073344
0.875156	0.073344
0.874593	0.073344
0.874028	0.073344
0.873462	0.073344
0.872894	0.073344
0.872325	0.073344
0.871753	0.073344
0.871179	0.073344
0.870604	0.073344
0.870027	0.073344
0.869447	0.073344
0.868865	0.073344
0.868281	0.073344
0.867695	0.073344
0.867106	0.073344
0.866515	0.073344
0.865921	0.073344
0.865325	0.073344
0.864726	0.073344
0.864124	0.073344
0.86352	0.073344
0.862913	0.073344
0.862303	0.073344
0.86169	0.073344
0.861074	0.073344
0.860454	0.073344
0.859832	0.073344
0.859206	0.073344
0.858577	0.073344
0.857944	0.073344
0.857308	0.073344
0.856668	0.073344
0.856024	0.073344
0.855376	0.073344
0.854725	0.073344
0.85407	0.073344
0.85341	0.073344
0.852746	0.073344
0.852078	0.073344
0.851406	0.073344
0.850729	0.073344
0.850047	0.073344
0.849361	0.073344
0.84867	0.073344
0.847974	0.073344
0.847272	0.073344
0.846566	0.073344
0.845854	0.073344
0.845137	0.073344
0.844415	0.073344
0.843686	0.073344
0.842952	0.073344
0.842212	0.073344
0.841466	0.073344
0.840714	0.073344
0.839955	0.073344
0.83919	0.073344
0.838418	0.073344
0.837639	0.073344
0.836853	0.073344
0.83606	0.073344
0.83526	0.073344
0.834452	0.073344
0.833637	0.073344
0.832813	0.073344
0.831982	0.073344
0.831143	0.073344
0.830295	0.073344
0.829438	0.073344
0.828572	0.073344
0.827698	0.073344
0.826814	0.073344
0.826022	0.073243
0.826022	0.072349
0.826022	0.071456
0.826022	0.070563
0.826022	0.069669
0.826022	0.068776
0.826022	0.067883
0.826022	0.066989
0.826022	0.066096
0.826022	0.065203
0.826022	0.064309
0.826022	0.063416
0.826022	0.062523
0.826022	0.061629
0.826022	0.060736
0.826022	0.059842
0.826022	0.058949
0.826022	0.058056
0.826022	0.057162
0.826022	0.056269
0.826022	0.055376
0.826022	0.054482
0.826022	0.053589
0.826022	0.052696
0.826022	0.051802
0.826022	0.050909
0.826022	0.050016
0.826022	0.049122
0.826022	0.048229
0.826022	0.047336
0.826022	0.046442
0.826022	0.045549
0.826022	0.044656
0.826022	0.043762
0.826022	0.042869
0.826022	0.041976
0.826022	0.041082
0.826022	0.040189
0.826022	0.039295
0.826022	0.038402
0.826022	0.037509
0.826022	0.036615
0.826022	0.035722
0.826022	0.034829
0.826022	0.033935
0.826022	0.033042
0.826022	0.032149
0.826022	0.031255
0.826022	0.030362
0.826022	0.029469
0.826022	0.028575
0.826022	0.027682
0.826022	0.026789
0.826022	0.025895
0.826022	0.025002
0.826022	0.024109
0.825144	0.023945
0.824257	0.023781
0.823363	0.023614
0.822461	0.023446
0.82155	0.023277
0.820631	0.023106
0.819704	0.022934
0.818769	0.02276
0.817826	0.022585
0.816874	0.022408
0.815913	0.022229
0.814944	0.022049
0.813967	0.021867
0.812981	0.021684
0.811986	0.021499
0.810983	0.021313
0.809971	0.021125
0.80895	0.020935
0.807921	0.020743
0.806883	0.02055
0.805835	0.020356
0.804779	0.02016
0.803714	0.019962
0.80264	0.019762
0.801557	0.019561
0.800464	0.019358
0.799363	0.019153
0.798252	0.018947
0.797132	0.018739
0.796003	0.01853
0.794864	0.018319
0.793716	0.018106
0.792559	0.017892
0.791392	0.017676
0.790216	0.017459
0.78903	0.01724
0.787835	0.017019
0.78663	0.016797
0.785415	0.016573
0.784191	0.016348
0.782957	0.016121
0.781713	0.015893
0.78046	0.015663
0.779197	0.015432
0.777924	0.015199
0.776641	0.014965
0.775348	0.014729
0.774045	0.014493
0.772732	0.014254
0.771409	0.014015
0.770076	0.013774
0.768733	0.013531
0.76738	0.013288
0.766017	0.013043
0.764644	0.012797
0.763261	0.012549
0.761867	0.012301
0.760463	0.012051
0.759049	0.0118
0.757625	0.011549
0.756191	0.011296
0.754746	0.011042
0.753291	0.010787
0.751826	0.010531
0.75035	0.010274
0.748864	0.010016
0.747368	0.009757
0.745861	0.009498
0.744344	0.009237
0.742817	0.008976
0.741279	0.008715
0.739731	0.008452
0.738172	0.008189
0.736603	0.007926
0.735024	0.007662
0.733434	0.007397
0.731834	0.007133
0.730223	0.006867
0.728603	0.006602
0.726971	0.006336
0.72533	0.00607
0.723678	0.005804
0.722015	0.005538
0.720342	0.005272
0.71866	0.005005
0.716966	0.004739
0.715263	0.004473
0.713549	0.004207
0.711825	0.003941
0.71009	0.003676
0.708346	0.00341
0.706591	0.003146
0.704826	0.002881
0.703051	0.002617
0.701266	0.002353
0.699471	0.00209
0.697666	0.001827
0.695851	0.001565
0.694026	0.001304
0.692191	0.001044
0.690347	0.000784
0.688492	0.000525
0.686628	0.000267
0.684754	0.000011
0.68287	-0.000245
0.680977	-0.0005
0.679074	-0.000754
0.677162	-0.001006
0.675241	-0.001257
0.67331	-0.001507
0.671369	-0.001755
0.66942	-0.002002
0.667461	-0.002248
0.665493	-0.002491
0.663516	-0.002734
0.66153	-0.002974
0.659536	-0.003212
0.657532	-0.003449
0.65552	-0.003684
0.653499	-0.003917
0.651469	-0.004148
0.649431	-0.004376
0.647385	-0.004603
0.64533	-0.004827
0.643267	-0.005049
0.641196	-0.005269
0.639117	-0.005486
0.63703	-0.005701
0.634935	-0.005913
0.632832	-0.006123
0.630722	-0.006331
0.628604	-0.006536
0.626479	-0.006738
0.624347	-0.006938
0.622207	-0.007135
0.62006	-0.007329
0.617907	-0.007521
0.615746	-0.00771
0.613579	-0.007896
0.611405	-0.008079
0.609224	-0.008259
0.607038	-0.008437
0.604844	-0.008611
0.602645	-0.008782
0.60044	-0.008951
0.598229	-0.009116
0.596012	-0.009278
0.59379	-0.009437
0.591562	-0.009593
0.589329	-0.009746
0.587091	-0.009896
0.584847	-0.010042
0.582599	-0.010185
0.580346	-0.010325
0.578088	-0.010461
0.575826	-0.010594
0.57356	-0.010724
0.571289	-0.010851
0.569014	-0.010974
0.566735	-0.011093
0.564453	-0.01121
0.562167	-0.011322
0.559877	-0.011432
0.557585	-0.011538
0.555288	-0.011641
0.55299	-0.01174
0.550688	-0.011836
0.548383	-0.011929
0.546076	-0.012019
0.543767	-0.012105
0.541455	-0.012187
0.539141	-0.012267
0.536826	-0.012343
0.534509	-0.012415
0.532189	-0.012485
0.529869	-0.012551
0.527547	-0.012614
0.525225	-0.012674
0.522901	-0.01273
0.520577	-0.012783
0.518251	-0.012833
0.515926	-0.01288
0.5136	-0.012924
0.511274	-0.012964
0.508948	-0.013002
0.506622	-0.013036
0.504296	-0.013068
0.501971	-0.013096
0.499647	-0.013121
0.497323	-0.013143
0.495001	-0.013163
0.492679	-0.013179
0.490359	-0.013192
0.48804	-0.013203
0.485723	-0.013211
0.483407	-0.013215
0.481094	-0.013217
0.478782	-0.013216
0.476473	-0.013213
0.474166	-0.013206
0.471862	-0.013197
0.46956	-0.013185
0.467261	-0.013171
0.464965	-0.013153
0.462672	-0.013134
0.460383	-0.013111
0.458097	-0.013086
0.455814	-0.013059
0.453535	-0.013029
0.451261	-0.012996
0.44899	-0.012961
0.446723	-0.012924
0.44446	-0.012884
0.442202	-0.012842
0.439949	-0.012798
0.4377	-0.012752
0.435456	-0.012703
0.433217	-0.012652
0.430984	-0.012599
0.428755	-0.012543
0.426532	-0.012486
0.424314	-0.012427
0.422102	-0.012365
0.419896	-0.012302
0.417696	-0.012236
0.415502	-0.012169
0.413313	-0.012099
0.411131	-0.012028
0.408956	-0.011954
0.406787	-0.011879
0.404625	-0.011802
0.402469	-0.011723
0.40032	-0.011642
0.398178	-0.011559
0.396044	-0.011474
0.393916	-0.011387
0.391796	-0.011299
0.389683	-0.011209
0.387578	-0.011117
0.38548	-0.011023
0.38339	-0.010927
0.381308	-0.01083
0.379234	-0.010731
0.377167	-0.010631
0.375109	-0.010528
0.373059	-0.010425
0.371017	-0.010319
0.368984	-0.010212
0.366959	-0.010103
0.364943	-0.009993
0.362935	-0.009882
0.360936	-0.009769
0.358945	-0.009654
0.356964	-0.009537
0.354992	-0.009419
0.353028	-0.009299
0.351073	-0.009179
0.349128	-0.009057
0.347192	-0.008934
0.345265	-0.00881
0.343348	-0.008685
0.341439	-0.008558
0.339541	-0.008431
0.337651	-0.008302
0.335772	-0.008172
0.333902	-0.008041
0.332041	-0.007908
0.330191	-0.007775
0.32835	-0.007641
0.326519	-0.007506
0.324698	-0.007369
0.322886	-0.007232
0.321085	-0.007094
0.319294	-0.006955
0.317512	-0.006816
0.315741	-0.006675
0.31398	-0.006534
0.312229	-0.006391
0.310488	-0.006248
0.308757	-0.006105
0.307037	-0.00596
0.305326	-0.005815
0.303626	-0.00567
0.301936	-0.005524
0.300257	-0.005377
0.298588	-0.005229
0.296929	-0.005081
0.295281	-0.004933
0.293643	-0.004784
0.292015	-0.004635
0.290398	-0.004485
0.288791	-0.004335
0.287194	-0.004184
0.285608	-0.004034
0.284033	-0.003882
0.282467	-0.003731
0.280912	-0.003579
0.279368	-0.003427
0.277834	-0.003275
0.27631	-0.003122
0.274797	-0.002969
0.273294	-0.002816
0.271802	-0.002662
0.27032	-0.002509
0.268849	-0.002354
0.267388	-0.0022
0.265937	-0.002045
0.264497	-0.001889
0.263067	-0.001733
0.261647	-0.001577
0.260238	-0.001421
0.258839	-0.001264
0.257451	-0.001106
0.256073	-0.000948
0.254705	-0.00079
0.253347	-0.000632
0.252	-0.000473
0.250662	-0.000313
0.249335	-0.000154
0.248019	0.000006
0.246712	0.000167
0.245416	0.000328
0.244129	0.000489
0.242853	0.00065
0.241586	0.000812
0.24033	0.000975
0.239084	0.001137
0.237847	0.0013
0.236621	0.001463
0.235405	0.001627
0.234198	0.00179
0.233001	0.001954
0.231814	0.002119
0.230637	0.002283
0.229469	0.002448
0.228311	0.002613
0.227163	0.002778
0.226024	0.002943
0.224895	0.003109
0.223775	0.003275
0.222665	0.00344
0.221565	0.003606
0.220473	0.003772
0.219391	0.003938
0.218319	0.004105
0.217255	0.004271
0.216201	0.004437
0.215156	0.004603
0.21412	0.00477
0.213093	0.004936
0.212075	0.005101
0.211066	0.005266
0.210066	0.005431
0.209075	0.005595
0.208092	0.005758
0.207118	0.005921
0.206153	0.006083
0.205196	0.006243
0.204248	0.006403
0.203308	0.006562
0.202376	0.006719
0.201453	0.006875
0.200538	0.00703
0.199631	0.007184
0.198732	0.007336
0.197842	0.007486
0.196959	0.007635
0.196084	0.007783
0.195217	0.007929
0.194359	0.008075
0.193508	0.008221
0.192665	0.008366
0.19183	0.008513
0.191004	0.008661
0.190186	0.008811
0.189376	0.008964
0.188574	0.009119
0.187781	0.009277
0.186996	0.009439
0.186219	0.009606
0.185451	0.009776
0.184692	0.00995
0.183941	0.010129
0.183199	0.010314
0.182467	0.010507
0.181744	0.01071
0.181033	0.010926
0.180334	0.011155
0.179647	0.011401
0.178975	0.011664
0.178318	0.011948
0.177679	0.012253
0.177059	0.012582
0.176461	0.012935
0.175887	0.013314
0.175339	0.013719
0.174818	0.014148
0.174326	0.014601
0.173864	0.015074
0.17343	0.015565
0.173023	0.016071
0.172644	0.01659
0.172292	0.01712
0.171965	0.017658
0.171662	0.018204
0.171384	0.018756
0.17113	0.019312
0.170898	0.019872
0.170689	0.020434
0.170502	0.020997
0.170338	0.021562
0.170197	0.022126
0.170078	0.02269
0.169984	0.023253
0.169911	0.023813
0.169863	0.02437
0.169838	0.024922
0.169835	0.02547
0.169851	0.026012
0.169884	0.026548
0.169934	0.027078
0.169996	0.0276
0.17007	0.028116
0.170153	0.028624
0.170243	0.029127
0.170342	0.029622
0.170446	0.030111
0.17055	0.0306
0.17065	0.031094
0.17076	0.031588
0.170911	0.032075
0.171087	0.032557
0.171263	0.033043
0.171445	0.033531
0.171632	0.03402
0.171826	0.03451
0.172028	0.035
0.17224	0.035491
0.172462	0.03598
0.172697	0.036468
0.172943	0.036953
0.173202	0.037437
0.173471	0.037918
0.173752	0.038398
0.174043	0.038875
0.174343	0.039351
0.174653	0.039825
0.174972	0.040298
0.175299	0.040769
0.175634	0.041239
0.175978	0.041708
0.17633	0.042176
0.17669	0.042641
0.177058	0.043106
0.177434	0.043569
0.177819	0.04403
0.178211	0.044489
0.178611	0.044947
0.17902	0.045403
0.179436	0.045857
0.17986	0.046309
0.180292	0.046759
0.180732	0.047207
0.181179	0.047653
0.181634	0.048098
0.182096	0.04854
0.182566	0.048981
0.183043	0.04942
0.183527	0.049857
0.184018	0.050292
0.184516	0.050726
0.185021	0.051158
0.185533	0.051588
0.186052	0.052017
0.186578	0.052444
0.187111	0.052869
0.18765	0.053292
0.188197	0.053714
0.18875	0.054134
0.189309	0.054553
0.189876	0.05497
0.190448	0.055385
0.191028	0.055799
0.191614	0.056211
0.192206	0.056622
0.192805	0.057031
0.193411	0.057438
0.194023	0.057844
0.194641	0.058248
0.195266	0.058651
0.195898	0.059052
0.196535	0.059452
0.197179	0.05985
0.19783	0.060246
0.198487	0.060641
0.19915	0.061035
0.199819	0.061427
0.200495	0.061817
0.201177	0.062206
0.201866	0.062594
0.202561	0.06298
0.203262	0.063364
0.203969	0.063747
0.204683	0.064129
0.205403	0.064509
0.206129	0.064888
0.206862	0.065265
0.2076	0.065641
0.208345	0.066015
0.209097	0.066388
0.209854	0.066759
0.210618	0.06713
0.211388	0.067498
0.212164	0.067866
0.212947	0.068231
0.213736	0.068596
0.214531	0.068959
0.215332	0.06932
0.21614	0.069681
0.216954	0.070039
0.217775	0.070396
0.218601	0.070752
0.219434	0.071106
0.220274	0.071458
0.221119	0.071809
0.221971	0.072159
0.22283	0.072507
0.223695	0.072853
0.224566	0.073198
0.225443	0.073541
0.226327	0.073883
0.227218	0.074223
0.228114	0.074562
0.229018	0.074899
0.229927	0.075234
0.230843	0.075568
0.231765	0.075901
0.232694	0.076231
0.233629	0.076561
0.234571	0.076888
0.235519	0.077215
0.236473	0.077539
0.237434	0.077862
0.238401	0.078184
0.239375	0.078503
0.240356	0.078821
0.241342	0.079138
0.242336	0.079452
0.243336	0.079765
0.244342	0.080076
0.245355	0.080386
0.246375	0.080693
0.247401	0.080999
0.248434	0.081303
0.249473	0.081605
0.250519	0.081906
0.251572	0.082204
0.252631	0.082501
0.253696	0.082796
0.254769	0.083088
0.255848	0.083379
0.256933	0.083669
0.258026	0.083956
0.259125	0.084241
0.26023	0.084525
0.261342	0.084806
0.262461	0.085085
0.263587	0.085363
0.264719	0.085637
0.265859	0.08591
0.267005	0.08618
0.268158	0.086446
0.269318	0.086709
0.270485	0.086969
0.27166	0.087223
0.272842	0.087472
0.274031	0.087714
0.275229	0.087948
0.276434	0.088173
0.277648	0.088387
0.27887	0.088591
0.280099	0.088784
0.281337	0.088969
0.282581	0.089145
0.283833	0.089314
0.285093	0.089476
0.286359	0.089633
0.287632	0.089785
0.288912	0.089931
0.290199	0.090074
0.291492	0.090214
0.292792	0.090351
0.294098	0.090488
0.295411	0.090623
0.29673	0.090757
0.298056	0.09089
0.299388	0.091022
0.300727	0.091153
0.302072	0.091284
0.303423	0.091414
0.304781	0.091543
0.306146	0.091672
0.307516	0.0918
0.308893	0.091928
0.310277	0.092056
0.311667	0.092184
0.313063	0.092311
0.314466	0.092439
0.315875	0.092566
0.317291	0.092693
0.318713	0.092819
0.320142	0.092945
0.321577	0.093071
0.323018	0.093197
0.324466	0.093321
0.325921	0.093446
0.327381	0.093569
0.328849	0.093692
0.330322	0.093814
0.331803	0.093936
0.333289	0.094057
0.334782	0.094178
0.336282	0.094298
0.337788	0.094417
0.339301	0.094536
0.34082	0.094654
0.342345	0.094772
0.343877	0.09489
0.345415	0.095006
0.34696	0.095122
0.348511	0.095238
0.350069	0.095353
0.351632	0.095468
0.353203	0.095582
0.35478	0.095695
0.356363	0.095808
0.357952	0.09592
0.359548	0.096032
0.36115	0.096143
0.362759	0.096254
0.364374	0.096364
0.365995	0.096473
0.367623	0.096582
0.369256	0.09669
0.370897	0.096798
0.372543	0.096905
0.374196	0.097011
0.375855	0.097117
0.37752	0.097222
0.379192	0.097326
0.38087	0.09743
0.382554	0.097533
0.384244	0.097635
0.38594	0.097736
0.387643	0.097837
0.389352	0.097937
0.391067	0.098037
0.392788	0.098136
0.394515	0.098234
0.396248	0.098331
0.397987	0.098427
0.399732	0.098523
0.401484	0.098618
0.403241	0.098712
0.405005	0.098806
0.406774	0.098899
0.408549	0.098991
0.41033	0.099082
0.412118	0.099172
0.413911	0.099262
0.415709	0.099351
0.417514	0.099439
0.419325	0.099526
0.421141	0.099613
0.422963	0.099698
0.424791	0.099783
0.426624	0.099867
0.428463	0.09995
0.430308	0.100033
0.432159	0.100114
0.434015	0.100195
0.435877	0.100275
0.437744	0.100354
0.439617	0.100432
0.441495	0.100509
0.443379	0.100585
0.445268	0.100661
0.447162	0.100735
0.449062	0.100809
0.450967	0.100881
0.452878	0.100953
0.454794	0.101024
0.456715	0.101094
0.458641	0.101163
0.460572	0.101231
0.462509	0.101298
0.46445	0.101364
0.466397	0.101429
0.468349	0.101493
0.470305	0.101556
0.472267	0.101618
0.474233	0.101679
0.476205	0.101739
0.478181	0.101798
0.480162	0.101856
0.482148	0.101913
0.484139	0.101969
0.486134	0.102023
0.488133	0.102077
0.490138	0.10213
0.492147	0.102181
0.49416	0.102232
0.496178	0.102281
0.4982	0.102329
0.500227	0.102376
0.502258	0.102422
0.504293	0.102467
0.506333	0.102511
0.508377	0.102554
0.510425	0.102595
0.512477	0.102635
0.514533	0.102674
0.516593	0.102712
0.518657	0.102749
0.520725	0.102784
0.522797	0.102818
0.524872	0.102851
0.526952	0.102883
0.529035	0.102914
0.531122	0.102943
0.533212	0.102971
0.535306	0.102998
0.537403	0.103024
0.539504	0.103048
0.541609	0.103071
0.543716	0.103093
0.545827	0.103114
0.547942	0.103133
0.550059	0.103151
0.55218	0.103167
0.554303	0.103183
0.55643	0.103197
0.55856	0.103209
0.560692	0.103221
0.562828	0.103231
0.564966	0.103239
0.567107	0.103247
0.569251	0.103252
0.571397	0.103257
0.573546	0.10326
0.575698	0.103262
0.577852	0.103263
0.580008	0.103262
0.582167	0.103259
0.584328	0.103256
0.586492	0.103251
0.588657	0.103244
0.590825	0.103236
0.592994	0.103227
0.595166	0.103216
0.59734	0.103204
0.599515	0.103191
0.601692	0.103176
0.603872	0.103159
0.606052	0.103141
0.608235	0.103122
0.610419	0.103101
0.612604	0.103079
0.614791	0.103056
0.61698	0.103031
0.619169	0.103004
0.62136	0.102976
0.623552	0.102947
0.625746	0.102916
0.62794	0.102884
0.630136	0.10285
0.632332	0.102815
0.634529	0.102779
0.636727	0.10274
0.638926	0.102701
0.641126	0.10266
0.643326	0.102618
0.645527	0.102574
0.647728	0.102528
0.64993	0.102481
0.652132	0.102433
0.654335	0.102383
0.656537	0.102332
0.65874	0.102279
0.660944	0.102225
0.663147	0.10217
0.66535	0.102113
0.667553	0.102054
0.669756	0.101994
0.671959	0.101932
0.674161	0.10187
0.676364	0.101805
0.678566	0.101739
0.680767	0.101672
0.682968	0.101603
0.685168	0.101533
0.687368	0.101461
0.689567	0.101388
0.691766	0.101314
0.693963	0.101237
0.69616	0.10116
0.698356	0.101081
0.70055	0.101
0.702744	0.100918
0.704936	0.100835
0.707128	0.10075
0.709318	0.100664
0.711507	0.100576
0.713694	0.100487
0.71588	0.100396
0.718064	0.100304
0.720247	0.100211
0.722428	0.100115
0.724608	0.100019
0.726786	0.099921
0.728962	0.099822
0.731136	0.099721
0.733308	0.099619
0.735478	0.099515
0.737646	0.09941
0.739812	0.099303
0.741976	0.099195
0.744138	0.099086
0.746297	0.098975
0.748454	0.098863
0.750609	0.098749
0.752761	0.098634
0.754911	0.098517
0.757058	0.098399
0.759202	0.09828
0.761344	0.098159
0.763483	0.098037
0.765619	0.097913
0.767752	0.097788
0.769882	0.097662
0.77201	0.097534
0.774134	0.097404
0.776255	0.097274
0.778373	0.097142
0.780488	0.097008
0.7826	0.096874
0.784708	0.096738
0.786813	0.0966
0.788915	0.096461
0.791013	0.096321
0.793107	0.096179
0.795198	0.096036
0.797286	0.095892
0.799369	0.095746
0.801449	0.095599
0.803525	0.095451
0.805598	0.095301
0.807666	0.09515
0.809731	0.094997
0.811791	0.094843
0.813848	0.094688
0.8159	0.094532
0.817949	0.094374
0.819993	0.094215
0.822033	0.094054
0.824068	0.093892
0.8261	0.093729
0.828127	0.093565
0.830149	0.0934
0.832167	0.093233
0.834181	0.093064
0.83619	0.092895
0.838195	0.092724
0.840195	0.092552
0.84219	0.092379
0.844181	0.092204
0.846167	0.092028
0.848148	0.091851
0.850124	0.091673
0.852095	0.091494
0.854062	0.091313
0.856023	0.091132
0.85798	0.090949
0.859931	0.090765
0.861877	0.09058
0.863819	0.090393
0.865755	0.090206
0.867686	0.090017
0.869611	0.089827
0.871532	0.089636
0.873447	0.089444
0.875357	0.08925
0.877262	0.089056
0.879161	0.08886
0.881055	0.088664
0.882943	0.088466
0.884826	0.088267
0.886703	0.088067
0.888575	0.087866
0.890441	0.087664
0.892301	0.087461
0.894157	0.087257
0.896006	0.087052
0.897849	0.086847
0.899687	0.08664
0.901519	0.086432
0.903346	0.086223
0.905166	0.086014
0.906981	0.085803
0.90879	0.085592
0.910593	0.08538
0.91239	0.085166
0.914181	0.084952
0.915966	0.084736
0.917745	0.08452
0.919519	0.084303
0.921286	0.084084
0.923047	0.083865
0.924802	0.083644
0.926551	0.083423
0.928293	0.0832
0.93003	0.082977
0.93176	0.082752
0.933485	0.082527
0.935203	0.082301
0.936915	0.082074
0.93862	0.081847
0.94032	0.081619
0.942013	0.081391
0.9437	0.081163
0.945381	0.080934
0.947056	0.080705
0.948724	0.080475
0.950386	0.080246
0.952042	0.080016
0.953692	0.079787
0.955335	0.079556
0.956972	0.079326
0.958602	0.079094
0.960226	0.078862
0.961844	0.078629
0.963455	0.078394
0.965059	0.078158
0.966657	0.07792
0.968249	0.077681
0.969833	0.07744
0.971411	0.077197
0.972982	0.076951
0.974547	0.076703
0.976105	0.076453
0.977655	0.076201
0.979199	0.075946
0.980737	0.075689
0.982267	0.075431
0.983791	0.075171
0.985308	0.074909
0.986819	0.074647
0.988322	0.074384
0.98982	0.074121
0.991311	0.073857
0.992795	0.073593
0.994273	0.073329
0.995744	0.073065
0.997209	0.072802
0.998668	0.07254
1.00012	0.072279
1.258	-0.098
1.256535	-0.097677
1.25508	-0.097357
1.253635	-0.097039
1.252357	-0.096412
1.251254	-0.095456
1.250159	-0.094506
1.249072	-0.093564
1.24799	-0.092628
1.246915	-0.091699
1.245846	-0.090779
1.244781	-0.089867
1.243722	-0.088963
1.242666	-0.088069
1.241615	-0.087184
1.240567	-0.086308
1.239522	-0.085443
1.23848	-0.084587
1.237442	-0.083741
1.236407	-0.082904
1.235375	-0.082077
1.234347	-0.081258
1.233322	-0.080448
1.232301	-0.079647
1.231284	-0.078853
1.23027	-0.078068
1.229261	-0.077291
1.228255	-0.076522
1.227253	-0.075761
1.226254	-0.075006
1.22526	-0.07426
1.22427	-0.07352
1.223283	-0.072787
1.222301	-0.072061
1.221322	-0.071342
1.220347	-0.07063
1.219377	-0.069924
1.21841	-0.069225
1.217447	-0.068532
1.216488	-0.067846
1.215533	-0.067165
1.214581	-0.066491
1.213634	-0.065823
1.21269	-0.065161
1.21175	-0.064504
1.210814	-0.063853
1.209882	-0.063208
1.208953	-0.062569
1.208029	-0.061934
1.207108	-0.061306
1.20619	-0.060682
1.205277	-0.060064
1.204367	-0.059451
1.203461	-0.058843
1.202558	-0.058241
1.201659	-0.057643
1.200764	-0.05705
1.199873	-0.056462
1.198984	-0.055878
1.1981	-0.055299
1.197219	-0.054725
1.196341	-0.054156
1.195467	-0.053591
1.194597	-0.053031
1.19373	-0.052474
1.192866	-0.051923
1.192005	-0.051376
1.191148	-0.050833
1.190295	-0.050294
1.189444	-0.049759
1.188597	-0.049229
1.187753	-0.048702
1.186913	-0.04818
1.186075	-0.047662
1.185241	-0.047147
1.18441	-0.046637
1.183582	-0.04613
1.182757	-0.045627
1.181936	-0.045128
1.181117	-0.044632
1.180301	-0.044141
1.179489	-0.043652
1.17868	-0.043168
1.177873	-0.042687
1.17707	-0.042209
1.176269	-0.041735
1.175471	-0.041264
1.174677	-0.040797
1.173885	-0.040333
1.173096	-0.039872
1.17231	-0.039415
1.171527	-0.03896
1.170747	-0.038509
1.169969	-0.038062
1.169194	-0.037617
1.168422	-0.037175
1.167653	-0.036736
1.166887	-0.036301
1.166123	-0.035868
1.165362	-0.035438
1.164604	-0.035011
1.163848	-0.034586
1.163095	-0.034165
1.162344	-0.033746
1.161596	-0.033331
1.160851	-0.032918
1.160108	-0.032508
1.159368	-0.032101
1.15863	-0.031697
1.157894	-0.031295
1.157161	-0.030895
1.156431	-0.030499
1.155703	-0.030104
1.154977	-0.029713
1.154254	-0.029324
1.153533	-0.028937
1.152815	-0.028553
1.152099	-0.028171
1.151385	-0.027791
1.150674	-0.027414
1.149965	-0.02704
1.149258	-0.026667
1.148553	-0.026297
1.147851	-0.025929
1.147151	-0.025563
1.146454	-0.0252
1.145758	-0.024838
1.145065	-0.024479
1.144374	-0.024122
1.143685	-0.023767
1.142998	-0.023414
1.142314	-0.023063
1.141631	-0.022714
1.140951	-0.022367
1.140273	-0.022022
1.139597	-0.02168
1.138923	-0.021338
1.138251	-0.020999
1.137581	-0.020662
1.136913	-0.020327
1.136247	-0.019993
1.135583	-0.019662
1.134921	-0.019332
1.134261	-0.019004
1.133603	-0.018678
1.132947	-0.018353
1.132293	-0.018031
1.131641	-0.01771
1.130991	-0.017391
1.130342	-0.017073
1.129696	-0.016757
1.129051	-0.016443
1.128408	-0.016131
1.127767	-0.01582
1.127128	-0.015511
1.126491	-0.015203
1.125855	-0.014897
1.125221	-0.014593
1.124589	-0.01429
1.123959	-0.013989
1.12333	-0.013689
1.122703	-0.013391
1.122078	-0.013094
1.121455	-0.012799
1.120833	-0.012506
1.120213	-0.012213
1.119594	-0.011923
1.118977	-0.011633
1.118362	-0.011346
1.117748	-0.011059
1.117136	-0.010774
1.116526	-0.010491
1.115917	-0.010208
1.11531	-0.009927
1.114704	-0.009648
1.1141	-0.00937
1.113497	-0.009093
1.112896	-0.008817
1.112297	-0.008543
1.111699	-0.00827
1.111102	-0.007998
1.110507	-0.007728
1.109913	-0.007459
1.109321	-0.007191
1.10873	-0.006924
1.108141	-0.006659
1.107553	-0.006394
1.106967	-0.006131
1.106382	-0.005869
1.105798	-0.005608
1.105216	-0.005349
1.104635	-0.00509
1.104055	-0.004833
1.103477	-0.004577
1.1029	-0.004321
1.102325	-0.004067
1.101751	-0.003814
1.101178	-0.003562
1.100606	-0.003312
1.100036	-0.003062
1.099467	-0.002813
1.098899	-0.002565
1.098333	-0.002319
1.097768	-0.002073
1.097204	-0.001829
1.096641	-0.001585
1.09608	-0.001342
1.095519	-0.001101
1.09496	-0.00086
1.094403	-0.00062
1.093846	-0.000381
1.09329	-0.000143
1.092736	0.000094
1.092183	0.00033
1.091631	0.000565
1.09108	0.000799
1.090531	0.001033
1.089982	0.001265
1.089435	0.001497
1.088889	0.001728
1.088344	0.001958
1.0878	0.002187
1.087257	0.002416
1.086715	0.002643
1.086174	0.00287
1.085635	0.003096
1.085096	0.003321
1.084558	0.003546
1.084022	0.00377
1.083486	0.003993
1.082952	0.004215
1.082419	0.004436
1.081886	0.004657
1.081355	0.004877
1.080825	0.005097
1.080295	0.005315
1.079767	0.005533
1.07924	0.005751
1.078713	0.005967
1.078188	0.006183
1.077663	0.006398
1.07714	0.006613
1.076617	0.006827
1.076096	0.007041
1.075575	0.007253
1.075055	0.007466
1.074536	0.007677
1.074018	0.007888
1.073501	0.008098
1.072985	0.008308
1.07247	0.008517
1.071955	0.008726
1.071442	0.008934
1.070929	0.009141
1.070417	0.009348
1.069906	0.009554
1.069396	0.009759
1.068887	0.009964
1.068378	0.010169
1.06787	0.010372
1.067363	0.010576
1.066857	0.010778
1.066352	0.01098
1.065847	0.011182
1.065343	0.011383
1.06484	0.011583
1.064338	0.011782
1.063836	0.011982
1.063335	0.01218
1.062835	0.012378
1.062335	0.012575
1.061836	0.012772
1.061338	0.012968
1.060841	0.013164
1.060344	0.013359
1.059848	0.013554
1.059352	0.013748
1.058857	0.013941
1.058363	0.014134
1.057869	0.014326
1.057376	0.014518
1.056884	0.014709
1.056392	0.0149
1.055901	0.01509
1.055411	0.015279
1.054921	0.015468
1.054431	0.015656
1.053943	0.015844
1.053454	0.016031
1.052967	0.016218
1.05248	0.016404
1.051993	0.01659
1.051507	0.016775
1.051021	0.016959
1.050536	0.017143
1.050052	0.017327
1.049568	0.017509
1.049085	0.017692
1.048602	0.017874
1.048119	0.018055
1.047637	0.018236
1.047156	0.018417
1.046675	0.018597
1.046195	0.018777
1.045715	0.018956
1.045236	0.019136
1.044757	0.019314
1.044278	0.019493
1.043801	0.019671
1.043323	0.019849
1.042847	0.020027
1.042371	0.020205
1.041895	0.020382
1.04142	0.020559
1.040945	0.020736
1.040471	0.020913
1.039997	0.02109
1.039524	0.021266
1.039051	0.021443
1.038579	0.021619
1.038108	0.021796
1.037637	0.021972
1.037166	0.022148
1.036696	0.022325
1.036227	0.022501
1.035758	0.022677
1.035289	0.022854
1.034821	0.02303
1.034354	0.023207
1.033887	0.023383
1.03342	0.02356
1.032954	0.023737
1.032489	0.023914
1.032024	0.024091
1.03156	0.024269
1.031096	0.024447
1.030633	0.024624
1.03017	0.024802
1.029707	0.024981
1.029245	0.025159
1.028784	0.025338
1.028323	0.025516
1.027862	0.025695
1.027402	0.025873
1.026942	0.026052
1.026482	0.02623
1.026023	0.026408
1.025564	0.026586
1.025105	0.026763
1.024646	0.02694
1.024188	0.027116
1.023729	0.027292
1.023271	0.027468
1.022813	0.027642
1.022354	0.027817
1.021896	0.02799
1.021438	0.028162
1.02098	0.028334
1.020522	0.028505
1.020063	0.028675
1.019605	0.028843
1.019146	0.029011
1.018687	0.029178
1.018229	0.029343
1.01777	0.029507
1.01731	0.02967
1.016851	0.029832
1.016391	0.029992
1.015931	0.030151
1.01547	0.030308
1.01501	0.030463
1.014549	0.030617
1.014087	0.030769
1.013625	0.03092
1.013163	0.031068
1.0127	0.031215
1.012237	0.031361
1.011774	0.031504
1.01131	0.031644
1.010846	0.031784
1.010381	0.031922
1.009917	0.032059
1.009452	0.032194
1.008987	0.03233
1.008522	0.032465
1.008057	0.032599
1.007592	0.032734
1.007128	0.03287
1.006664	0.033005
1.0062	0.033142
1.005736	0.033279
1.005273	0.033419
1.004811	0.033559
1.004349	0.033702
1.003888	0.033847
1.003428	0.033994
1.002969	0.034143
1.00251	0.034295
1.002053	0.034452
1.001597	0.03461
1.001142	0.034772
1.000689	0.034938
1.000237	0.035109
0.999787	0.035283
0.999338	0.035461
0.998891	0.035645
0.998447	0.035833
0.998004	0.036026
0.997564	0.036224
0.997126	0.036428
0.996691	0.036637
0.996258	0.036852
0.995829	0.037074
0.995402	0.037299
0.994978	0.037531
0.99456	0.037773
0.994148	0.038026
0.993738	0.038281
0.993337	0.03855
0.992953	0.038844
0.992578	0.039149
0.992215	0.039468
0.991876	0.039813
0.991566	0.040184
0.991286	0.040579
0.991036	0.040993
0.990814	0.041423
0.990628	0.041869
0.99048	0.042331
0.990356	0.042799
0.990259	0.043273
0.990189	0.043753
0.990144	0.044236
0.990123	0.04472
0.990126	0.045205
0.990152	0.04569
0.990202	0.046173
0.990275	0.046653
0.990374	0.047128
0.990497	0.047599
0.990639	0.048063
0.990804	0.048521
0.990988	0.048971
0.991191	0.049414
0.991406	0.049851
0.991649	0.050273
0.991907	0.050687
0.992176	0.051093
0.99245	0.051497
0.992718	0.051905
0.993003	0.052302
0.993301	0.052689
0.993631	0.05305
0.993977	0.053396
0.994327	0.053738
0.994681	0.054076
0.995039	0.054411
0.995401	0.054742
0.995767	0.055068
0.996136	0.055393
0.996508	0.055713
0.996887	0.056026
0.997272	0.056332
0.997663	0.056632
0.99806	0.056922
0.998466	0.057202
0.998879	0.057471
0.9993	0.05773
0.999728	0.057977
1.000163	0.05821
1.000606	0.05843
1.001055	0.058638
1.001509	0.058837
1.001969	0.059023
1.002433	0.059199
1.0029	0.059365
1.003372	0.059522
1.003847	0.059669
1.004326	0.059808
1.004806	0.059939
1.00529	0.060061
1.005775	0.060176
1.006263	0.060284
1.006753	0.060386
1.007243	0.060481
1.007738	0.06057
1.008236	0.060653
1.008737	0.06073
1.009242	0.060801
1.00975	0.060866
1.010262	0.060925
1.010776	0.060978
1.011294	0.061025
1.011815	0.061067
1.012338	0.061102
1.012865	0.061132
1.013395	0.061156
1.013927	0.061174
1.014462	0.061186
1.015	0.061193
1.01554	0.061195
1.016083	0.061191
1.016629	0.061182
1.017177	0.061167
1.017728	0.061147
1.018281	0.061122
1.018837	0.061092
1.019395	0.061057
1.019955	0.061018
1.020518	0.060974
1.021083	0.060924
1.021651	0.060871
1.022221	0.060813
1.022793	0.06075
1.023368	0.060683
1.023945	0.060612
1.024524	0.060536
1.025106	0.060456
1.02569	0.060371
1.026276	0.060282
1.026864	0.060189
1.027455	0.060091
1.028047	0.059989
1.028643	0.059883
1.02924	0.059773
1.029839	0.059659
1.030441	0.05954
1.031045	0.059418
1.031652	0.059291
1.03226	0.05916
1.032871	0.059025
1.033484	0.058887
1.034099	0.058745
1.034717	0.058598
1.035337	0.058448
1.035959	0.058295
1.036583	0.058137
1.03721	0.057976
1.037839	0.057812
1.038471	0.057644
1.039104	0.057472
1.039741	0.057296
1.040379	0.057117
1.04102	0.056935
1.041663	0.056748
1.042309	0.056559
1.042956	0.056365
1.043607	0.056168
1.044259	0.055967
1.044914	0.055763
1.045572	0.055555
1.046232	0.055344
1.046894	0.055129
1.047559	0.054911
1.048226	0.054689
1.048896	0.054464
1.049568	0.054235
1.050242	0.054003
1.050919	0.053767
1.051599	0.053528
1.052281	0.053285
1.052965	0.053039
1.053653	0.052789
1.054342	0.052536
1.055035	0.05228
1.055729	0.05202
1.056427	0.051756
1.057127	0.05149
1.05783	0.051219
1.058535	0.050945
1.059243	0.050668
1.059953	0.050388
1.060666	0.050103
1.061382	0.049816
1.062101	0.049525
1.062822	0.04923
1.063546	0.048933
1.064272	0.048631
1.065002	0.048327
1.065734	0.048018
1.066469	0.047707
1.067207	0.047392
1.067947	0.047073
1.068691	0.046751
1.069437	0.046426
1.070186	0.046097
1.070938	0.045765
1.071693	0.045429
1.07245	0.04509
1.073211	0.044747
1.073974	0.0444
1.07474	0.04405
1.07551	0.043697
1.076282	0.04334
1.077057	0.042979
1.077835	0.042615
1.078616	0.042247
1.0794	0.041876
1.080187	0.041501
1.080977	0.041122
1.08177	0.04074
1.082566	0.040355
1.083365	0.039965
1.084168	0.039572
1.084973	0.039176
1.085782	0.038776
1.086593	0.038372
1.087408	0.037964
1.088226	0.037553
1.089048	0.037138
1.089872	0.03672
1.0907	0.036298
1.091531	0.035872
1.092365	0.035443
1.093202	0.035009
1.094043	0.034572
1.094887	0.034132
1.095734	0.033687
1.096585	0.033239
1.097439	0.032787
1.098297	0.032332
1.099158	0.031872
1.100022	0.031409
1.100889	0.030942
1.101761	0.030471
1.102635	0.029996
1.103513	0.029518
1.104395	0.029035
1.10528	0.028549
1.106169	0.028059
1.107061	0.027565
1.107957	0.027068
1.108857	0.026566
1.10976	0.026061
1.110667	0.025551
1.111577	0.025037
1.112491	0.02452
1.113409	0.023998
1.11433	0.023472
1.115255	0.022942
1.116183	0.022408
1.117115	0.02187
1.118051	0.021327
1.118991	0.02078
1.119934	0.020228
1.120881	0.019673
1.121831	0.019112
1.122785	0.018548
1.123743	0.017978
1.124705	0.017405
1.12567	0.016826
1.126639	0.016243
1.127611	0.015656
1.128588	0.015064
1.129568	0.014467
1.130553	0.013867
1.131541	0.013262
1.132534	0.012652
1.133531	0.012039
1.134532	0.011421
1.135537	0.0108
1.136547	0.010174
1.137561	0.009545
1.13858	0.008912
1.139604	0.008275
1.140632	0.007634
1.141665	0.00699
1.142704	0.006343
1.143747	0.005692
1.144795	0.005038
1.145849	0.004381
1.146907	0.00372
1.14797	0.003055
1.149038	0.002385
1.150109	0.001709
1.151184	0.001028
1.152262	0.00034
1.153343	-0.000355
1.154427	-0.001058
1.155513	-0.001769
1.156601	-0.002489
1.15769	-0.003219
1.158779	-0.00396
1.15987	-0.004711
1.16096	-0.005474
1.162049	-0.006249
1.163139	-0.007036
1.164228	-0.007835
1.165317	-0.008644
1.166406	-0.009465
1.167496	-0.010297
1.168586	-0.011139
1.169679	-0.011988
1.170772	-0.012848
1.171865	-0.01372
1.172957	-0.014604
1.174051	-0.015496
1.175148	-0.016396
1.176249	-0.017302
1.177353	-0.018217
1.178459	-0.019139
1.179567	-0.02007
1.180677	-0.02101
1.181791	-0.021956
1.182908	-0.022909
1.18403	-0.023869
1.185156	-0.024835
1.186284	-0.02581
1.187415	-0.026793
1.188551	-0.027781
1.189692	-0.028775
1.190838	-0.029776
1.191988	-0.030782
1.193143	-0.031794
1.194303	-0.032812
1.195468	-0.033837
1.196638	-0.034867
1.197813	-0.035904
1.198993	-0.036947
1.200178	-0.037995
1.201367	-0.039051
1.202561	-0.040113
1.203761	-0.041181
1.204964	-0.042256
1.206173	-0.043338
1.207386	-0.044427
1.208604	-0.045523
1.209827	-0.046626
1.211054	-0.047736
1.212286	-0.048853
1.213523	-0.049977
1.214764	-0.051108
1.216011	-0.052247
1.217261	-0.053393
1.218517	-0.054546
1.219777	-0.055707
1.221042	-0.056875
1.222311	-0.058051
1.223586	-0.059235
1.224864	-0.060426
1.226147	-0.061627
1.227433	-0.062835
1.228723	-0.064054
1.230015	-0.065282
1.23131	-0.066521
1.232606	-0.067771
1.233904	-0.069033
1.235203	-0.070306
1.236502	-0.071592
1.237801	-0.072891
1.2391	-0.074203
1.240401	-0.075527
1.241702	-0.076863
1.243005	-0.07821
1.244309	-0.079569
1.245616	-0.080938
1.246926	-0.082318
1.248239	-0.083708
1.249556	-0.085108
1.250876	-0.086516
1.252202	-0.087934
1.253532	-0.08936
1.254869	-0.090795
1.255964	-0.092388
1.25664	-0.094249
1.257318	-0.09612
1.258	-0.098
0.144797	0.046412
0.144618	0.046238
0.144434	0.046059
0.144245	0.045877
0.144053	0.045689
0.143855	0.045498
0.143653	0.045302
0.143446	0.045101
0.143233	0.044895
0.143016	0.044684
0.142793	0.044469
0.142566	0.044248
0.142332	0.044023
0.142094	0.043792
0.141849	0.043556
0.141599	0.043314
0.141343	0.043067
0.141081	0.042815
0.140813	0.042556
0.140539	0.042293
0.140258	0.042023
0.139971	0.041748
0.139677	0.041466
0.139376	0.041179
0.139069	0.040886
0.138754	0.040586
0.138433	0.040281
0.138104	0.039969
0.137768	0.039651
0.137424	0.039326
0.137073	0.038995
0.136713	0.038658
0.136346	0.038314
0.135971	0.037964
0.135588	0.037607
0.135197	0.037242
0.134798	0.036871
0.13439	0.036493
0.133975	0.036108
0.133551	0.035715
0.133119	0.035315
0.132678	0.034907
0.132229	0.034492
0.131772	0.034069
0.131306	0.033638
0.130833	0.033198
0.130351	0.032751
0.129861	0.032295
0.129362	0.031831
0.128856	0.031358
0.128342	0.030876
0.12782	0.030385
0.127291	0.029884
0.126753	0.029375
0.126209	0.028856
0.125657	0.028327
0.125099	0.027788
0.124533	0.027239
0.123961	0.026679
0.123384	0.026109
0.1228	0.025528
0.122211	0.024936
0.121616	0.024333
0.121016	0.023718
0.120412	0.023093
0.119803	0.022456
0.119189	0.021807
0.118571	0.021148
0.117949	0.020477
0.117323	0.019795
0.116693	0.019102
0.11606	0.018398
0.115424	0.017682
0.114785	0.016956
0.114143	0.016218
0.113499	0.01547
0.112853	0.014712
0.112205	0.013942
0.111555	0.013163
0.110905	0.012373
0.110253	0.011573
0.1096	0.010763
0.108947	0.009943
0.108294	0.009113
0.107641	0.008275
0.106989	0.007427
0.106337	0.006571
0.105686	0.005706
0.105036	0.004833
0.104389	0.003951
0.103744	0.003061
0.103101	0.002164
0.102461	0.00126
0.101823	0.000349
0.10119	-0.000569
0.100562	-0.001495
0.099939	-0.002427
0.09932	-0.003366
0.098706	-0.004309
0.098098	-0.005258
0.097496	-0.006212
0.096903	-0.007172
0.096316	-0.008137
0.095737	-0.009106
0.095165	-0.010078
0.094601	-0.011054
0.094046	-0.012034
0.0935	-0.013016
0.092965	-0.014001
0.092439	-0.014988
0.091921	-0.015977
0.091414	-0.016966
0.090919	-0.017957
0.090435	-0.01895
0.089963	-0.019942
0.089503	-0.020934
0.089053	-0.021925
0.088617	-0.022916
0.088194	-0.023905
0.087784	-0.024894
0.087388	-0.02588
0.087004	-0.026863
0.086633	-0.027844
0.086278	-0.028821
0.085938	-0.029796
0.08561	-0.030765
0.085295	-0.03173
0.084996	-0.03269
0.084714	-0.033646
0.084449	-0.034597
0.084197	-0.035541
0.083961	-0.036479
0.083744	-0.037412
0.083545	-0.038338
0.083364	-0.039256
0.083199	-0.040167
0.083052	-0.04107
0.082924	-0.041965
0.082814	-0.042851
0.082721	-0.043727
0.082645	-0.044594
0.082588	-0.045451
0.082546	-0.046297
0.082521	-0.047132
0.082514	-0.047955
0.082524	-0.048767
0.082548	-0.049567
0.082589	-0.050354
0.082649	-0.051127
0.082727	-0.051888
0.082821	-0.052634
0.082935	-0.053366
0.08307	-0.054082
0.08322	-0.054782
0.08339	-0.055466
0.08358	-0.056132
0.083788	-0.056781
0.084014	-0.057411
0.084261	-0.05802
0.084524	-0.05861
0.084805	-0.059179
0.085103	-0.059726
0.085417	-0.060251
0.085746	-0.060753
0.086089	-0.061232
0.086444	-0.061687
0.08681	-0.062121
0.087184	-0.062531
0.087566	-0.06292
0.087955	-0.063287
0.088348	-0.063633
0.088746	-0.063957
0.089146	-0.064262
0.089549	-0.064546
0.089952	-0.064811
0.090356	-0.065057
0.090759	-0.065284
0.091161	-0.065493
0.091561	-0.065684
0.091959	-0.065859
0.092354	-0.066016
0.092745	-0.066158
0.093131	-0.066283
0.093514	-0.066393
0.093891	-0.066489
0.094263	-0.066569
0.094629	-0.066636
0.094989	-0.06669
0.095342	-0.066733
0.095688	-0.066766
0.096027	-0.06679
0.096359	-0.066807
0.096683	-0.066817
0.097	-0.066823
0.09731	-0.066823
0.097613	-0.06682
0.097908	-0.066815
0.098197	-0.066806
0.098479	-0.066796
0.098754	-0.066785
0.099022	-0.066772
0.099284	-0.066759
0.099556	-0.066823
0.09979	-0.066733
0.099556	-0.066823
0.099319	-0.066914
0.09908	-0.067006
0.098836	-0.067099
0.098589	-0.067193
0.098339	-0.067287
0.098085	-0.067383
0.097828	-0.067479
0.097567	-0.067576
0.097302	-0.067673
0.097034	-0.067771
0.096762	-0.067868
0.096486	-0.067966
0.096206	-0.068063
0.095922	-0.06816
0.095634	-0.068257
0.095342	-0.068353
0.095046	-0.068448
0.094746	-0.068542
0.094441	-0.068636
0.094133	-0.06873
0.093821	-0.068823
0.093506	-0.068915
0.093186	-0.069007
0.092862	-0.069098
0.092535	-0.069189
0.092203	-0.06928
0.091868	-0.06937
0.091529	-0.06946
0.091187	-0.06955
0.090841	-0.06964
0.090491	-0.06973
0.090138	-0.06982
0.089782	-0.06991
0.089422	-0.07
0.089059	-0.070091
0.088692	-0.070182
0.088322	-0.070274
0.087949	-0.070367
0.087573	-0.07046
0.087194	-0.070554
0.086812	-0.070649
0.086427	-0.070744
0.086039	-0.07084
0.085648	-0.070936
0.085254	-0.071032
0.084858	-0.071128
0.084458	-0.071225
0.084056	-0.071321
0.083651	-0.071417
0.083243	-0.071513
0.082832	-0.071609
0.082419	-0.071704
0.082004	-0.071798
0.081585	-0.071892
0.081165	-0.071986
0.080742	-0.072078
0.080316	-0.072169
0.079889	-0.072259
0.079459	-0.072348
0.079027	-0.072435
0.078593	-0.072522
0.078157	-0.072607
0.077719	-0.072691
0.077279	-0.072773
0.076838	-0.072854
0.076394	-0.072933
0.07595	-0.073011
0.075504	-0.073088
0.075057	-0.073163
0.074608	-0.073236
0.074158	-0.073307
0.073708	-0.073377
0.073256	-0.073446
0.072803	-0.073512
0.07235	-0.073576
0.071896	-0.073638
0.071441	-0.073699
0.070986	-0.073758
0.070531	-0.073815
0.070075	-0.073869
0.069619	-0.07392
0.069163	-0.073968
0.068707	-0.074014
0.068252	-0.074058
0.067796	-0.0741
0.067341	-0.074138
0.066886	-0.074173
0.066432	-0.074205
0.065978	-0.074233
0.065525	-0.074258
0.065073	-0.07428
0.064622	-0.0743
0.064173	-0.074316
0.063724	-0.074328
0.063277	-0.074337
0.062831	-0.074341
0.062387	-0.074341
0.061944	-0.074338
0.061503	-0.074332
0.061064	-0.074323
0.060627	-0.074311
0.060193	-0.074294
0.05976	-0.074273
0.05933	-0.074247
0.058903	-0.074214
0.058478	-0.074177
0.058056	-0.074138
0.057637	-0.074098
0.05722	-0.074056
0.056806	-0.074012
0.056395	-0.073962
0.055988	-0.073907
0.055584	-0.073845
0.055185	-0.073776
0.054789	-0.0737
0.054398	-0.073619
0.054011	-0.073533
0.053628	-0.073444
0.053248	-0.073352
0.052872	-0.073257
0.052501	-0.073158
0.052135	-0.073053
0.051774	-0.072942
0.051418	-0.072827
0.051067	-0.072705
0.050723	-0.072574
0.050386	-0.072438
0.050054	-0.072296
0.049728	-0.072148
0.049407	-0.071998
0.049091	-0.071848
0.04878	-0.071694
0.048473	-0.071539
0.048172	-0.071381
0.047878	-0.071218
0.047589	-0.071053
0.047309	-0.07088
0.047034	-0.070707
0.046767	-0.070526
0.046507	-0.070343
0.046254	-0.070156
0.04601	-0.069964
0.045772	-0.069769
0.045543	-0.06957
0.045318	-0.06937
0.045103	-0.069167
0.044891	-0.068965
0.044687	-0.068759
0.044487	-0.068556
0.044295	-0.06835
0.044108	-0.068144
0.043925	-0.067938
0.043753	-0.067729
0.043582	-0.067523
0.043422	-0.067313
0.043266	-0.067104
0.043116	-0.066896
0.042973	-0.066686
0.042833	-0.06648
0.042701	-0.066272
0.042569	-0.066063
0.042441	-0.065853
0.042317	-0.06564
0.042193	-0.065427
0.04208	-0.065209
0.041962	-0.064977
0.041834	-0.0647
0.041719	-0.064417
0.041609	-0.064132
0.041517	-0.063841
0.041424	-0.06355
0.041348	-0.063254
0.041266	-0.062931
0.041188	-0.062575
0.041113	-0.062218
0.04105	-0.061859
0.040989	-0.0615
0.040939	-0.061139
0.04089	-0.060778
0.040846	-0.060375
0.040803	-0.059954
0.040769	-0.059533
0.040745	-0.059111
0.040728	-0.058689
0.040734	-0.058267
0.040746	-0.057844
0.040785	-0.057371
0.040836	-0.056896
0.040897	-0.056421
0.040972	-0.055949
0.041053	-0.055477
0.041142	-0.055007
0.04124	-0.05453
0.041353	-0.054012
0.041473	-0.053495
0.041598	-0.052979
0.04173	-0.052465
0.041873	-0.051954
0.042032	-0.051448
0.042209	-0.050928
0.042413	-0.050387
0.042631	-0.049851
0.042856	-0.049319
0.043088	-0.048789
0.043328	-0.048263
0.043571	-0.047739
0.04383	-0.047192
0.044102	-0.046635
0.044378	-0.046079
0.044658	-0.045526
0.044945	-0.044976
0.045242	-0.044432
0.045545	-0.043891
0.045871	-0.043327
0.046208	-0.042765
0.04655	-0.042206
0.046897	-0.041649
0.047248	-0.041096
0.047603	-0.040545
0.047963	-0.039994
0.04834	-0.039423
0.048721	-0.038855
0.049106	-0.03829
0.049495	-0.037727
0.049892	-0.03717
0.050295	-0.036618
0.050706	-0.036063
0.051132	-0.035501
0.051562	-0.034942
0.051994	-0.034385
0.052429	-0.03383
0.052867	-0.033278
0.053307	-0.032727
0.053754	-0.032172
0.054207	-0.031614
0.054663	-0.031059
0.055122	-0.030505
0.055586	-0.029956
0.056053	-0.02941
0.056523	-0.028866
0.057001	-0.028321
0.057482	-0.027778
0.057965	-0.027235
0.05845	-0.026696
0.058937	-0.026157
0.059425	-0.02562
0.059915	-0.025085
0.060407	-0.024549
0.060901	-0.024016
0.061397	-0.023484
0.061894	-0.022954
0.062394	-0.022426
0.062897	-0.021901
0.0634	-0.021378
0.063904	-0.020859
0.06441	-0.020342
0.064916	-0.019826
0.065424	-0.019312
0.065933	-0.018798
0.066443	-0.018286
0.066964	-0.017765
0.067497	-0.017235
0.06803	-0.016706
0.068565	-0.016179
0.069101	-0.015653
0.069639	-0.015129
0.070178	-0.014606
0.070869	-0.013941
0.071617	-0.013225
0.072367	-0.012511
0.073119	-0.011799
0.073872	-0.011089
0.074627	-0.010381
0.075384	-0.009675
0.076329	-0.0088
0.077284	-0.007923
0.078242	-0.007049
0.079201	-0.006177
0.080163	-0.005307
0.081127	-0.00444
0.082124	-0.003549
0.083244	-0.002553
0.084367	-0.001561
0.085493	-0.000571
0.086621	0.000416
0.087752	0.001399
0.088885	0.00238
0.090058	0.003389
0.091282	0.004437
0.092509	0.005483
0.093738	0.006525
0.09497	0.007564
0.096204	0.008601
0.09744	0.009635
0.098683	0.010669
0.09993	0.011702
0.101179	0.012733
0.10243	0.013762
0.103683	0.014787
0.104939	0.015811
0.106196	0.016832
0.10739	0.017797
0.108578	0.018755
0.109767	0.019711
0.110958	0.020666
0.112151	0.021618
0.113344	0.022569
0.114521	0.023503
0.115581	0.024343
0.116642	0.025182
0.117704	0.026019
0.118767	0.026855
0.119831	0.027689
0.120897	0.028522
0.121899	0.029303
0.122791	0.029997
0.123684	0.030689
0.124578	0.03138
0.125473	0.03207
0.126369	0.032758
0.127266	0.033445
0.128051	0.034044
0.128762	0.034586
0.129473	0.035127
0.130184	0.035668
0.130895	0.036209
0.131605	0.03675
0.132316	0.037292
0.13288	0.037723
0.133415	0.038132
0.13395	0.038542
0.134484	0.038952
0.135018	0.039363
0.135551	0.039774
0.136075	0.040178
0.136466	0.04048
0.136858	0.040782
0.137251	0.041082
0.137644	0.041382
0.138038	0.041681
0.138433	0.041979
0.1388	0.042254
0.139102	0.042478
0.139404	0.042702
0.139707	0.042924
0.14001	0.043145
0.140315	0.043364
0.14062	0.043582
0.140908	0.043786
0.141181	0.043978
0.141455	0.044168
0.141729	0.044357
0.142003	0.044545
0.142279	0.044732
0.142554	0.044919
0.142865	0.045128
0.143186	0.045343
0.143508	0.045558
0.14383	0.045772
0.144152	0.045985
0.144475	0.046199
0.144797	0.046412