0.999428 0.0060829 -0.2997326767843194 -0.9540232295220629
0.998851 0.00626099 -0.28942150216085377 -0.9572017520287742
0.998268 0.00643364 -0.2784791335606028 -0.9604422794584461
0.997678 0.0066011 -0.2684678912747669 -0.9632886334606465
0.997084 0.00676362 -0.25894778464346374 -0.9658913214374806
0.996483 0.00692147 -0.24976980489400116 -0.9683052434863774
0.995877 0.00707496 -0.24153738504938063 -0.970391514608154
0.995266 0.00722439 -0.2336649217223475 -0.9723171829997087
0.994649 0.00737007 -0.22632738174707737 -0.974051290370026
0.994027 0.00751228 -0.2182933599750229 -0.9758831943377319
0.993399 0.00764968 -0.208917860833884 -0.9779331916979778
0.992766 0.00778167 -0.19942133251905164 -0.9799138391390979
0.992128 0.00790834 -0.18989460782140705 -0.9818044804951513
0.991483 0.00802982 -0.18079601902207276 -0.9835206146826666
0.990834 0.00814621 -0.1719664895456505 -0.9851027999520383
0.990178 0.00825763 -0.16344096532557736 -0.9865531160831856
0.989518 0.00836423 -0.1553240397712595 -0.9878635749278016
0.988852 0.00846612 -0.14738536863191748 -0.9890791440088269
0.988181 0.00856346 -0.13975723297444115 -0.9901857986415115
0.987504 0.00865638 -0.13244319395290183 -0.9911905974006988
0.986822 0.00874505 -0.12555084372755393 -0.9920871865109937
0.986135 0.00882963 -0.1189677706829408 -0.9928981163939888
0.985443 0.00891028 -0.11271129796118 -0.993627779056074
0.984746 0.00898719 -0.10649801541954133 -0.9943129148873101
0.984043 0.00906023 -0.09866575210139306 -0.9951206305580577
0.983335 0.00912709 -0.08904709248739127 -0.9960274169517332
0.982621 0.00918736 -0.07937887509643637 -0.9968445185626615
0.981902 0.0092412 -0.07013181083207295 -0.9975377331757502
0.981178 0.00928881 -0.06121920846386251 -0.9981243452170967
0.980448 0.00933038 -0.05267761241246356 -0.9986115707073109
0.979713 0.00936609 -0.044552328057272716 -0.9990070520595324
0.978973 0.00939616 -0.03683693427902233 -0.9993212898127023
0.978228 0.00942083 -0.029492512803740035 -0.9995650012322966
0.977477 0.0094403 -0.02254900972813968 -0.99974573875575
0.976721 0.00945482 -0.01604536496154771 -0.9998712648452553
0.975959 0.00946466 -0.009973325942969779 -0.99995026514804
0.975193 0.00947006 -0.00431725495400522 -0.9999906806114056
0.974421 0.0094713 0.0008973527697592643 -0.9999995973789223
0.973644 0.00946867 0.005663796261640464 -0.9999839605773219
0.972862 0.00946247 0.009967657665018975 -0.9999503216663682
0.972074 0.00945302 0.01382779174345069 -0.999904391517259
0.971282 0.00944062 0.01720675453724848 -0.9998519528401667
0.970483 0.00942564 0.02010829298905481 -0.9997978078356976
0.96968 0.0094084 0.02432902489732522 -0.999704005467391
0.968871 0.00938641 0.031149387279193256 -0.9995147400974789
0.968057 0.00935782 0.03892332905584031 -0.9992422000972591
0.967238 0.0093228 0.046355224867440745 -0.9989250187714237
0.966413 0.00928153 0.05345819325550164 -0.9985700884634275
0.965583 0.0092342 0.060268622222780927 -0.998182194379046
0.964748 0.009181 0.06674634378721896 -0.9977699762926515
0.963908 0.00912215 0.0728427467452054 -0.9973434384637089
0.963062 0.00905786 0.07854341147845013 -0.99691069435197
0.96221 0.00898837 0.08393332598772672 -0.9964713727893231
0.961353 0.00891391 0.08901118374728569 -0.9960306266214443
0.960491 0.00883475 0.09367871199688162 -0.9956024803698539
0.959623 0.00875113 0.0979868336848774 -0.9951877111502192
0.95875 0.00866333 0.10190395130320967 -0.9947942423982927
0.957871 0.00857166 0.10538493497451303 -0.9944315036644895
0.956986 0.00847639 0.10847768234365986 -0.9940988846354009
0.956095 0.00837786 0.11122498620830464 -0.9937952517711899
0.955199 0.00827639 0.11358165573895011 -0.9935286646491879
0.954297 0.00817231 0.11546559960603466 -0.9933114795005739
0.953389 0.00806599 0.11692031214325874 -0.99314129941732
0.952475 0.00795781 0.11788611881905098 -0.9930271209739342
0.951554 0.00784815 0.11848802815661166 -0.9929554809675799
0.950628 0.00773741 0.11876610728225236 -0.9929222586693385
0.949695 0.00762579 0.12056254608592928 -0.9927057330756573
0.948757 0.00751018 0.12450426054274463 -0.9922190731419672
0.947812 0.00738951 0.12887920769816102 -0.9916602996102517
0.946862 0.0072639 0.13313778266441614 -0.9910975385032509
0.945906 0.00713347 0.137153448271042 -0.9905498127945724
0.944944 0.00699833 0.14091530390620896 -0.9900216548768116
0.943975 0.00685862 0.14455413947851573 -0.9894968927488482
0.943001 0.00671448 0.1480880028162552 -0.9889741874396383
0.942021 0.00656603 0.15128375351715764 -0.9884903772529907
0.941034 0.00641344 0.15435312183060745 -0.9880157457151912
0.940042 0.00625686 0.1572263146541451 -0.9875625985122541
0.939043 0.00609646 0.15973766978500803 -0.9871594991953709
0.938037 0.00593242 0.16212755107938678 -0.9867698096217785
0.937025 0.0057649 0.16430447646210208 -0.9864096709859014
0.936006 0.00559412 0.16626373115601006 -0.9860813210390318
0.934981 0.00542026 0.16801001762586096 -0.9857852879696256
0.933949 0.00524354 0.16952936734887325 -0.9855251359586374
0.932911 0.00506418 0.1707423524388531 -0.9853157103607182
0.931865 0.00488241 0.1717287710999993 -0.9851442682046544
0.930813 0.00469846 0.1724798874757845 -0.9850130397189374
0.929753 0.00451259 0.17290374749658646 -0.9849387260645388
0.928686 0.00432507 0.17316361464600744 -0.984893071639114
0.927612 0.00413616 0.1731762599639924 -0.9848908482592799
0.926531 0.00394615 0.17285154603381164 -0.9849478884863508
0.925442 0.00375534 0.1723125305970872 -0.9850423299529965
0.924346 0.00356393 0.17269106935887427 -0.9849760375581167
0.923243 0.0033698 0.1743046753529007 -0.9846917691085469
0.922132 0.00317202 0.17634414301737242 -0.9843285748282778
0.921015 0.00297065 0.17830067379174114 -0.9839760513983108
0.91989 0.00276576 0.18009033420557374 -0.9836500757513948
0.918758 0.00255743 0.18179602284302407 -0.9833362629733833
0.917618 0.00234572 0.1834195781390396 -0.9830347187944568
0.916471 0.00213071 0.18502804095588724 -0.9827332415564392
0.915317 0.00191249 0.18646821216879797 -0.9824609945695412
0.914155 0.00169114 0.1878195665583555 -0.9822035483634904
0.912986 0.00146675 0.1890718755368655 -0.9819632507792602
0.911809 0.00123943 0.19014959198293568 -0.9817551286694269
0.910624 0.00100927 0.19112901751566364 -0.9815649233053803
0.909431 0.000776389 0.19208402530994553 -0.98137848316576
0.908231 0.000540891 0.19286122125546187 -0.9812260439551387
0.907022 0.000302897 0.19345568995668788 -0.9811090133228733
0.905805 6.25308e-05 0.1940194093296421 -0.9809976905188803
0.90458 -0.000180076 0.1944730833100838 -0.9809078549322913
0.903347 -0.000424788 0.19473878147708532 -0.9808551406751255
0.902105 -0.000671462 0.19489017763569824 -0.9808250703673546
0.900855 -0.000919949 0.19499845005140193 -0.9808035504001558
0.899597 -0.00117009 0.19491367969797546 -0.9808204002092306
0.89833 -0.00142173 0.19463238690712062 -0.9808762582338492
0.897054 -0.00167469 0.19422636938782814 -0.9809567357607689
0.895769 -0.0019288 0.19376643238826205 -0.9810476898089742
0.894476 -0.00218387 0.1932141245157914 -0.9811566144543878
0.893174 -0.00243982 0.19297867230175997 -0.9812029515022109
0.891862 -0.00269798 0.19346307819575162 -0.9811075564763653
0.890542 -0.00295882 0.19423502169380225 -0.9809550225915601
0.889214 -0.0032223 0.1948282950862519 -0.9808373644156224
0.887876 -0.00348838 0.19531880654482112 -0.9807398043364544
0.886529 -0.00375703 0.19591373093692618 -0.9806211348071046
0.885174 -0.0040282 0.19640035678732023 -0.9805237885201018
0.883809 -0.00430185 0.1967838189745718 -0.9804469024836495
0.882435 -0.00457794 0.1972033004787924 -0.9803626157092442
0.881052 -0.00485643 0.19757989302775691 -0.9802867875632825
0.87966 -0.00513725 0.19784639091043513 -0.9802330363764095
0.878258 -0.00542036 0.19800813917999777 -0.9802003758510168
0.876846 -0.0057057 0.19819157982844254 -0.9801633015396496
0.875425 -0.0059932 0.19840306946957384 -0.9801205140313367
0.873995 -0.00628282 0.19844290013254537 -0.9801124503785189
0.872554 -0.00657449 0.1984300717363449 -0.9801150476503812
0.871104 -0.00686812 0.1984376226548633 -0.980113518892116
0.869644 -0.00716366 0.19834145040870946 -0.9801329853901304
0.868174 -0.00746104 0.19819231221435252 -0.9801631534490207
0.866694 -0.00776016 0.19798809248923363 -0.9802044252259193
0.865204 -0.00806094 0.19773932641369016 -0.9802546397694122
0.863704 -0.00836331 0.19737760323978554 -0.9803275379888692
0.862193 -0.00866717 0.1969648669699038 -0.9804105472604465
0.860672 -0.00897244 0.19649286749798278 -0.9805052539494219
0.85914 -0.00927899 0.19596583403351014 -0.9806107239325658
0.857598 -0.00958675 0.19549150045459043 -0.9807053957483933
0.856045 -0.00989594 0.19522354187911214 -0.9807587719190558
0.854481 -0.0102072 0.19523252316749698 -0.9807569841187228
0.852907 -0.0105206 0.19525034384971832 -0.9807534365101999
0.851322 -0.0108361 0.19519701998635497 -0.98076405082387
0.849726 -0.0111537 0.19517358675186752 -0.9807687143431989
0.84812 -0.0114733 0.19506296845080928 -0.9807907209691364
0.846502 -0.0117949 0.1949829096581269 -0.9808066399353395
0.844874 -0.0121186 0.19487505188956084 -0.9808280757355189
0.843234 -0.0124442 0.19468301692651785 -0.9808662105100722
0.841583 -0.0127718 0.19455011008419587 -0.9808925805949534
0.839921 -0.0131013 0.19433457528762138 -0.9809353051286205
0.838247 -0.0134327 0.19412196456877526 -0.9809774018151279
0.836562 -0.013766 0.19393949093753318 -0.9810134932073517
0.834866 -0.0141011 0.19362208484122073 -0.9810761888160059
0.833157 -0.014438 0.19333579431736003 -0.9811326468096326
0.831438 -0.0147766 0.19305327148411455 -0.9811882767182254
0.829706 -0.015117 0.19266764360698166 -0.9812640720554957
0.827962 -0.0154591 0.19233926248299635 -0.9813284914377535
0.826207 -0.0158028 0.19198826942745179 -0.9813972204985361
0.82444 -0.0161481 0.191511009569236 -0.9814904651670192
0.82266 -0.0164949 0.19109184167157972 -0.9815721614056522
0.820869 -0.0168433 0.19062554063540013 -0.9816628256471065
0.819065 -0.017193 0.19008852441618682 -0.9817669544679515
0.817249 -0.0175442 0.18960885696686924 -0.9818597055382796
0.815421 -0.0178967 0.1892127709107227 -0.9819361116306328
0.813581 -0.018251 0.18894998912947786 -0.9819867115231092
0.811729 -0.0186071 0.18864160441868275 -0.9820459994737238
0.809864 -0.018965 0.18831197091338683 -0.9821092615441094
0.807987 -0.0193246 0.18800964459779948 -0.9821671820714685
0.806098 -0.0196859 0.18763832654038687 -0.9822381882278469
0.804196 -0.0200488 0.18731916093950043 -0.9822991051329129
0.802283 -0.0204134 0.18697923346431242 -0.9823638665245674
0.800357 -0.0207795 0.18652570987155173 -0.9824500799312471
0.798418 -0.0211472 0.1861538281131418 -0.982520611630526
0.796465 -0.0215169 0.1857400092775362 -0.9825989257848701
0.794462 -0.021895 0.18529753139854738 -0.9826824639005239
0.792408 -0.0222819 0.18486176407630892 -0.9827645334374837
0.790301 -0.0226777 0.18434415105942534 -0.9828617573037318
0.78814 -0.0230824 0.18377337408355146 -0.9829686398751218
0.785923 -0.0234962 0.18321500558178616 -0.9830728669481557
0.78365 -0.0239192 0.1826511603966658 -0.9831777833157905
0.781318 -0.0243517 0.18200577894376577 -0.9832974608078031
0.778926 -0.0247936 0.18133910982243456 -0.9834206257999711
0.776473 -0.0252451 0.18064058095440036 -0.9835491754419078
0.773956 -0.0257064 0.17987679182838096 -0.983689147933192
0.771374 -0.0261775 0.17917512040424158 -0.9838171965503172
0.768726 -0.0266589 0.17848847290488928 -0.9839420028843573
0.766008 -0.0271509 0.17779695686549185 -0.9840671939097302
0.76322 -0.0276537 0.1771293682909207 -0.9841875770852118
0.76036 -0.0281674 0.17641258339483387 -0.9843163111621999
0.757425 -0.0286923 0.17568061570665908 -0.9844472160887698
0.754414 -0.0292285 0.17492035174658918 -0.9845825869600018
0.751324 -0.0297762 0.1741200440302595 -0.9847244336701007
0.748154 -0.0303354 0.17329896362150396 -0.9848692650335438
0.744901 -0.0309064 0.1724347096798886 -0.9850209494714377
0.741563 -0.0314892 0.1715286741159531 -0.9851791278524039
0.738138 -0.0320839 0.17058915107168746 -0.985342245890554
0.734623 -0.0326907 0.1696436737122415 -0.9855054662301039
0.731017 -0.0333097 0.16866798363493038 -0.9856729230817528
0.727317 -0.0339409 0.1676223330999618 -0.9858512836356838
0.72352 -0.0345844 0.16657266661330664 -0.9860291814836578
0.719624 -0.0352405 0.16555768717787464 -0.9862001075929332
0.715626 -0.0359096 0.16450955726115818 -0.9863754891367372
0.711523 -0.0365916 0.16342500318383274 -0.9865557603776709
0.707314 -0.0372865 0.16230489683041174 -0.9867406551190994
0.702994 -0.0379945 0.16111419215255915 -0.9869357715105012
0.698561 -0.0387154 0.15990211633022372 -0.9871328751455477
0.694013 -0.0394493 0.15861095765957856 -0.9873411589264934
0.689345 -0.0401959 0.15724928788051748 -0.9875589407529407
0.684555 -0.0409553 0.1558664040719372 -0.9877781451731374
0.67964 -0.0417273 0.15440653842051147 -0.9880073992096391
0.674596 -0.0425117 0.1529159938172846 -0.9882391911044978
0.66942 -0.0433087 0.15147358976866945 -0.9884613050608471
0.664108 -0.0441189 0.15003832668588268 -0.9886801811128311
0.658658 -0.0449419 0.14850683854703037 -0.9889113807135431
0.653064 -0.0457774 0.14688075948959617 -0.9891542056179913
0.647324 -0.0466249 0.14515749037628164 -0.9894085622166708
0.641433 -0.0474838 0.14332350802014576 -0.9896758924257978
0.635387 -0.0483536 0.14138289558748804 -0.9899549872773497
0.629181 -0.0492336 0.1393383317205201 -0.9902448330152208
0.622813 -0.0501229 0.13723242566619337 -0.9905388742223965
0.616276 -0.0510215 0.1351739561167913 -0.9908218818676421
0.609567 -0.05193 0.1331019262434362 -0.991102354568027
0.60268 -0.0528474 0.13091426184068064 -0.9913936937698916
0.595611 -0.0537729 0.128617064861311 -0.9916943332632597
0.588354 -0.0547054 0.12619454098555627 -0.992005513001538
0.580904 -0.0556438 0.12364160996379844 -0.9923269382041182
0.573255 -0.0565867 0.12097804953830425 -0.992655182593587
0.565401 -0.0575332 0.1183297558257315 -0.992974354596443
0.557337 -0.0584836 0.11565088601638561 -0.9932899237199706
0.549055 -0.0594364 0.11282123827808425 -0.9936153019118615
0.54055 -0.0603897 0.10980638363544654 -0.9939529959273251
0.531813 -0.0613412 0.10658823029886179 -0.9943032480897148
0.522839 -0.0622883 0.10318938836708529 -0.9946617264821377
0.51362 -0.0632286 0.09967765440787486 -0.9950197813168059
0.504148 -0.0641607 0.09615226167399797 -0.9953666372623583
0.494415 -0.0650838 0.09266713452729528 -0.9956971438035265
0.48453 -0.0659865 0.08927828242516864 -0.9960067210050402
0.47476 -0.0668456 0.08598874381500288 -0.9962961085626691
0.465102 -0.0676633 0.08285220985640769 -0.9965618452067637
0.455557 -0.0684421 0.08022848054155463 -0.9967764999788034
0.446124 -0.0691908 0.07833907350492593 -0.9969267724173074
0.436803 -0.0699158 0.0754908553457155 -0.997146494131716
0.427592 -0.0705938 0.07005947715866094 -0.9975428159534081
0.418488 -0.0712021 0.06224784860491643 -0.9980607222729785
0.40949 -0.0717228 0.053648382185592376 -0.998559888583989
0.400599 -0.0721632 0.04606962499774524 -0.9989382311497378
0.391816 -0.0725379 0.039898323436676805 -0.999203744882365
0.383141 -0.0728603 0.035084523037501814 -0.9993843486082974
0.374574 -0.0731432 0.03158883239072167 -0.9995009483077996
0.366115 -0.0733984 0.029230262421973276 -0.999572704588687
0.357763 -0.0736348 0.027097354726121035 -0.9996327992652335
0.349518 -0.0738483 0.02428334673121022 -0.9997051160574961
0.341378 -0.0740328 0.02069907567203342 -0.9997857511818836
0.333342 -0.0741832 0.016411867446444614 -0.9998653162336016
0.32541 -0.0742949 0.011450841636336698 -0.999934436963654
0.31758 -0.0743637 0.006009275131909793 -0.9999819441431875
0.309851 -0.0743884 0.0010157567360494163 -0.9999994841189934
0.302222 -0.0743793 -0.0034170919966554007 -0.9999941617241004
0.294692 -0.0743366 -0.00805961926093639 -0.9999675207412332
0.287259 -0.0742587 -0.013026181593619271 -0.9999151556972672
0.279923 -0.0741442 -0.018295393561728115 -0.9998326252800623
0.272684 -0.073992 -0.023830561033391862 -0.9997160118557838
0.265538 -0.0738013 -0.02902706490272515 -0.9995786259735314
0.258486 -0.0735797 -0.03375181216566816 -0.9994302452775449
0.251526 -0.0733281 -0.03865347526414619 -0.9992526751778071
0.244658 -0.0730448 -0.04392327576263288 -0.9990349072211039
0.237879 -0.0727281 -0.04956034651213321 -0.9987711309672488
0.23119 -0.0723765 -0.055561567236138545 -0.9984552630169585
0.22459 -0.0719886 -0.061489342928898884 -0.9981077400291875
0.218076 -0.0715686 -0.0667697583486029 -0.9977684096873729
0.211649 -0.0711226 -0.0718886932603311 -0.9974126607284078
0.205306 -0.0706482 -0.07749203422433704 -0.9969929712047996
0.199047 -0.0701431 -0.08357341900739197 -0.9965016224951241
0.192872 -0.0696054 -0.09011043305699273 -0.9959317797190134
0.18678 -0.0690332 -0.09697832032354942 -0.9952864941247938
0.180774 -0.0684266 -0.10321273415960344 -0.9946593042380386
0.174887 -0.0677991 -0.10873554405436105 -0.994070712504499
0.169116 -0.0671514 -0.11458979057168588 -0.9934128949720439
0.16346 -0.066481 -0.12105160605250738 -0.992646215261061
0.157917 -0.0657857 -0.12805764267699177 -0.9917667266812351
0.152485 -0.0650639 -0.1355662123460793 -0.9907682887891284
0.147162 -0.0643141 -0.14313964536740045 -0.9897025017267032
0.141947 -0.0635398 -0.14960911047969283 -0.9887452220170144
0.136835 -0.0627515 -0.15550997193696522 -0.9878343224590671
0.131826 -0.0619465 -0.16213334644571598 -0.986768857418146
0.126917 -0.0611219 -0.16949156478314506 -0.9855316379839669
0.122108 -0.0602752 -0.17756351041592172 -0.9841093434008107
0.117397 -0.0594042 -0.18629963314571216 -0.9824929753895308
0.112783 -0.058507 -0.19489761553035256 -0.9808235924265805
0.108263 -0.0575892 -0.20192092217807747 -0.9794018282537331
0.103833 -0.0566618 -0.20839727218291032 -0.9780442612411372
0.0994924 -0.0557204 -0.2159894937361135 -0.9763956875138364
0.0952403 -0.054761 -0.22463964584502688 -0.974441906690502
0.0910762 -0.0537802 -0.2343191710641695 -0.9721597225105557
0.0869994 -0.0527747 -0.24496975419188113 -0.969530721293126
0.0830095 -0.051742 -0.25535066704368886 -0.9668485076992894
0.0792014 -0.0507152 -0.26331024423966165 -0.9647112082268194
0.0756442 -0.0497317 -0.2699829773227182 -0.9628650954084692
0.0723229 -0.0487865 -0.2777154833794727 -0.9606633699123257
0.0692233 -0.0478755 -0.2863441113312605 -0.9581268443718246
0.0663321 -0.0469961 -0.29559939303968397 -0.9553119903123641
0.0636362 -0.0461467 -0.3053030664035514 -0.9522552376566844
0.0611236 -0.0453262 -0.31530083479163923 -0.9489917721348775
0.0587826 -0.0445341 -0.325423432414104 -0.9455683950068462
0.0566024 -0.0437702 -0.3338931159252235 -0.9426109415542263
0.0545697 -0.0430418 -0.3391755328151461 -0.9407231037555959
0.0526731 -0.0423535 -0.34344594006332774 -0.9391724475590291
0.0509043 -0.0417014 -0.34847710451720537 -0.9373172929308968
0.0492555 -0.0410829 -0.3540691037258453 -0.9352192629468111
0.0477191 -0.0404955 -0.3600890348914092 -0.9329179422387446
0.046288 -0.0399375 -0.3663761522455574 -0.9304668264187285
0.0449552 -0.0394072 -0.37285718536526447 -0.9278887429651751
0.0437143 -0.0389033 -0.3794326191791131 -0.9252193726370402
0.0425592 -0.0384246 -0.38602759113127766 -0.9224872350799133
0.041484 -0.03797 -0.3925231475022566 -0.9197421261826174
0.0404834 -0.0375387 -0.39897778073335527 -0.9169605937449476
0.0395523 -0.0371295 -0.4052747742491505 -0.914194923064715
0.0386858 -0.0367418 -0.4113794055866572 -0.9114641982322556
0.0378795 -0.0363745 -0.4173581602518187 -0.9087420789592706
0.0371292 -0.0360269 -0.42305668384607714 -0.9061032183218203
0.036431 -0.0356982 -0.42859052044508433 -0.9034988465873167
0.0357813 -0.0353875 -0.43337072069943916 -0.9012157446696372
0.0351762 -0.0350948 -0.43594306225405643 -0.8999742476718741
0.0346118 -0.034821 -0.4369918545620658 -0.8994654629536402
0.0340643 -0.0345546 -0.4381814152331695 -0.8988865597750679
0.0335223 -0.0342899 -0.4396028945473709 -0.8981922372775067
0.0329857 -0.0340267 -0.44121867797432734 -0.8973996201283945
0.0324547 -0.033765 -0.44310278020897287 -0.8964708172445318
0.031929 -0.0335044 -0.44519196781928616 -0.8954351521965127
0.0314088 -0.033245 -0.44749006925071366 -0.894288900703789
0.030894 -0.0329865 -0.45007056171599646 -0.8929929952002129
0.0303844 -0.0327287 -0.45276335999805895 -0.8916307194367341
0.0298802 -0.0324717 -0.45567529338912194 -0.890146070594449
0.0293811 -0.0322151 -0.45877283616582226 -0.8885535914036742
0.0288872 -0.031959 -0.4620601240505424 -0.8868486013759043
0.0283984 -0.0317031 -0.4655738924041329 -0.8850090116556242
0.0279147 -0.0314474 -0.46917311678103146 -0.8831062147272958
0.027436 -0.0311918 -0.4729298283967364 -0.8811000950020568
0.0269623 -0.0309362 -0.4769230623437731 -0.8789450452699746
0.0264937 -0.0306805 -0.48114972295999975 -0.8766384340738864
0.02603 -0.0304245 -0.4853934304120709 -0.8742958410702879
0.0255713 -0.0301684 -0.4898483135209151 -0.8718076793311214
0.0251177 -0.0299119 -0.4944677864334603 -0.8691959549949562
0.024669 -0.0296551 -0.49910587275887947 -0.8665410133268922
0.0242253 -0.0293979 -0.5040353497919905 -0.8636830241240511
0.0237867 -0.0291402 -0.5090583892639173 -0.8607319886701237
0.023353 -0.028882 -0.514144652494789 -0.8577034897393228
0.0229244 -0.0286233 -0.5193679234487555 -0.8545507358211845
0.0225007 -0.028364 -0.5247569178115636 -0.8512521231743905
0.022082 -0.028104 -0.5302552690431093 -0.8478380444707703
0.0216683 -0.0278434 -0.5358188096838409 -0.8443329930714493
0.0212596 -0.0275821 -0.5415940982915297 -0.8406401326939994
0.0208559 -0.02732 -0.5473392632105055 -0.836910826162609
0.020457 -0.0270572 -0.5531472632913725 -0.8330834922822952
0.0200631 -0.0267936 -0.5591399754877423 -0.8290732704722588
0.0196741 -0.0265292 -0.5651695872993124 -0.8249747496693005
0.0192899 -0.0262639 -0.5699867642967347 -0.8216538739192669
0.0189098 -0.025999 -0.5720002988361448 -0.8202534109233323
0.0185326 -0.0257358 -0.5725979498626402 -0.8198363176958566
0.0181584 -0.0254742 -0.573580376976625 -0.8191492850191305
0.0177874 -0.025214 -0.5749034363545278 -0.8182212652258284
0.0174196 -0.0249551 -0.5765430303590038 -0.8170667868322986
0.017055 -0.0246972 -0.5785348244111602 -0.8156576836783603
0.0166938 -0.0244403 -0.5808312115317217 -0.8140240191238786
0.0163359 -0.0241841 -0.5834903626013941 -0.8121200630148806
0.0159816 -0.0239286 -0.5864214420773596 -0.8100061063176686
0.0156309 -0.0236737 -0.5896711590865719 -0.8076434387410689
0.0152839 -0.0234192 -0.5932427956130897 -0.8050235931034356
0.0149406 -0.023165 -0.5969685568935834 -0.8022646334473386
0.0146012 -0.0229112 -0.6010037660726935 -0.7992461905861291
0.0142657 -0.0226575 -0.605352561367048 -0.795957458942596
0.0139343 -0.022404 -0.6098851484777686 -0.7924898142350161
0.0136069 -0.0221505 -0.6146789667053287 -0.7887773880443514
0.0132837 -0.021897 -0.6197037329057573 -0.7848358321475071
0.0129648 -0.0216435 -0.6250556731901606 -0.7805801723159481
0.0126503 -0.0213898 -0.6305411718414811 -0.7761558030529514
0.0123401 -0.021136 -0.6362208276415059 -0.7715070048127609
0.0120344 -0.0208819 -0.6421576815112116 -0.7665725745656083
0.0117332 -0.0206276 -0.6481547748607911 -0.7615086262316121
0.0114365 -0.020373 -0.6544854791805265 -0.756074571415966
0.0111445 -0.020118 -0.6610131813478776 -0.7503742893279046
0.0108571 -0.0198626 -0.6676648524921505 -0.7444619834126084
0.0105745 -0.0196068 -0.6743755429552001 -0.7383885339466474
0.0102965 -0.0193506 -0.6813572042499266 -0.7319510640860656
0.0100233 -0.0190937 -0.6884640339173821 -0.7252704833385994
0.00975481 -0.0188364 -0.6956147871785575 -0.7184149691219761
0.00949111 -0.0185784 -0.7030812791081841 -0.7111094957653145
0.00923221 -0.0183197 -0.7105207955349424 -0.7036762033154118
0.0089781 -0.0180604 -0.7180597032512257 -0.69598151021903
0.00872878 -0.0178003 -0.7257850068834304 -0.6879215971193366
0.00848428 -0.0175394 -0.7334780909065335 -0.6797130940037177
0.00824458 -0.0172778 -0.7413219896905702 -0.6711495419064324
0.0080097 -0.0170152 -0.7492069499441538 -0.6623359767937856
0.00777957 -0.0167518 -0.7546703826874693 -0.6561041178763845
0.0075524 -0.0164892 -0.7571815281386682 -0.6532045111950706
0.00732744 -0.0162277 -0.7589813688850526 -0.651112341831555
0.00710476 -0.0159674 -0.7609845089020099 -0.6487700495639165
0.00688446 -0.0157081 -0.7633163722165179 -0.6460248570343204
0.00666661 -0.0154497 -0.7659095119002758 -0.6429483801835739
0.0064513 -0.0151921 -0.7687794849947989 -0.6395139587617551
0.00623862 -0.0149352 -0.7719341433132134 -0.6357025077717526
0.00602867 -0.0146789 -0.7753659570607707 -0.631512179321377
0.00582153 -0.0144231 -0.778909054484842 -0.6271368948176542
0.00561732 -0.014168 -0.7826928427413412 -0.6224081570171444
0.00541613 -0.0139133 -0.7867762751586147 -0.6172382788255567
0.00521808 -0.0136591 -0.7910479603624744 -0.6117541372204762
0.00502327 -0.0134053 -0.7955087777428924 -0.6059420636777162
0.00483182 -0.013152 -0.80015172187619 -0.599797650861162
0.00464382 -0.0128991 -0.8049284702801958 -0.5933718545165283
0.0044594 -0.0126468 -0.8099442262242432 -0.5865069056763202
0.00427864 -0.0123948 -0.8151184363458405 -0.5792943420482476
0.00410164 -0.0121434 -0.8204192902483072 -0.5717623528953827
0.00392851 -0.0118924 -0.8259296672219827 -0.5637731678632684
0.00375932 -0.0116419 -0.8315259461167595 -0.5554859142540235
0.00359416 -0.0113919 -0.8372158360865165 -0.5468726029030482
0.00343311 -0.0111425 -0.8430325490493076 -0.5378625486529311
0.00327624 -0.0108936 -0.8490115037186542 -0.5283743621272606
0.00312362 -0.0106452 -0.8550739992129666 -0.5185059844109262
0.00297529 -0.0103973 -0.861221311674866 -0.5082301174832353
0.00283133 -0.0101499 -0.8673994312865305 -0.4976125265744458
0.00269177 -0.00990309 -0.8736269378038584 -0.4865963147655902
0.00255667 -0.00965678 -0.8799273751978263 -0.47510821333403985
0.00242606 -0.00941098 -0.8862412712536328 -0.4632239297863881
0.00229998 -0.00916568 -0.8925655711154807 -0.4509176213670252
0.00217846 -0.00892087 -0.8988983891317235 -0.43815714762673064
0.00206154 -0.00867651 -0.9052140946094239 -0.4249558129034604
0.00194924 -0.0084326 -0.9114832536577165 -0.41133718322264873
0.00184158 -0.0081891 -0.9177060064784193 -0.3972602241269967
0.00173859 -0.00794598 -0.9238592293309107 -0.3827324449012596
0.0016403 -0.00770324 -0.9299197172137238 -0.3677625858310602
0.00154672 -0.00746082 -0.9358679790877491 -0.3523508559918827
0.00145788 -0.00721872 -0.9414447992553246 -0.3371671543242334
0.00137346 -0.00697704 -0.9458613874767356 -0.3245708484762374
0.00129228 -0.00673613 -0.9492952838790604 -0.31438585210688796
0.00121416 -0.00649603 -0.952509231915192 -0.3045097093958272
0.00113901 -0.0062567 -0.9555725482246622 -0.29475600940341384
0.00106675 -0.00601814 -0.9584888095271765 -0.2851301492497351
0.0009973 -0.00578033 -0.9612739138713361 -0.2755947432562582
0.000930606 -0.00554327 -0.9639342884771105 -0.26614035300594086
0.000866609 -0.00530698 -0.9664760731918244 -0.2567566940660189
0.000805261 -0.00507145 -0.9689052786727252 -0.2474319319734797
0.00074652 -0.00483673 -0.9712262227853723 -0.23815882132320548
0.000690351 -0.00460284 -0.9734469908179286 -0.22891255113584227
0.000636723 -0.00436982 -0.9755688631163636 -0.21969386272230204
0.000585608 -0.00413772 -0.9775954460987298 -0.2104926216450954
0.000536984 -0.0039066 -0.9795295263872807 -0.2013005388356168
0.000490828 -0.00367652 -0.9813737515393356 -0.19210819813222535
0.000447121 -0.00344754 -0.9831297344627228 -0.18290960941201537
0.000405843 -0.00321973 -0.9847985662287556 -0.17370027044822695
0.000366975 -0.00299315 -0.9863816491698095 -0.16447261833219198
0.0003305 -0.00276788 -0.9878791008351498 -0.15522526254812927
0.000296397 -0.00254398 -0.9892922416977359 -0.14594814324501953
0.000264648 -0.00232151 -0.9906218903694106 -0.13663187886044495
0.000235234 -0.00210053 -0.9918663900514516 -0.12728340145636297
0.000208134 -0.00188112 -0.9930263471930604 -0.11789263666746755
0.000183327 -0.00166331 -0.9941019296367631 -0.10844977405446252
0.000160793 -0.00144717 -0.9950912744941921 -0.09896138350651897
0.000140508 -0.00123275 -0.9959942353969808 -0.0894174650500867
0.000122451 -0.00102009 -0.9968099702183898 -0.07981154849527133
0.000106599 -0.000809242 -0.9975367059703404 -0.07014642002157094
9.29273e-05 -0.00060024 -0.9981733335159181 -0.06041519889663434
8.14129e-05 -0.00039312 -0.9987183455084915 -0.05061290689914553
7.20314e-05 -0.000187912 -0.9991698430139675 -0.04073849299426093
6.47583e-05 1.53579e-05 -0.9995260410949133 -0.030784625596707086
5.95664e-05 0.000216806 -0.9997863391480637 -0.020670656808939702
5.64041e-05 0.000419429 -0.9999460646955759 -0.010385937600007937
5.53454e-05 0.000623199 -0.9999999878898552 0.0001556286915439265
5.64677e-05 0.000828094 -0.9999398559045662 0.010967432404863217
5.98522e-05 0.0010341 -0.9997565693707532 0.02206358991693311
6.55843e-05 0.00124119 -0.9994400939471549 0.03345890929038172
7.37548e-05 0.00144938 -0.9989793672087849 0.045168837611077
8.44602e-05 0.00165866 -0.9983620492234659 0.0572120500447389
9.78038e-05 0.00186904 -0.9975743279820994 0.06960933953904955
0.000113897 0.00208052 -0.9966012784012579 0.08237652510866413
0.000132858 0.00229313 -0.9954259527604279 0.09553623695223924
0.000154817 0.00250688 -0.9940203743383023 0.10919475903330451
0.000179947 0.00272179 -0.9922783018014502 0.12403133383959936
0.000208683 0.00293782 -0.9901826786042678 0.13977933678508225
0.000241104 0.00315502 -0.9878537119059844 0.1553867557855835
0.000277197 0.00337339 -0.9853345354351407 0.17063368154856015
0.000316947 0.00359298 -0.9826429045466525 0.18550720240497012
0.000360345 0.00381383 -0.9797915252795238 0.20002141632941262
0.00040738 0.00403596 -0.976794010622225 0.21418090674135423
0.000458047 0.00425941 -0.9736637047835254 0.2279890128651376
0.000512338 0.0044842 -0.970414549752756 0.24144482108373289
0.000570246 0.00471036 -0.967056753691705 0.254560867258228
0.000631764 0.00493789 -0.9636005542986867 0.2673461646541121
0.000696883 0.0051668 -0.9600613726803745 0.279789493525177
0.000765591 0.0053971 -0.9564490407967395 0.2918993531322003
0.000837875 0.00562878 -0.9527694271465155 0.30369461420133986
0.000913717 0.00586181 -0.9490374151509089 0.3151634252950072
0.000993096 0.00609619 -0.9452614402681304 0.3263139738690631
0.00107599 0.00633188 -0.9414470155646625 0.33716096583737265
0.00116237 0.00656885 -0.9376049214094767 0.34770247532729603
0.00125221 0.00680707 -0.9337430681961304 0.35794396572044146
0.00134547 0.00704649 -0.9298781361508277 0.36786770979342964
0.00144211 0.00728709 -0.9260056236441485 0.37750971507950876
0.0015421 0.00752881 -0.9221343768532182 0.38686973392283747
0.00164538 0.0077716 -0.9182760636832994 0.39594074160953047
0.00175192 0.00801543 -0.9144339969900411 0.4047350554978122
0.00186166 0.00826025 -0.9106186762069368 0.41324765763779736
0.00197455 0.00850601 -0.906835553463405 0.42148461297504064
0.00209053 0.00875267 -0.9030762591962462 0.4294802324625829
0.00220956 0.00900017 -0.8993704296471478 0.43718740864336997
0.00233155 0.00924849 -0.8957092274011441 0.444640281518044
0.00245648 0.00949758 -0.8920905587957734 0.4518566530520988
0.00258425 0.00974739 -0.8885372902437739 0.45880440696036406
0.00271483 0.00999791 -0.8850329915751755 0.4655283061463558
0.00284815 0.0102491 -0.8816203497032854 0.47195927683334804
0.00298415 0.010501 -0.8782194834829835 0.4782578162778748
0.00312278 0.0107534 -0.8749340574124386 0.48424208323916657
0.00326398 0.0110066 -0.871772007263106 0.48991179548205926
0.0034077 0.0112604 -0.8685963240521902 0.49552035865645566
0.0035539 0.0115148 -0.8655173767823509 0.5008788980260579
0.00370255 0.0117699 -0.8625887501907399 0.505905769925959
0.0038536 0.0120258 -0.8597709775309812 0.5106798078986687
0.00400702 0.0122825 -0.856705122999989 0.5158064871883385
0.00416307 0.0125398 -0.8516230649791285 0.5241547054024749
0.00432356 0.0127968 -0.844320547304184 0.535838420981515
0.00448883 0.0130531 -0.8366702143407841 0.5477069950575274
0.00465886 0.013309 -0.8290516721945803 0.5591719993270141
0.00483362 0.0135643 -0.8214269530674589 0.5703137388966799
0.00501309 0.0138192 -0.8138824217776597 0.5810296064068781
0.00519728 0.0140737 -0.8063319057363926 0.5914633190583481
0.00538616 0.0143278 -0.7988547637968536 0.6015239532712504
0.00557972 0.0145816 -0.7914976499883458 0.6111722098254517
0.00577796 0.0148352 -0.7842972818004763 0.6203851817704742
0.00598084 0.0150887 -0.7770991323528229 0.6293782157784696
0.00618834 0.0153419 -0.7700130233104997 0.6380281686040389
0.00640044 0.0155951 -0.763124375670103 0.6462516439113448
0.0066171 0.0158482 -0.7563369977453253 0.654182196212636
0.00683827 0.0161013 -0.7497181183834997 0.6617573142531216
0.00706391 0.0163544 -0.743213834841513 0.6690539557465991
0.00729396 0.0166075 -0.7368471154668031 0.6760594119071576
0.00752835 0.0168606 -0.7307528789567579 0.6826420950222818
0.00776702 0.0171139 -0.7248744104727647 0.6888810412848954
0.00800989 0.0173673 -0.7190828876959648 0.6949243128735909
0.00825689 0.0176208 -0.713534559551082 0.7006200342027364
0.00850791 0.0178745 -0.708298596252353 0.7059129539447098
0.00876288 0.0181285 -0.7032285850266692 0.7109638227092772
0.0090217 0.0183827 -0.6983358601870162 0.7157702329496947
0.00928428 0.0186372 -0.693772538238329 0.7201941857487787
0.0095505 0.0188921 -0.6894661828577321 0.7243178740688293
0.00982027 0.0191474 -0.6853228641294842 0.7282393644272196
0.0100935 0.0194031 -0.68154858827771 0.7317728621755938
0.01037 0.0196594 -0.6779891818004601 0.7350718804045919
0.0106498 0.0199162 -0.6747202074775319 0.7380736017644014
0.0109327 0.0201738 -0.6718232464736039 0.7407114995041373
0.0112186 0.0204321 -0.6692932918934407 0.7429983105138541
0.0115073 0.0206914 -0.6669974969693293 0.7450599566723806
0.0117989 0.0209516 -0.6649255414185096 0.7469096494016542
0.0120931 0.0212129 -0.6633494139103047 0.7483097988566336
0.0123899 0.0214755 -0.6620664491957112 0.7494451393193385
0.0126892 0.0217395 -0.66119622083591 0.7502130081199009
0.0129908 0.0220051 -0.6600743290458552 0.7512002929543252
0.0132951 0.0222719 -0.6561482363605122 0.7546320241819781
0.0136038 0.0225381 -0.6496330616607923 0.7602479103537381
0.0139171 0.0228034 -0.6428305607336838 0.7660084008591665
0.014235 0.0230678 -0.6361589379461037 0.7715580377854186
0.0145576 0.0233315 -0.629610872814844 0.7769106440468752
0.0148848 0.0235944 -0.6231742169418653 0.7820830488758168
0.0152166 0.0238566 -0.616879691508451 0.7870574605481091
0.0155531 0.0241182 -0.6105857418538312 0.7919501574245734
0.0158943 0.0243791 -0.6044245458519996 0.7966623929693205
0.0162402 0.0246395 -0.5984713836744436 0.801144183604173
0.0165908 0.0248994 -0.5925799575069401 0.8055116349011187
0.0169461 0.0251588 -0.5868785214479721 0.8096749971828462
0.017306 0.0254178 -0.5812594392709909 0.8137182953936657
0.0176707 0.0256764 -0.575725135984803 0.8176433010765024
0.0180401 0.0259347 -0.5705076048025978 0.8212923187650077
0.0184141 0.0261928 -0.5654026885156731 0.8248150094531795
0.0187927 0.0264506 -0.5603071740853607 0.8282848970423626
0.019176 0.0267082 -0.5555459690729467 0.8314858244412832
0.0195638 0.0269658 -0.5509420594415293 0.8345434962530871
0.0199561 0.0272232 -0.5464684847516472 0.8374796685133549
0.0203529 0.0274807 -0.5422467764889013 0.8402192769672661
0.0207541 0.0277382 -0.5380780900208176 0.8428949928903059
0.0211598 0.0279958 -0.5342035554176217 0.8453558785382475
0.0215697 0.0282536 -0.5306182274438551 0.8476109347479781
0.0219839 0.0285117 -0.5271799515187361 0.8497536694340916
0.0224024 0.0287702 -0.5238770449920108 0.8517938962744678
0.022825 0.029029 -0.520807544680545 0.8536741189727038
0.0232518 0.0292884 -0.5180408585164689 0.8553558726679322
0.0236826 0.0295484 -0.5155145522905793 0.8568808239053105
0.0241173 0.0298091 -0.513237988737573 0.8582463323059475
0.024556 0.0300707 -0.5111786084389455 0.8594745082167495
0.0249985 0.0303332 -0.5093750373835145 0.8605446364312216
0.0254448 0.0305968 -0.5078515364976887 0.8614446104520805
0.0258948 0.0308616 -0.5066448024129325 0.8621548841060755
0.0263484 0.0311278 -0.50559552512429 0.8627706328881932
0.0268057 0.0313954 -0.5046717893791176 0.863311290905476
0.0272665 0.0316645 -0.5021287613130987 0.8647928694561335
0.0277321 0.0319333 -0.4973859723879035 0.8675293623110055
0.0282026 0.0322012 -0.49230890782670883 0.8704205531089402
0.028678 0.0324683 -0.4873564384417357 0.8732031275192427
0.0291583 0.0327346 -0.48249680276673784 0.875897731085014
0.0296434 0.0330001 -0.47775974908688845 0.8784905361769318
0.0301334 0.0332649 -0.4730379186975064 0.8810420690718073
0.0306283 0.0335289 -0.46837339769984604 0.8835306221784857
0.0311279 0.0337921 -0.4639344591014188 0.8858695263176591
0.0316323 0.0340547 -0.45951113491075873 0.8881720086182782
0.0321413 0.0343164 -0.4551708854723221 0.8904041020897995
0.032655 0.0345775 -0.451049666295212 0.8924988507191357
0.0331732 0.0348379 -0.44693858811506854 0.8945646418530688
0.033696 0.0350976 -0.44290488957932994 0.8965686023873028
0.0342232 0.0353566 -0.43902623243436156 0.8984742440573853
0.0347651 0.03562 -0.4351849443134537 0.9003410821699165
0.0353437 0.0358982 -0.43130605100508657 0.9022056807438079
0.0359614 0.0361919 -0.42731334689498535 0.9041035911694002
0.036621 0.0365019 -0.42324548012708646 0.9060150459854361
0.0373252 0.036829 -0.41925985501913476 0.9078662753783369
0.0380768 0.0371742 -0.4152754998168965 0.9096956959620216
0.0388792 0.0375384 -0.4113423139388518 0.9114809382337247
0.0397356 0.0379228 -0.40752104680981993 0.9131958149307456
0.0406497 0.0383285 -0.4037879903407711 0.9148525885936823
0.0416254 0.0387569 -0.4003468837608945 0.9163636683451286
0.0426667 0.0392097 -0.39721496702001297 0.9177255962297718
0.043778 0.0396886 -0.3944358350190214 0.9189234854180446
0.0449638 0.0401957 -0.3920250222163193 0.919954554288577
0.0462291 0.0407331 -0.38765085788069975 0.9218062770367521
0.0475819 0.0412967 -0.38046075935803925 0.9247970645437323
0.0490293 0.0418851 -0.3724211915896147 0.9280638211109037
0.050578 0.042499 -0.36436320357224194 0.9312569225957856
0.0522351 0.0431394 -0.3563181332789326 0.9343646974798527
0.0540082 0.0438071 -0.34831734190735825 0.9373766741959138
0.0559053 0.0445032 -0.34050276374961214 0.940243515201714
0.0579351 0.0452292 -0.3329375156757565 0.9429488907971922
0.0601066 0.0459866 -0.3257475587454693 0.9454567827094832
0.0624295 0.0467777 -0.3191418996505898 0.9477069419854498
0.064914 0.0476055 -0.31327817331483154 0.9496614060413966
0.0675707 0.0484737 -0.3079764819299877 0.9513939702237071
0.0704115 0.0493851 -0.3005393358882606 0.9537694205539635
0.0734541 0.0503276 -0.29049029255070163 0.9568779388897038
0.0767136 0.0512983 -0.28019110170427247 0.9599442413628752
0.0802051 0.0522981 -0.2702867040129107 0.96277988015633
0.0839446 0.0533283 -0.26111695726086936 0.9653071711278359
0.0877936 0.0543508 -0.25287061641493014 0.9675001040588745
0.0917295 0.055363 -0.24583821439871859 0.9693108749731686
0.0957527 0.0563694 -0.23931627204371345 0.9709416676274117
0.0998653 0.0573683 -0.23112404597132155 0.9729242906690357
0.104072 0.0583457 -0.22167608553492865 0.9751203582645124
0.108374 0.0593026 -0.21283667486003513 0.9770877902392003
0.112772 0.0602408 -0.20477707048719754 0.9788086388067289
0.117266 0.0611629 -0.19752681424080779 0.9802974842647905
0.121858 0.0620716 -0.19113118711700433 0.9815645008410017
0.126548 0.0629703 -0.18535875109867808 0.9826709181568051
0.131337 0.0638596 -0.1785428754663448 0.9839321326291816
0.136229 0.064727 -0.17063967251944492 0.9853334979398886
0.141225 0.065572 -0.1630584403348054 0.9866164123080362
0.146327 0.0663959 -0.1560339160262572 0.9877516980747292
0.151534 0.0672005 -0.14959467317364053 0.9887474064482149
0.15685 0.067988 -0.1437610167549246 0.9896124342698964
0.162274 0.0687607 -0.13823128134970053 0.990399976199727
0.16781 0.0695177 -0.13186187490625584 0.9912680999337197
0.17346 0.0702487 -0.1248048665352434 0.9921813066618016
0.179226 0.0709537 -0.11809641645227426 0.9930021331402723
0.185109 0.0716341 -0.1118589076773206 0.9937240989194318
0.191084 0.0722885 -0.10615432726718382 0.9943496662655706
0.19714 0.0729185 -0.10101407161421251 0.9948849970403206
0.203279 0.0735267 -0.09579587200799926 0.9954010000528566
0.209502 0.0741082 -0.08986712321711357 0.9959537640697383
0.21581 0.0746574 -0.08374540741605255 0.9964871834282264
0.222203 0.0751756 -0.07798917050459889 0.996954206212103
0.228684 0.0756645 -0.07261794590536128 0.9973598317219748
0.235252 0.0761257 -0.06766577739820008 0.9977080447551264
0.241907 0.0765613 -0.06302371488842472 0.9980120296678104
0.248652 0.0769719 -0.0579656993070992 0.9983185752573369
0.255487 0.0773498 -0.0524239982471964 0.9986249167769538
0.262413 0.0776943 -0.04706482622949756 0.9988918370534354
0.269431 0.0780068 -0.042032323577124935 0.9991162513815436
0.276542 0.0782887 -0.037340339792357416 0.9993026063331323
0.283746 0.0785417 -0.03300276661178711 0.9994552603273285
0.291045 0.0787676 -0.02856462902220524 0.9995919477310848
0.29844 0.0789616 -0.02365160718343325 0.9997202616120374
0.305932 0.0791198 -0.01867339931767202 0.9998256368777121
0.313523 0.0792433 -0.013970235250024159 0.999902411501772
0.321213 0.0793333 -0.009560286583563034 0.9999542994159483
0.329003 0.0793913 -0.005445653214907466 0.9999851723206016
0.336895 0.0794187 -0.0013533064966346723 0.9999990842803438
0.34489 0.0794128 0.0031438179524398615 0.9999950581921302
0.35299 0.0793681 0.007788785507676544 0.9999696669501106
0.361195 0.0792858 0.012154801527720124 0.9999261276713503
0.369509 0.0791673 0.01622635290685616 0.999868344069029
0.377931 0.0790142 0.019990106770365793 0.999800177851209
0.386464 0.0788283 0.02370251885683992 0.9997190558351088
0.39511 0.0786069 0.02776706724035311 0.9996144206527183
0.40387 0.0783448 0.031963699996796484 0.9994890303962893
0.412746 0.0780429 0.035934473485675564 0.9993541482454091
0.421741 0.0777022 0.03965736551395731 0.9992133372611139
0.430857 0.0773241 0.04314383716241872 0.9990688711569902
0.440095 0.0769096 0.046760963268570925 0.9989061078570874
0.449459 0.0764533 0.05066410048765888 0.998715749811615
0.45895 0.0759531 0.05449716802545109 0.9985139251293425
0.468571 0.0754102 0.05807257325775254 0.9983123640600786
0.478324 0.0748261 0.061377873582322336 0.9981146009524721
0.488212 0.0742024 0.0645720271726061 0.9979130489711115
0.498175 0.0735416 0.06796929294874543 0.9976874135800489
0.50789 0.0728618 0.07141919914543775 0.9974463885309447
0.517363 0.0721677 0.07451431259743406 0.9972199442540907
0.526598 0.0714639 0.07725743414758351 0.9970111779057101
0.535603 0.0707543 0.07968953024636212 0.9968197323333413
0.544383 0.0700421 0.08212446459276476 0.9966220809892543
0.552941 0.0693256 0.08470132268359301 0.9964063859368072
0.561284 0.0686054 0.08716244943800447 0.996194111309622
0.569415 0.0678842 0.08939525200207253 0.9959962293701146
0.57734 0.0671643 0.09139702502793114 0.9958145328403495
0.585062 0.0664481 0.09319747816342729 0.9956476435285615
0.592586 0.0657372 0.09487803371278948 0.9954889043674946
0.599917 0.0650323 0.09669803663362675 0.9953137644538036
0.607059 0.0643311 0.09860918269251415 0.9951262377651965
0.614016 0.0636352 0.10032854927559814 0.9949543618680475
0.620793 0.0629462 0.10185206695636924 0.994799555919038
0.627394 0.0622655 0.10320646650879564 0.9946599545929096
0.633823 0.0615942 0.1043829113066549 0.9945371827272961
0.640085 0.0609335 0.10539625765296581 0.9944303036778142
0.646184 0.0602841 0.10637856168679143 0.9943257019777018
0.652124 0.0596455 0.10749226221889112 0.99420592110642
0.65791 0.0590163 0.10866880276045314 0.9940780106745193
0.663545 0.058397 0.10976162343013683 0.993957939765049
0.669033 0.057788 0.11076078628107107 0.9938470949911756
0.674378 0.0571897 0.1116564226487628 0.9937468708284223
0.679584 0.0566025 0.11245713386444271 0.9936565770139071
0.684655 0.0560266 0.11319522676279449 0.9935727656483543
0.689593 0.0554622 0.11387282896583112 0.9934953340722436
0.694403 0.0549093 0.11447161192364114 0.9934265197102418
0.699088 0.0543681 0.11512474556510777 0.9933510421590994
0.703651 0.0538375 0.11588795181014487 0.9932622929645772
0.708096 0.0533171 0.11663633472411322 0.9931746902847076
0.712425 0.0528071 0.11733482725822449 0.9930924117685537
0.716641 0.0523075 0.11796412566642635 0.9930178573700252
0.720747 0.0518185 0.11852926175911631 0.9929505597494966
0.724746 0.05134 0.11902124286493533 0.9928917079656199
0.728642 0.0508721 0.1194634019780135 0.9928386050047809
0.732436 0.0504147 0.11987692324854986 0.9927887606497473
0.736132 0.0499677 0.12022896554705512 0.9927461890349843
0.739732 0.0495311 0.12054705882310282 0.9927076138567184
0.743238 0.0491048 0.12082480119833164 0.9926738474521144
0.746653 0.0486887 0.12114532488908981 0.9926347819100018
0.749979 0.0482821 0.1215411904524994 0.9925863886954068
0.753219 0.0478847 0.12197526120122988 0.9925331408345475
0.756374 0.0474962 0.12238704570127064 0.9924824487337371
0.759447 0.0471167 0.1227378556407078 0.9924391259884511
0.76244 0.046746 0.12305886605334126 0.9923993729772635
0.765355 0.0463841 0.12336395149626553 0.9923614943513412
0.768194 0.0460307 0.12362943096301378 0.9923284556031645
0.77096 0.0456858 0.1238602304387144 0.9922996741487264
0.773653 0.0453493 0.12411285763641657 0.9922681082093301
0.776275 0.045021 0.12429421414740058 0.9922454073108526
0.77883 0.0447008 0.12447069171704365 0.9922232848021058
0.781317 0.0443885 0.12464666454046489 0.9922011938205562
0.783739 0.0440841 0.12476519580397073 0.9921862959726853
0.786098 0.0437873 0.12489493579969375 0.9921699728431568
0.788395 0.043498 0.12499347168592995 0.992157564117665
0.790632 0.0432161 0.12508014059165312 0.9921466415956728
0.79281 0.0429414 0.1251764938682539 0.9921344895642178
0.794931 0.0426737 0.12533592892683681 0.9921143608072845
0.796995 0.0424127 0.12545491545771129 0.9920993217352275
0.799006 0.0421584 0.1255486682926503 0.9920874618147042
0.800995 0.0419065 0.1256855745816814 0.9920701267259652
0.80297 0.0416562 0.12582800233865496 0.9920520721350586
0.80493 0.0414074 0.1259792833506292 0.9920328725231143
0.806875 0.0411603 0.12609404547480998 0.9920182920167332
0.808807 0.0409146 0.12623583448081982 0.992000259119387
0.810724 0.0406705 0.12635414682417423 0.9919851962505968
0.812628 0.0404279 0.12649993461238154 0.9919666156393889
0.814517 0.0401868 0.12667380627732613 0.9919444272756486
0.816393 0.0399471 0.12678350995952833 0.9919304116732898
0.818256 0.0397089 0.12689474527483635 0.9919161878009827
0.820106 0.0394721 0.12703401309821158 0.991898361484766
0.821943 0.0392367 0.1272094364985109 0.9918758789615418
0.823766 0.0390027 0.12735296942432942 0.9918574601114849
0.825577 0.0387701 0.12745610254609 0.9918442125272299
0.827376 0.0385388 0.1276228299139475 0.9918227731226762
0.829162 0.0383088 0.12776448315391334 0.9918045356038725
0.830936 0.0380802 0.12787255043956194 0.9917906083665452
0.832698 0.0378529 0.1280457289902562 0.9917682649124008
0.834447 0.0376269 0.12818521252229892 0.9917502464283097
0.836185 0.0374022 0.12826202688630886 0.9917403150316194
0.837911 0.0371789 0.12829149535544548 0.9917365034218836
0.839625 0.0369572 0.12828444185009358 0.9917374158411136
0.841328 0.0367369 0.1283432242082585 0.9917298103817535
0.843018 0.0365181 0.12839431190376732 0.9917231976064481
0.844698 0.0363006 0.128437501070215 0.9917176051270031
0.846366 0.0360845 0.1285572888127736 0.9917020840419309
0.848022 0.0358697 0.12867002141396702 0.9916874636645002
0.849667 0.0356562 0.12874570650932698 0.9916776406955106
0.851301 0.035444 0.1288822950498444 0.9916598983636904
0.852924 0.0352329 0.12905087696603315 0.9916379738363682
0.854536 0.035023 0.12926131492301562 0.9916105649217203
0.856136 0.0348142 0.1294654262110947 0.9915839366468073
0.857726 0.0346065 0.12963212429369927 0.9915621575832263
0.859305 0.0343999 0.12984158592714282 0.9915347510621725
0.860873 0.0341944 0.13011636139529087 0.9914987304567011
0.86243 0.0339898 0.13035370774398883 0.9914675541223701
0.863977 0.0337863 0.1305942646157863 0.9914358970954511
0.865513 0.0335837 0.1309017435295973 0.9913953467416071
0.867039 0.033382 0.13118139200436524 0.9913583824186877
0.868554 0.0331813 0.13149715532742492 0.9913165479002128
0.870059 0.0329814 0.13184977888800775 0.9912697089123541
0.871553 0.0327824 0.13220732453725847 0.991222085780326
0.873037 0.0325842 0.13252586576759037 0.9911795472579884
0.874511 0.0323869 0.13281556203315126 0.9911407702651618
0.875975 0.0321905 0.13287564056676912 0.9911327177245088
0.877429 0.0319957 0.1327685616052766 0.9911470673160799
0.878873 0.0318023 0.13268236480484102 0.9911586099458528
0.880308 0.0316103 0.13267464000003212 0.9911596440033572
0.881732 0.0314196 0.13273540106655654 0.9911515087531777
0.883147 0.0312301 0.13281981618824515 0.9911402001875016
0.884552 0.0310417 0.13294013312568922 0.991124069430525
0.885948 0.0308544 0.13309708220825542 0.9911030050946514
0.887334 0.0306681 0.13337405748366182 0.9910657701637894
0.88871 0.0304827 0.13367815364357805 0.9910247984982232
0.890077 0.0302981 0.1339738802431428 0.9909848633619971
0.891435 0.0301143 0.1343094496357888 0.9909394389863244
0.892784 0.0299312 0.13477103648757546 0.9908767671734284
0.894123 0.0297487 0.1352755493617355 0.9908080165929627
0.895453 0.0295668 0.1357871892848204 0.9907380275461967
0.896773 0.0293855 0.13629222204436092 0.9906686783229852
0.898085 0.0292047 0.13682711034544193 0.9905949433923618
0.899388 0.0290243 0.13754757536215595 0.9904951612764153
0.900681 0.0288442 0.138225828267047 0.9904007372775371
0.901966 0.0286645 0.1388602247901549 0.9903119902188541
0.903242 0.0284851 0.13963307458069932 0.9902033147203361
0.904509 0.0283059 0.1404166826336442 0.9900924983243549
0.905767 0.028127 0.1411947777431006 0.9899818355596615
0.907017 0.0279482 0.14206109836397807 0.9898578909781041
0.908258 0.0277695 0.142995609871309 0.9897233227309197
0.90949 0.0275909 0.14345195143255884 0.9896572829167635
0.910714 0.0274135 0.1433582272187875 0.9896708638172019
0.911929 0.0272376 0.14312525216109942 0.9897045832943392
0.913137 0.0270631 0.14300999125067906 0.9897212447969785
0.914336 0.0268898 0.14307344008270448 0.9897120746676282
0.915527 0.0267176 0.14320124201618706 0.9896935911104111
0.91671 0.0265463 0.14355482597553387 0.9896423656751635
0.917884 0.0263757 0.14393608242601102 0.9895869866645642
0.919051 0.0262058 0.14434507772784458 0.9895274117151796
0.92021 0.0260364 0.14496596622198557 0.989436642053106
0.92136 0.0258675 0.14566043428928485 0.9893346440323704
0.922503 0.0256988 0.14647154535455498 0.9892148838353821
0.923638 0.0255302 0.14739958673897502 0.989077025225629
0.924765 0.0253617 0.14849123226407754 0.9889137242149569
0.925883 0.0251931 0.14955450659887223 0.9887534827023204
0.926995 0.0250244 0.15071888882191153 0.9885766619500422
0.928098 0.0248554 0.15205380677490055 0.98837221725687
0.929194 0.0246861 0.1534272158874263 0.9881599513363376
0.930282 0.0245163 0.15493288704796218 0.9879249974117384
0.931362 0.0243461 0.15647845611681863 0.9876813720888417
0.932435 0.0241752 0.15813459980033484 0.9874175653420328
0.9335 0.0240037 0.15993150133942136 0.987128114724385
0.934557 0.0238314 0.16177054083877052 0.9868284005422276
0.935607 0.0236583 0.16368012602854287 0.9865134648565526
0.936649 0.0234843 0.16566159347278592 0.9861826587646213
0.937684 0.0233094 0.16745150839221112 0.9858803133936559
0.938712 0.0231339 0.16823603474359325 0.9857467406051884
0.939733 0.0229597 0.1681368871235991 0.9857636568612105
0.940747 0.0227868 0.16821203623880285 0.9857508360962196
0.941753 0.022615 0.16844552277493657 0.9857109646631096
0.942753 0.022444 0.16875801155592113 0.9856575133055556
0.943747 0.0222736 0.1694335187366142 0.9855416189733083
0.944733 0.0221036 0.1703972409146369 0.9853754514339593
0.945712 0.0219338 0.17144980200171636 0.9851928569541968
0.946685 0.0217639 0.17279947800812567 0.984957024646314
0.94765 0.0215938 0.17431668022124064 0.9846896439978668
0.948609 0.0214233 0.17591543885623637 0.984405281564467
0.949561 0.0212523 0.17787649548950404 0.9840528198996091
0.950506 0.0210804 0.1800161936716908 0.9836636467898752
0.951444 0.0209077 0.18219281704495127 0.9832628221473774
0.952376 0.0207339 0.18469775072053246 0.9827953708065458
0.9533 0.0205589 0.18739145501740975 0.9822853162836438
0.954218 0.0203825 0.19017712023088287 0.9817497965065684
0.955129 0.0202046 0.1932044384054171 0.9811585218406084
0.956033 0.0200251 0.19627309752626376 0.9805492701478318
0.956931 0.0198439 0.19948566313969868 0.9799007450766197
0.957822 0.0196609 0.2030069007981577 0.9791773068389233
0.958706 0.0194759 0.20673564101315456 0.9783968390867175
0.959583 0.0192888 0.2104532910550751 0.9776039138035854
0.960454 0.0190996 0.21432476481152754 0.9767624558655412
0.961318 0.0189081 0.21721854370156524 0.9761229964877229
0.962176 0.0187164 0.2183441869560683 0.9758718235621385
0.963028 0.0185255 0.21917015430408193 0.9756866522927968
0.963873 0.0183352 0.22026975546606753 0.9754389959535752
0.964713 0.018145 0.2215908902260272 0.9751397219726191
0.965547 0.0179548 0.22327863983962115 0.9747546609231313
0.966375 0.0177643 0.2253252263918378 0.9742836046816487
0.967197 0.0175732 0.22768060890407146 0.9737358678456244
0.968013 0.0173813 0.2304842894211192 0.9730760465297879
0.968822 0.0171883 0.2334755506124583 0.9723626727030452
0.969626 0.016994 0.23673404675087426 0.971574490766897
0.970423 0.0167982 0.2404064369565825 0.9706723160108364
0.971214 0.0166007 0.24427254271687224 0.9697066179389691
0.971999 0.0164012 0.2483023328259725 0.9686825855321134
0.972778 0.0161998 0.2527672391678496 0.9675271173478618
0.97355 0.015996 0.2575844437320233 0.9662557913654459
0.974316 0.0157898 0.26242176165243897 0.9649532729677799
0.975076 0.015581 0.2674928671826948 0.9635598403868757
0.97583 0.0153695 0.2729684168425554 0.9620229952586731
0.976577 0.0151551 0.27886399189104594 0.9603306066280459
0.977317 0.0149377 0.2846038879888197 0.9586452038901814
0.978052 0.0147172 0.29046663189344046 0.9568851215043949
0.97878 0.0144936 0.2951969125708491 0.9554364357761527
0.979502 0.0142692 0.298040806928918 0.9545531296921924
0.980219 0.0140443 0.30085967975401234 0.953668418842898
0.98093 0.0138187 0.3039583831916994 0.9526853107335539
0.981636 0.0135922 0.30746348088716763 0.9515598814161651
0.982336 0.0133644 0.311257214880945 0.9503257053161075
0.983031 0.0131353 0.315404851815819 0.9489572063328469
0.98372 0.0129044 0.3200575905115152 0.9473980888496468
0.984403 0.0126718 0.32480397297780755 0.945781359056009
0.985081 0.012437 0.3298520029443784 0.944032656296159
0.985753 0.0122001 0.33520399627822905 0.9421455730825811
0.98642 0.0119606 0.34092445684238 0.9400906949474227
0.987081 0.0117185 0.34688986314485815 0.9379058709952409
0.987737 0.0114735 0.3531637325500308 0.9355615308526374
0.988387 0.0112255 0.3598093499132243 0.9330258472920366
0.989032 0.0109741 0.36651692096701627 0.9304113857025065
0.989672 0.0107193 0.37352215947321626 0.9276212569699258
0.990307 0.0104607 0.3803161977302347 0.9248565238695227
0.990938 0.0101987 0.3863777992736695 0.9223406074918505
0.991564 0.00993413 0.3919833877504164 0.919972295087035
0.992186 0.00966695 0.39723592683325565 0.9177165240056019
0.992805 0.00939696 0.40246534987173266 0.9154352200743774
0.993421 0.00912399 0.4079043549983005 0.9130246640553695
0.994034 0.00884789 0.4135443525672636 0.9104839748505863
0.994644 0.0085685 0.4193826529976172 0.9078095562201801
0.995251 0.00828567 0.42509197336008336 0.9051501611251197
0.995856 0.0079993 0.4311981655163694 0.9022572482697591
0.996457 0.00770931 0.43707794665851807 0.8994236313021654
0.997057 0.00741567 0.4429506844199592 0.8965459782810302
0.997653 0.00711841 0.44919023469939573 0.8934361382050211
0.998246 0.00681788 0.45503738875942584 0.8904723324343116
0.998835 0.0065144 0.46081114841954657 0.8874982171769465
0.99942 0.00620831 0.466484771398288 0.8845292296207553
1.0 0.0059 0.9979715576705047 0.0636613703960769
1.31353 -0.203282 -0.7046037717862421 -0.7096009616570438
1.31318 -0.202925 -0.7179606292293769 -0.696083712549401
1.31283 -0.20256 -0.7255392137384186 -0.6881808260390851
1.31248 -0.202187 -0.730600984463352 -0.6828046583768895
1.31213 -0.201811 -0.7337606740181022 -0.6794080314983775
1.31178 -0.201431 -0.7302868977513651 -0.6831405762891609
1.31142 -0.201052 -0.72413793103446 -0.689655172413817
1.31106 -0.200675 -0.7184485214166645 -0.695580133467172
1.31069 -0.200298 -0.7146285496081382 -0.6995041358598022
1.31032 -0.199919 -0.7155517358527158 -0.6985597421252997
1.30995 -0.19954 -0.7122356079665153 -0.7019404809131387
1.30957 -0.199158 -0.7089602625218859 -0.705248428686586
1.30919 -0.198776 -0.7052629658459902 -0.7089458011767313
1.3088 -0.198392 -0.706647173414462 -0.7075660904151294
1.30842 -0.198007 -0.7034525554587538 -0.710742219245873
1.30802 -0.19762 -0.7007572618222653 -0.7133997897416013
1.30763 -0.197231 -0.7025886646132007 -0.7115962115954801
1.30723 -0.19684 -0.6999285823595878 -0.714212839142575
1.30683 -0.196447 -0.6968507608190958 -0.7172161578951266
1.30642 -0.196053 -0.6986659347846761 -0.7154480495266269
1.30602 -0.195656 -0.7004677164824131 -0.7136840884914792
1.30561 -0.195258 -0.6935249161563514 -0.7204326413137635
1.30519 -0.194857 -0.6905576578362975 -0.7232773473596743
1.30477 -0.194456 -0.6919053632355403 -0.7219882051154958
1.30435 -0.194052 -0.6936911194955515 -0.7202726086232966
1.30393 -0.193647 -0.6907589499768121 -0.7230851077341671
1.3035 -0.19324 -0.6841084359344249 -0.7293803177241314
1.30306 -0.192831 -0.6858863430345957 -0.7277086810246454
1.30263 -0.19242 -0.6872117640782233 -0.7264571503622882
1.30219 -0.192008 -0.6843819783647548 -0.7291236573377279
1.30175 -0.191594 -0.6820254222313625 -0.7313284648023294
1.3013 -0.191178 -0.6797005066553637 -0.7334897553834285
1.30085 -0.19076 -0.677406697305074 -0.735608704710753
1.30039 -0.19034 -0.6791506427141 -0.7339989131470324
1.29994 -0.189918 -0.6808831617956314 -0.7323920534680755
1.29948 -0.189494 -0.6742128726818692 -0.7385370690155382
1.29901 -0.189069 -0.6720059086101173 -0.7405457844003236
1.29854 -0.188641 -0.6741575718243451 -0.738587549551103
1.29807 -0.188211 -0.6715461897092513 -0.7409626948011528
1.29759 -0.18778 -0.6689647316224117 -0.7432941462472005
1.29711 -0.187347 -0.6706705064740283 -0.7417553988653337
1.29663 -0.186912 -0.6685410453702222 -0.7436752454232228
1.29614 -0.186475 -0.6664389748166248 -0.7455595836989596
1.29565 -0.186036 -0.663941785725833 -0.7477842637868172
1.29515 -0.185596 -0.6618943066984442 -0.7495971763288506
1.29465 -0.185153 -0.6635740826434692 -0.7481105779521356
1.29415 -0.184709 -0.661130120391324 -0.7502712602194979
1.29364 -0.184263 -0.6559065135051578 -0.7548421328605792
1.29312 -0.183814 -0.6575719917200636 -0.7533917146513549
1.29261 -0.183364 -0.6552070403557578 -0.7554493591685999
1.29208 -0.182912 -0.6532818875281194 -0.7571147703140506
1.29156 -0.182458 -0.6549305384178412 -0.7556890827898183
1.29103 -0.182002 -0.6534339218698773 -0.7569835597618692
1.2905 -0.181543 -0.6515500709382429 -0.7586056321043039
1.28996 -0.181083 -0.6496893098864966 -0.7601998425540535
1.28942 -0.18062 -0.6478512617774843 -0.7617668558117513
1.28887 -0.180156 -0.6460355563430762 -0.7633073168393528
1.28832 -0.179689 -0.6480502814494479 -0.7615975529853619
1.28777 -0.17922 -0.6458497386898007 -0.7634645473329567
1.28721 -0.17875 -0.6407188917559322 -0.7677755542781041
1.28664 -0.178277 -0.639387972132267 -0.7688842702855792
1.28607 -0.177802 -0.6405818410825849 -0.7678899041368143
1.2855 -0.177326 -0.638867451503443 -0.7693168264177613
1.28492 -0.176847 -0.6371732957130644 -0.7707205662431436
1.28434 -0.176367 -0.6354990500755727 -0.7721016496246105
1.28375 -0.175884 -0.6338443968161844 -0.7734605876350309
1.28316 -0.1754 -0.6322090239305854 -0.7747978769077367
1.28256 -0.174913 -0.6305926250944387 -0.7761140001162875
1.28196 -0.174425 -0.6321471321301609 -0.7748483744189006
1.28136 -0.173934 -0.6309305099200503 -0.7758393465479985
1.28075 -0.173441 -0.6258542929114603 -0.779940000284827
1.28013 -0.172947 -0.624310837416272 -0.7811760225996398
1.27951 -0.17245 -0.6231678290123495 -0.7820881388207055
1.27888 -0.171951 -0.6220390514315556 -0.7829862185850595
1.27825 -0.171449 -0.623559405145438 -0.7817759706301208
1.27762 -0.170946 -0.6220600491567092 -0.7829695365997023
1.27698 -0.17044 -0.6176061212066379 -0.7864875581012657
1.27633 -0.169933 -0.6161612247192597 -0.7876200512635911
1.27568 -0.169423 -0.6180351880632815 -0.7861504349140718
1.27503 -0.168911 -0.6165998998860565 -0.787276675293067
1.27437 -0.168397 -0.6122930834063544 -0.7906308746897879
1.2737 -0.167881 -0.6109092766112323 -0.7917006099216679
1.27303 -0.167363 -0.6095404731030497 -0.7927549505675195
1.27235 -0.166843 -0.6081864458383722 -0.7937942095395308
1.27167 -0.166321 -0.6068469719130789 -0.7948186917026593
1.27098 -0.165797 -0.6055218324832166 -0.795828694120894
1.27029 -0.165271 -0.6042108126869522 -0.7968245062949387
1.26959 -0.164743 -0.6029137015675324 -0.7978064103917294
1.26889 -0.164213 -0.6016302919976834 -0.798774681465795
1.26818 -0.163681 -0.5976650984545974 -0.8017458637805726
1.26746 -0.163147 -0.5967855680729599 -0.802400763795645
1.26674 -0.16261 -0.598217772297689 -0.8013335740546442
1.26602 -0.162072 -0.5943445965125246 -0.8042104827695075
1.26528 -0.161531 -0.5931429898401811 -0.8050971330239917
1.26455 -0.160989 -0.591953724498047 -0.8059719523984009
1.2638 -0.160444 -0.5907766210568577 -0.8068351653297233
1.26306 -0.159898 -0.5896115033098214 -0.8076869908353931
1.2623 -0.159349 -0.5862686602048872 -0.8101166941012674
1.26154 -0.158798 -0.5876651728944431 -0.8091042235503064
1.26078 -0.158245 -0.5865337612174448 -0.8099247785764536
1.26001 -0.15769 -0.5829229229137448 -0.8125274555002411
1.25923 -0.157133 -0.5814848276508157 -0.8135572476549523
1.25845 -0.156575 -0.5804037936051871 -0.8143288257016985
1.25766 -0.156014 -0.5769050359640125 -0.8168112263426364
1.25686 -0.155452 -0.57517675199025 -0.818029158386146
1.25606 -0.154889 -0.5762017732463638 -0.8173074797820867
1.25526 -0.154324 -0.575166126806572 -0.8180366291153022
1.25445 -0.153757 -0.5714578695122071 -0.8206314053048233
1.25361 -0.153175 -0.5708663630315152 -0.8210429925157209
1.25275 -0.152575 -0.5690641997443912 -0.8222930965107732
1.25185 -0.151957 -0.5655721441167326 -0.8246988236921415
1.25092 -0.15132 -0.5649343052012802 -0.8251358862676781
1.24996 -0.150663 -0.564623220782252 -0.825348786001092
1.24897 -0.149986 -0.5627017339243082 -0.8266600018378638
1.24794 -0.149288 -0.559337258533849 -0.8289401855476897
1.24687 -0.148569 -0.5564580441595999 -0.8308757097725706
1.24576 -0.147828 -0.5557229983463301 -0.8313675174728472
1.24462 -0.147065 -0.5538752955694284 -0.8325996378559615
1.24343 -0.146278 -0.5526235394919333 -0.8334309951036183
1.24221 -0.145467 -0.5501439913182937 -0.8350698107442138
1.24093 -0.144631 -0.5478236214779241 -0.8365938559126599
1.23962 -0.143771 -0.5458671756655086 -0.8378717243892174
1.23825 -0.142885 -0.5417013337270332 -0.8405710350936162
1.23683 -0.141973 -0.5406690105793248 -0.8412354135431852
1.23537 -0.141034 -0.538612348670466 -0.8425537002824711
1.23385 -0.140068 -0.5345980059160454 -0.8451064856398794
1.23227 -0.139073 -0.5324145489312789 -0.84648375535878
1.23064 -0.138049 -0.529220001339383 -0.8484846434569948
1.22894 -0.136996 -0.5265836380121245 -0.8501233276283598
1.22719 -0.135912 -0.5246295265208468 -0.8513306407633358
1.22537 -0.134796 -0.5207424311653948 -0.8537138398690477
1.22348 -0.133649 -0.5174344793015427 -0.8557228287418429
1.22152 -0.132468 -0.5154453242566486 -0.8569224688978335
1.2195 -0.131255 -0.5117398402147411 -0.859140463449948
1.21739 -0.130008 -0.5075378976741454 -0.8616294345160851
1.21521 -0.128728 -0.5045962550174676 -0.8633554421108068
1.21295 -0.127413 -0.5006216943845205 -0.8656661707099172
1.2106 -0.126062 -0.4970379598804898 -0.8677287977460704
1.20817 -0.124675 -0.49394301240243615 -0.8694942785888857
1.20565 -0.12325 -0.489971334212077 -0.8717385454655755
1.20303 -0.121786 -0.48663068315159436 -0.8736077942735015
1.20032 -0.120281 -0.4829517590822762 -0.8756469599098343
1.1975 -0.118736 -0.47862705199533373 -0.8780183056737806
1.19458 -0.117152 -0.474690736937032 -0.8801526596370526
1.19155 -0.115527 -0.47073666544494125 -0.8822737623922505
1.18841 -0.11386 -0.46610477624897845 -0.8847295279111519
1.18514 -0.11215 -0.46198250122816237 -0.8868890395979483
1.18176 -0.110396 -0.4580028681185155 -0.8889507144916493
1.17824 -0.108595 -0.4536650934805742 -0.8911722521248413
1.17459 -0.106746 -0.44932569086034096 -0.8933680224481272
1.1708 -0.104853 -0.44470580168553825 -0.8956766994553463
1.16687 -0.102913 -0.4398527038104454 -0.8980699298777577
1.16278 -0.100925 -0.43487104918516906 -0.9004927376612152
1.15853 -0.0988854 -0.43110259926598743 -0.9023029141624831
1.15413 -0.0967922 -0.4272803971214544 -0.9041191637365796
1.14966 -0.0946935 -0.4221763835873761 -0.9065137070894652
1.14524 -0.092652 -0.4175293047388852 -0.9086634578788029
1.14089 -0.0906637 -0.4138227904341825 -0.9103574562320379
1.1366 -0.0887245 -0.40989331958700437 -0.9121334697060216
1.13236 -0.0868305 -0.40727910662795413 -0.9133037442736867
1.1282 -0.0849786 -0.40451668664727597 -0.9145306174338339
1.12409 -0.0831725 -0.40019971187242587 -0.9164279516782687
1.12003 -0.0814108 -0.3974921300500606 -0.9176055833244835
1.11605 -0.0796897 -0.3954001174728324 -0.9185089804147102
1.11212 -0.0780057 -0.393036993305962 -0.9195226598039927
1.10825 -0.0763557 -0.3918771067158911 -0.9200175722408687
1.10445 -0.0747387 -0.39037518041855995 -0.9206558632372777
1.10071 -0.0731586 -0.38779132575632236 -0.9217471929266473
1.09702 -0.0716128 -0.3861917730736487 -0.9224185136965929
1.0934 -0.0700981 -0.385224081218705 -0.9228230638910173
1.08983 -0.0686114 -0.3848563837487379 -0.9229764698451659
1.08633 -0.0671501 -0.3852648713124184 -0.9228060353793887
1.08289 -0.065714 -0.3842775114466755 -0.9232176310038442
1.0795 -0.0643072 -0.3836379291487663 -0.9234835890899449
1.07618 -0.0629265 -0.3832317102684549 -0.9236522377197572
1.0729 -0.0615688 -0.38354004625545046 -0.9235242459829449
1.06969 -0.0602312 -0.38507620897665973 -0.9228847779003422
1.06653 -0.0589109 -0.386430786385646 -0.9223184088661416
1.06343 -0.0576084 -0.38720699669777164 -0.921992810009
1.06038 -0.0563281 -0.3878291227216136 -0.9217312903276006
1.05739 -0.055067 -0.3892913347497922 -0.9211146816160978
1.05445 -0.0538219 -0.3910403509728377 -0.920373534990571
1.05156 -0.05259 -0.3935784860030216 -0.9192910177716138
1.04872 -0.0513687 -0.39703906120504606 -0.9178017127230781
1.04594 -0.0501588 -0.3995886585412863 -0.9166945532537953
1.04323 -0.0489756 -0.40116011635192733 -0.9160079481361
1.04059 -0.0478158 -0.40379756193490113 -0.9148483639245522
1.03802 -0.046676 -0.4075467817790645 -0.9131843300569319
1.03552 -0.0455531 -0.4130259843227435 -0.9107192411902961
1.0331 -0.0444447 -0.41745148544680405 -0.9086992116747196
1.03073 -0.0433526 -0.4202776437140625 -0.9073955599374264
1.02843 -0.0422817 -0.424607968020165 -0.9053773100170927
1.0262 -0.0412281 -0.42883116420275846 -0.9033846537375465
1.02402 -0.0401883 -0.43436854503556194 -0.9007352369501757
1.02191 -0.0391593 -0.4419964119267549 -0.8970168180384771
1.01986 -0.0381385 -0.44795517708358257 -0.8940560157641221
1.01786 -0.0371301 -0.4526909756733513 -0.8916674719557226
1.01592 -0.0361382 -0.4587323876713303 -0.8885744743696841
1.01404 -0.035158 -0.4657965668670131 -0.8848918342345037
1.01221 -0.0341853 -0.4741529155518881 -0.88044250957893
1.01048 -0.0332408 -0.48445807314344164 -0.8748144805420998
1.00888 -0.0323412 -0.49207396678510273 -0.8705533936596731
1.00739 -0.0314942 -0.49723242616912827 -0.8676173778607496
1.00601 -0.0306964 -0.505635109674452 -0.8627474345742819
1.00474 -0.0299411 -0.5137005481852429 -0.8579695488734906
1.00355 -0.0292235 -0.5235072490412332 -0.8520212205111327
1.00246 -0.0285402 -0.538281094669519 -0.8427653665886992
1.00146 -0.0278886 -0.5489704660734313 -0.8358417478082318
1.00053 -0.0272726 -0.5533287223492197 -0.8329629793834659
0.999665 -0.0266962 -0.5582047776545513 -0.8297032157365868
0.998866 -0.0261531 -0.5667517479777626 -0.8238886187854221
0.998128 -0.0256389 -0.577474080470068 -0.8164090190494281
0.997448 -0.0251501 -0.5905719259531521 -0.8069850062274916
0.996824 -0.0246846 -0.6053532188895335 -0.7959569588740841
0.996252 -0.0242405 -0.620849497837015 -0.7839297806790646
0.995728 -0.0238166 -0.6311423479533338 -0.7756670269000436
0.995243 -0.0234195 -0.6320222907244675 -0.7749502074503863
0.99479 -0.0230516 -0.6327298874186512 -0.7743725780056917
0.994371 -0.022707 -0.6404098773414196 -0.7680333254511471
0.993986 -0.0223812 -0.6525231353598694 -0.7577688023534128
0.993633 -0.0220715 -0.6678063705278439 -0.7443350398056161
0.993311 -0.0217756 -0.6867836789624535 -0.7268618701725919
0.99302 -0.0214923 -0.7076804466561177 -0.7065326499324696
0.992757 -0.0212207 -0.72936616399085 -0.6841235259989765
0.992521 -0.0209603 -0.7511051106028124 -0.6601826359624564
0.992309 -0.020711 -0.766790328161207 -0.6418976496595297
0.992116 -0.0204765 -0.7640785212073523 -0.6451232544480051
0.991931 -0.0202633 -0.7521899719151515 -0.6589463150745164
0.991757 -0.0200667 -0.7503846268093907 -0.6610014461770352
0.991596 -0.019883 -0.7580255299447839 -0.6522248814265901
0.99145 -0.0197099 -0.7716792236439428 -0.6360119305455532
0.991318 -0.0195457 -0.7888622011005295 -0.6145701161583013
0.9912 -0.019389 -0.8112230790234978 -0.5847367921207252
0.991097 -0.0192391 -0.8369294377819289 -0.5473108039989932
0.991008 -0.0190954 -0.8625641602328066 -0.5059476944130421
0.990932 -0.0189578 -0.8898862849582078 -0.4561824194807153
0.99087 -0.0188262 -0.9155353438766113 -0.4022375344404536
0.990819 -0.0187006 -0.9386697595166866 -0.3448174626797283
0.99078 -0.0185812 -0.9597591278730224 -0.28082452967006905
0.990751 -0.0184682 -0.9768942075289484 -0.21372343646963005
0.990732 -0.0183618 -0.9876820970730124 -0.15647387999745163
0.990718 -0.0182599 -0.992068216547153 -0.1257006512192806
0.990706 -0.0181566 -0.9949371890225278 -0.1004987059615733
0.990697 -0.018052 -0.9971237349771226 -0.07579087771805226
0.99069 -0.0179461 -0.9986691517923519 -0.05157446323854517
0.990686 -0.017839 -0.9997309455600453 -0.023195613585716805
0.990685 -0.0177306 -0.9999894791661177 0.0045871077027287875
0.990687 -0.017621 -0.9993406960378584 0.03630665562357336
0.990693 -0.0175104 -0.9970808460823634 0.0763530377632649
0.990704 -0.017399 -0.992229949963341 0.12441754858437651
0.990721 -0.0172871 -0.983629936248153 0.1802003010997889
0.990745 -0.0171752 -0.9698861212758579 0.24355884659866422
0.990777 -0.0170641 -0.9465101881784785 0.3226739277883188
0.99082 -0.0169552 -0.90698575377479 0.42116130217480324
0.990876 -0.0168509 -0.8447873315378681 0.5351022000264324
0.990947 -0.0167547 -0.7628956005738723 0.6465216954016554
0.991031 -0.016668 -0.6768783367114152 0.7360949105181942
0.991126 -0.0165901 -0.5981852856756905 0.8013578251948954
0.991229 -0.0165202 -0.5320079403431917 0.8467393645105883
0.991338 -0.0164569 -0.4772223042328638 0.8787826081248286
0.991452 -0.0163991 -0.4322255482845878 0.9017655323919225
0.99157 -0.0163457 -0.3956735522723994 0.9183912238431621
0.991692 -0.0162957 -0.3678033348132564 0.9299036008642226
0.991816 -0.0162484 -0.3458951495612543 0.9382731721146019
0.991944 -0.0162028 -0.3303504247281219 0.9438583563660119
0.992074 -0.0161581 -0.3215154280651717 0.9469043402139782
0.992207 -0.0161135 -0.32005735838101823 0.9473981672697939
0.992341 -0.0160679 -0.3267485225112479 0.9451113178016209
0.992476 -0.0160205 -0.315500394466459 0.9489254454863716
0.992615 -0.0159768 -0.2817041246679752 0.9595013215963019
0.992757 -0.015938 -0.24555445778650084 0.969382797588846
0.992902 -0.0159041 -0.21180644620910696 0.9773116336892079
0.99305 -0.0158745 -0.18149838376407515 0.9833912429399747
0.9932 -0.0158491 -0.15360086815660692 0.9881329734916938
0.993353 -0.0158274 -0.12878858097732024 0.9916720735252396
0.993508 -0.0158091 -0.1073882003699447 0.9942171666297582
0.993665 -0.0157937 -0.08951263764692134 0.9959856864942844
0.993824 -0.0157807 -0.07478994824163637 0.9971993098884562
0.993985 -0.0157697 -0.06314533644845183 0.9980043419168134
0.994148 -0.0157602 -0.05432694619373377 0.998523200990975
0.994314 -0.0157518 -0.04948883534090708 0.998774676879926
0.994481 -0.0157437 -0.048311474182695956 0.9988323189916788
0.994651 -0.0157355 -0.05066797381908806 0.9987155533128881
0.994822 -0.0157264 -0.05700858451464969 0.9983736882007839
0.994996 -0.0157158 -0.06500507565601661 0.9978849333159389
0.995172 -0.0157036 -0.06511574936560938 0.9978777175508806
0.99535 -0.0156927 -0.055778946517331195 0.9984431426603203
0.99553 -0.0156836 -0.04540766091864738 0.9989685402102997
0.995713 -0.0156762 -0.03557529262503354 0.9993669989321456
0.995898 -0.0156705 -0.026532211242024466 0.9996479589168421
0.996086 -0.0156663 -0.018299322594963693 0.999832553377097
0.996275 -0.0156636 -0.010760531825685505 0.9999421038014293
0.996467 -0.0156622 -0.0038759398779668196 0.9999924885168201
0.996662 -0.0156621 0.0020408120766104354 0.9999979175408658
0.996859 -0.015663 0.006800850276231556 0.9999768739503531
0.997059 -0.0156648 0.011165557033535679 0.9999376632251288
0.997262 -0.0156675 0.014596984793312425 0.9998934583419095
0.99747 -0.0156708 0.016704112973745813 0.9998604765714867
0.997681 -0.0156745 0.017837537155934228 0.999840898477458
0.997896 -0.0156784 0.01819975006814263 0.999834370832218
0.998115 -0.0156824 0.017192028884027842 0.9998522061499142
0.998338 -0.015686 0.015109386128061873 0.9998858467099297
0.998565 -0.0156892 0.012852968722001507 0.9999173971859032
0.998797 -0.0156919 0.013460318924282988 0.999909405803574
0.999033 -0.0156955 0.017014343464720517 0.9998552455813113
0.999273 -0.0157 0.020408119903235142 0.9997917326333595
0.999518 -0.0157054 0.02387982807228918 0.9997148362464359
0.999767 -0.0157118 0.0268827112096925 0.9996385946120809
1.00002 -0.0157189 0.0292272746185814 0.9995727919558286
1.00028 -0.0157268 0.03171480735199545 0.9994969589721749
1.00054 -0.0157354 0.033565980690515515 0.9994365037061054
1.00081 -0.0157446 0.034343365001789805 0.999410092644833
1.00109 -0.0157543 0.03597669465035232 0.9993526291765262
1.00136 -0.0157644 0.03658263917889133 0.9993306312280772
1.00165 -0.0157748 0.03618318733732602 0.9993451740785623
1.00194 -0.0157854 0.03652733150388492 0.9993326543514952
1.00223 -0.015796 0.03557069561673077 0.9993671625650613
1.00253 -0.0158064 0.03342393735721794 0.9994412641128746
1.00284 -0.0158164 0.031919211214077196 0.999490452158234
1.00315 -0.0158262 0.03173004683476571 0.9994964752953677
1.00347 -0.0158364 0.03263885110161892 0.9994672107671999
1.00379 -0.0158471 0.033519614929325627 0.9994380598191115
1.00412 -0.0158582 0.034071116283262995 0.9994194109757987
1.00445 -0.0158696 0.0340978076704407 0.9994185006853082
1.0048 -0.0158814 0.03447225303659251 0.9994056552624571
1.00514 -0.0158934 0.03440818500064167 0.9994078630894203
1.0055 -0.0159055 0.03373079472576119 0.9994309548373858
1.00586 -0.0159177 0.03326924402621161 0.9994464254785869
1.00623 -0.0159298 0.03241538864450596 0.9994744832055622
1.0066 -0.0159417 0.030906281236113966 0.9995222867851192
1.00699 -0.0159533 0.02921828928960315 0.9995730546443261
1.00738 -0.0159645 0.02793780853686515 0.9996096632456879
1.00777 -0.0159751 0.025616590933062195 0.9996718412904148
1.00818 -0.015985 0.023408218305182107 0.9997259901171804
1.00859 -0.0159943 0.021922441053350613 0.9997596744109368
1.00901 -0.0160032 0.02034872696199843 0.9997929432192578
1.00944 -0.0160116 0.019066300969319223 0.9998182215619734
1.00987 -0.0160196 0.017724487930935923 0.9998429089249901
1.01032 -0.0160272 0.01633115508397488 0.9998666377940727
1.01077 -0.0160343 0.015163091720092623 0.9998850337161207
1.01123 -0.016041 0.014084624267261116 0.9999008067599756
1.0117 -0.0160474 0.012946283345633913 0.999916193361991
1.01218 -0.0160533 0.012082451304631953 0.9999270045210656
1.01266 -0.016059 0.011325804140163051 0.9999358610233852
1.01316 -0.0160644 0.010395477859782242 0.9999459655601729
1.01367 -0.0160695 0.009607399714833346 0.9999538478703502
1.01418 -0.0160742 0.00836509192736252 0.9999650120064436
1.01471 -0.0160782 0.006980961964749564 0.9999756327881428
1.01524 -0.0160816 0.005648058057884448 0.9999840495928797
1.01579 -0.0160843 0.004363594819525341 0.9999904794748053
1.01634 -0.0160864 0.00330355340181857 0.9999945432525726
1.01691 -0.016088 0.0023684144099256252 0.9999971953026583
1.01748 -0.0160891 0.0015517222697763228 0.9999987960782741
1.01807 -0.0160898 0.0008403358377468547 0.9999996469177775
1.01867 -0.0160901 0.00033057849433158493 0.9999999453589281
1.01928 -0.0160902 -0.0 1.0
1.0199 -0.0160901 -0.0003199999836141077 0.9999999488000041
1.02053 -0.0160898 -0.0011811015383835998 0.9999993024993348
1.02117 -0.0160886 -0.002692297934736566 0.9999963757593477
1.02183 -0.0160863 -0.004135302987060958 0.9999914495980479
1.0225 -0.0160831 -0.005111044352474581 0.9999869385275126
1.02318 -0.0160794 -0.0057245438810489884 0.9999836146644374
1.02388 -0.0160752 -0.005999892002917161 0.9999820004859854
1.02458 -0.016071 -0.005774551607414998 0.9999833271378745
1.0253 -0.016067 -0.005068428048098981 0.9999871554360692
1.02604 -0.0160636 -0.003959700500737643 0.9999921603552422
1.02679 -0.0160611 -0.0023840991847106463 0.9999971580315004
1.02755 -0.01606 -0.0006535946316370335 0.9999997864070059
1.02832 -0.0160601 0.0003846153561674427 0.9999999260355111
1.02911 -0.0160606 0.0008749996650383702 0.9999996171877199
1.02992 -0.0160615 0.001472391042009649 0.9999989160317222
1.03074 -0.016063 0.0023636297611100234 0.9999972066232747
1.03157 -0.0160654 0.0034911029857278364 0.9999939060814036
1.03243 -0.0160689 0.004883662691118781 0.999988074848255
1.03329 -0.0160738 0.006571286686811148 0.9999784088625512
1.03418 -0.0160804 0.00849131397306345 0.9999639481436373
1.03508 -0.016089 0.010772855489844326 0.9999419711086214
1.03599 -0.0160999 0.012863800398886106 0.999917257896521
1.03693 -0.0161128 0.014390044262597386 0.9998964579525824
1.03788 -0.0161271 0.01588341273156961 0.9998738506431692
1.03885 -0.0161433 0.01759931461345368 0.9998451200686718
1.03984 -0.0161616 0.01964620744469488 0.9998069946409857
1.04085 -0.0161826 0.022249392795857786 0.9997524516200076
1.04188 -0.016207 0.02503976551486346 0.9996864559165342
1.04295 -0.0162352 0.028183244862829148 0.9996027734600389
1.04404 -0.0162679 0.03201977207372052 0.9994872356345262
1.04516 -0.016306 0.03579202988545966 0.9993592600244812
1.04631 -0.0163492 0.03923700294497239 0.9992299322978151
1.04748 -0.0163971 0.042398814018227926 0.9991007659740072
1.04869 -0.0164502 0.045707282286964496 0.9989548760309145
1.04993 -0.0165092 0.04962007578358951 0.99876816533129
1.0512 -0.0165749 0.0539679287096169 0.9985426694292007
1.0525 -0.0166481 0.058573504524030734 0.998283098408349
1.05384 -0.0167298 0.06363460521658817 0.9979732646814388
1.05521 -0.0168209 0.0692915370193633 0.997596452929487
1.05661 -0.0169222 0.07465028105090185 0.997209775091992
1.05805 -0.0170335 0.07964345978021939 0.9968234143087915
1.05953 -0.0171555 0.08482649048682346 0.9963957379032132
1.06105 -0.0172889 0.09057084436884215 0.9958900150871655
1.0626 -0.0174347 0.09658454196748933 0.9953247843055705
1.06419 -0.0175936 0.10224767149254034 0.9947589726533527
1.06583 -0.0177667 0.10847988827290468 0.9940986439183479
1.0675 -0.0179548 0.11478204631047524 0.9933906994958125
1.06922 -0.0181584 0.1208884744781305 0.9926660952900277
1.07098 -0.0183786 0.1273577529858771 0.9918568458978284
1.07279 -0.0186168 0.13426498789576008 0.99094546420343
1.07464 -0.0188745 0.14159874837183292 0.9899241357091615
1.07654 -0.0191532 0.14901862662656748 0.9888343890249427
1.07849 -0.0194547 0.15695867890854168 0.9876051706604645
1.08046 -0.0197762 0.16524110596496172 0.9862532012112692
1.08244 -0.0201165 0.17314862467964995 0.9848957070530592
1.08444 -0.0204759 0.18061191240144578 0.9835544403329652
1.08646 -0.0208547 0.18850921545290028 0.9820714208698531
1.08849 -0.0212533 0.1968572865610052 0.980432154066684
1.09053 -0.0216719 0.20473975210458004 0.9788164454626592
1.09259 -0.0221109 0.21222678713516233 0.9772204412630174
1.09467 -0.022571 0.22025799955856293 0.9754416505514105
1.09676 -0.0230525 0.228845086020133 0.9734628532226784
1.09886 -0.023556 0.23694134067140962 0.9715239580580785
1.10098 -0.0240817 0.24504681898060732 0.9695112461995918
1.10311 -0.0246302 0.25322139705219954 0.9674083543545261
1.10526 -0.025202 0.26150066982979464 0.965203294481825
1.10742 -0.0257979 0.27039270562676004 0.9627501154213591
1.10959 -0.0264181 0.27925738430217983 0.9602162846529444
1.11177 -0.027063 0.2874281327424673 0.9578022074041063
1.11397 -0.0277325 0.2948559594682935 0.9555417118922817
1.11619 -0.0284269 0.3034321864031968 0.9528530360210726
1.11841 -0.0291464 0.3120516626792781 0.9500651345139964
1.12065 -0.0298918 0.32018112590259873 0.9473563461632294
1.1229 -0.0306639 0.3289883679330786 0.9443339736368321
1.12516 -0.031463 0.33702994133670255 0.9414939291586424
1.12744 -0.0322891 0.34498475721011557 0.9386082874621754
1.12973 -0.0331427 0.35352540620531037 0.9354249233195416
1.13203 -0.0340238 0.36202858654364095 0.932166992831871
1.13434 -0.0349331 0.3706469571347281 0.9287738331621789
1.13666 -0.0358715 0.37930217617959927 0.9252728565917301
1.13899 -0.0368393 0.38723248435509017 0.9219821056073619
1.14134 -0.0378371 0.395126509885203 0.9186267148226958
1.1437 -0.0388652 0.4043938144881202 0.9145849565807148
1.14606 -0.0399241 0.41303123147184123 0.910716861504636
1.14844 -0.0410149 0.4211046023340939 0.9070120803457056
1.15083 -0.0421387 0.43061214692563465 0.9025370789724352
1.15322 -0.0432955 0.43913963395847544 0.898418823203753
1.15563 -0.0444849 0.4466652059864102 0.8947011756788508
1.15805 -0.0457068 0.4547049462621938 0.890642134555005
1.16048 -0.046961 0.46258467127468567 0.8865751078739416
1.16292 -0.0482478 0.47132443464974066 0.8819599068563732
1.16536 -0.0495689 0.4794555795152605 0.8775661497982279
1.16782 -0.0509249 0.48676783271668833 0.873531382969323
1.17029 -0.0523161 0.4955613127927878 0.86857295909042
1.17276 -0.0537434 0.5035677507742343 0.8639557398270925
1.17525 -0.0552071 0.511587594526624 0.8592311290487925
1.17774 -0.0567085 0.5204349034429375 0.8539013475093832
1.18024 -0.0582484 0.5284566118552326 0.8489603108429086
1.18275 -0.0598271 0.5363129566413578 0.8440192015224564
1.18527 -0.0614446 0.5445528332992994 0.8387265416962227
1.18776 -0.0630799 0.5522666775329501 0.8336675097943523
1.1902 -0.0647105 0.5598743170717856 0.8285775456065665
1.19258 -0.0663368 0.5676173533818726 0.8232924997470574
1.19491 -0.0679578 0.5752868117645747 0.817951761542055
1.19718 -0.0695721 0.5828496907579888 0.8125799886677723
1.1994 -0.0711784 0.5885922202692556 0.8084300824675614
1.20158 -0.0727756 0.5951207238298849 0.8036363133085723
1.2037 -0.0743627 0.6017147073848322 0.7987110935230497
1.20578 -0.0759397 0.6075182533040746 0.7943057169014752
1.20781 -0.0775062 0.6142852210970905 0.7890840684880787
1.20979 -0.0790614 0.6200835017948662 0.7845358186863213
1.21173 -0.0806045 0.624905770216703 0.780700184673905
1.21363 -0.0821351 0.6307453033630461 0.7759899240875869
1.21548 -0.0836526 0.6366336626494031 0.7711663760704339
1.21729 -0.0851566 0.6416079187834982 0.7670327754107436
1.21906 -0.0866472 0.6466863541688216 0.7627560287089429
1.22079 -0.088124 0.652907106116328 0.7574379913780415
1.22247 -0.0895866 0.6569819465282006 0.7539063084601539
1.22413 -0.0910346 0.6610545361757962 0.7503378573692006
1.22574 -0.0924675 0.6663130091231226 0.7456721624636992
1.22732 -0.0938851 0.6704742271178197 0.7419328209283927
1.22886 -0.095287 0.67474660406601 0.7380494700908518
1.23037 -0.0966735 0.6792012387527531 0.7339520946742544
1.23184 -0.0980447 0.6837909781219309 0.7296779414502355
1.23328 -0.0994005 0.6872474788252262 0.7264233633690275
1.23469 -0.100741 0.690654507708724 0.723184866394216
1.23607 -0.102065 0.6953862183452216 0.7186362134874167
1.23741 -0.103373 0.6991329002887207 0.7149917396263272
1.23873 -0.104666 0.7014869278228291 0.7126823205985182
1.24002 -0.105942 0.7051576891105772 0.7090505154699703
1.24128 -0.107202 0.7076717883318406 0.7065413222163405
1.24252 -0.108446 0.7118402704070806 0.7023413909394592
1.24372 -0.109675 0.7159964742729288 0.6981038954401668
1.2449 -0.110887 0.71879451327135 0.6952225885937561
1.24605 -0.112084 0.7219692547634776 0.6919251369738411
1.24718 -0.113266 0.7234045251376947 0.6904244296158025
1.24829 -0.114431 0.7264472465950805 0.6872222332800548
1.24937 -0.115581 0.729885753926987 0.683569152474301
1.25043 -0.116716 0.7331295018312143 0.6800890629503724
1.25146 -0.117834 0.7349809597672384 0.6780877441597284
1.25248 -0.118938 0.7370424724147998 0.6758464277161484
1.25347 -0.120026 0.7407150680117676 0.671819312032873
1.25444 -0.121099 0.7429299973898864 0.6693691201260059
1.25539 -0.122157 0.7453711378882125 0.6666497332207005
1.25632 -0.123201 0.7478868414940928 0.6638262365408509
1.25723 -0.12423 0.7503199578268848 0.6610748527108423
1.25812 -0.125244 0.7528314775769075 0.6582133137284374
1.25899 -0.126243 0.7555885473290372 0.6550465228861192
1.25984 -0.127228 0.7565183903060962 0.653972419241571
1.26068 -0.128198 0.7574770262018075 0.6528618190524441
1.2615 -0.129154 0.7606127659367404 0.6492058381546344
1.2623 -0.130096 0.763850905716278 0.6453927438671911
1.26308 -0.131024 0.7651481272766507 0.6438542873391728
1.26385 -0.131938 0.7644082977610194 0.6447324672405607
1.26461 -0.132838 0.7680451046956289 0.6403957504177245
1.26534 -0.133725 0.769831302560463 0.6382474172278811
1.26607 -0.134599 0.7714933885624241 0.6362373388952182
1.26677 -0.135459 0.773210042739162 0.634150005761494
1.26747 -0.136306 0.7729114693846934 0.6345138773057641
1.26815 -0.13714 0.7771901881665332 0.6292657716876621
1.26881 -0.137961 0.779467237592311 0.626442994629369
1.26946 -0.13877 0.7792547119279133 0.6267073431340537
1.2701 -0.139565 0.779616413242956 0.6262573338510202
1.27073 -0.140351 0.7817441225627724 0.623599331974114
1.27135 -0.141132 0.7848827655334112 0.6196442885790397
1.27196 -0.141909 0.7859841142120989 0.6182466920301495
1.27257 -0.142683 0.7869019730574492 0.6170780216457992
1.27317 -0.143452 0.7878298058183497 0.6158930078059187
1.27377 -0.144218 0.7889628201292933 0.6144409397603908
1.27436 -0.14498 0.7897160031227832 0.6134726028208402
1.27495 -0.145737 0.7908707004639663 0.6119832801209812
1.27553 -0.146492 0.7920367033911769 0.610473472381263
1.27611 -0.147242 0.7930176809275343 0.6091986192830015
1.27668 -0.147989 0.7967800512689454 0.604269434854897
1.27724 -0.148732 0.797798272234414 0.6029244702446435
1.2778 -0.149471 0.7988278748468062 0.6015596615197327
1.27835 -0.150206 0.8000654402668737 0.5999127363963643
1.2789 -0.150938 0.7986851776062869 0.6017491064156338
1.27945 -0.151666 0.8025776151226038 0.5965477111716325
1.27998 -0.152391 0.8036557054756988 0.59509453623467
1.28052 -0.153111 0.8020715536557107 0.5972279487903378
1.28105 -0.153828 0.8060464456011014 0.5918522852315693
1.28157 -0.154541 0.8073599352221044 0.5900592639711366
1.28209 -0.155251 0.8059704845116009 0.5919557230875763
1.28261 -0.155957 0.8072966319896826 0.590145870084774
1.28312 -0.15666 0.808636306459319 0.5883088677521614
1.28363 -0.157359 0.8097898430257432 0.586720044086055
1.28413 -0.158054 0.8139316768765523 0.5809606057013879
1.28462 -0.158746 0.8127381691245475 0.5826291002413785
1.28512 -0.159435 0.8111307543394723 0.5848648556416077
1.28561 -0.160119 0.8151433064703408 0.5792593459898598
1.28609 -0.1608 0.8167679413378491 0.5769663161768906
1.28657 -0.161478 0.8182070850777545 0.5749236174732815
1.28704 -0.162152 0.8194610108750567 0.5731349332012753
1.28751 -0.162822 0.8180516487965019 0.5751447642996714
1.28798 -0.163489 0.8166273945944896 0.5771652262548531
1.28845 -0.164152 0.8208039497809021 0.5712100104375537
1.2889 -0.164811 0.8223047343915104 0.569047382734784
1.28936 -0.165467 0.8210841504806169 0.570807163435712
1.28981 -0.16612 0.8223969474995179 0.5689141066483371
1.29026 -0.166768 0.8239304380287296 0.5666909504216436
1.2907 -0.167414 0.8256844552884036 0.5641322365324395
1.29114 -0.168056 0.8272506701701554 0.5618330078439934
1.29157 -0.168695 0.825815707592586 0.5639400828929937
1.29201 -0.16933 0.8273999117017933 0.5616131997343587
1.29243 -0.169962 0.8290011920948134 0.55924683593685
1.29286 -0.17059 0.8275524834949736 0.5613883567204626
1.29328 -0.171215 0.8291725540449794 0.5589927330641481
1.2937 -0.171836 0.8308102855606158 0.5565557199478666
1.29411 -0.172454 0.8324658776794117 0.5540763146890929
1.29452 -0.173068 0.8310051730770076 0.5562646872840777
1.29493 -0.173679 0.8326808137280401 0.5537532505089329
1.29533 -0.174286 0.8341654195366325 0.5515143269664661
1.29573 -0.174889 0.8326886747898903 0.5537414296191467
1.29613 -0.175489 0.8346158176110233 0.5508324944967237
1.29652 -0.176086 0.8363500184854394 0.5481958104358379
1.29691 -0.176679 0.8348623853211037 0.5504587155963261
1.2973 -0.177269 0.8368318106743815 0.5474600630579697
1.29768 -0.177856 0.8353308034715156 0.549747622797618
1.29807 -0.178439 0.837109068292805 0.5470360205525336
1.29844 -0.179019 0.8389075551263528 0.544273932824203
1.29882 -0.179595 0.8376105968386014 0.546267780546942
1.29919 -0.180169 0.8396489146420255 0.5431295426879933
1.29956 -0.180739 0.8412747079519776 0.5406078669056851
1.29992 -0.181305 0.8397497116537902 0.5429736842401998
1.30029 -0.181868 0.8384265583515692 0.5450145926952259
1.30065 -0.182428 0.8405177327001548 0.5417840354021066
1.30101 -0.182985 0.8426293441522996 0.5384940003133416
1.30136 -0.183539 0.8445423308391213 0.5354887967276478
1.30171 -0.184089 0.8429963530143348 0.5379192772196686
1.30206 -0.184636 0.8414292000771919 0.5403673761964699
1.30241 -0.185179 0.8435973924898461 0.5369762000166605
1.30275 -0.18572 0.845787070340249 0.5335206009567565
1.30309 -0.186257 0.84443905653501 0.5356516403393743
1.30343 -0.186792 0.8466569970603565 0.5321390131617297
1.30376 -0.187323 0.8450714779436452 0.5346533429860352
1.3041 -0.187851 0.8436944779348576 0.5368236469290713
1.30443 -0.188376 0.849590012546886 0.5274436563089768
1.30475 -0.188898 0.8482271068143197 0.5296326795670834
1.30508 -0.189417 0.8466154682717446 0.5322050816020216
1.3054 -0.189932 0.8489248723420493 0.5285135392012538
1.30572 -0.190445 0.8475320843770677 0.53074416242806
1.30604 -0.190954 0.8496401661981506 0.527362861778092
1.30635 -0.19146 0.8482343626279887 0.5296210589252375
1.30667 -0.191963 0.8470489989601904 0.5315148101046094
1.30698 -0.192464 0.8494296899861934 0.5277018114143244
1.30729 -0.192961 0.8515993012940849 0.5241933136119027
1.30759 -0.193455 0.850173161908642 0.5265031764104202
1.3079 -0.193946 0.8489702403754538 0.5284406598255325
1.3082 -0.194435 0.8516583167045705 0.5240974256642914
1.3085 -0.194921 0.8541304634457954 0.5200587961123923
1.30879 -0.195404 0.8526903210530595 0.522416707602686
1.30909 -0.195884 0.8512304730465224 0.5247920366745227
1.30938 -0.196361 0.8539906194522181 0.5202884026072624
1.30967 -0.196836 0.8485018175847051 0.5291924655127395
1.30997 -0.197307 0.8510360127996631 0.5251073270466252
1.31025 -0.197776 0.85359795339827 0.5209323698468783
1.31054 -0.198241 0.8482546888727776 0.5295885032790526
1.31083 -0.198705 0.8510885560542522 0.5250221612022564
1.31111 -0.199165 0.8498115702962815 0.5270866105210493
1.3114 -0.199624 0.8485194429972541 0.5291642040573319
1.31168 -0.200079 0.851400941041803 0.5245154312249857
1.31196 -0.200533 0.850365255825206 0.5261928654831156
1.31224 -0.200984 0.8530237250049651 0.5218721343189857
1.31251 -0.201432 0.8514618308585318 0.5244165811557041
1.31279 -0.201877 0.8458508604166297 0.5334194615238997
1.31307 -0.20232 0.8485383471187533 0.5291338899267124
1.31334 -0.202759 0.846910239129384 0.5317358807319753
1.31362 -0.203196 0.8455350351719186 0.5339199418422413
1.31389 -0.20363 0.6908577715466311 -0.7229906911528133