69 
126 
147 
170 
203 
293 
309 
314 
320 
326 
327 
329 
332 
338 
341 
343 
345 
351 
352 
358 
359 
361 
362 
363 
364 
366 
369 
371 
375 
376 
377 
378 
380 
385 
386 
387 
388 
389 
390 
391 
393 
394 
395 
396 
399 
401 
402 
404 
406 
407 
409 
410 
412 
413 
414 
415 
416 
417 
418 
419 
420 
421 
422 
423 
424 
425 
426 
427 
428 
429 
430 
431 
432 
433 
434 
435 
436 
437 
438 
439 
440 
441 
442 
443 
444 
445 
446 
447 
448 
449 
450 
451 
452 
453 
454 
455 
456 
457 
458 
459 
460 
461 
462 
463 
464 
465 
466 
467 
468 
469 
470 
471 
472 
473 
474 
475 
476 
477 
478 
479 
480 
481 
482 
483 
484 
485 
486 
487 
488 
489 
490 
491 
492 
493 
494 
495 
496 
497 
498 
499 
500 
501 
502 
503 
504 
505 
506 
507 
508 
509 
510 
511 
512 
513 
514 
515 
516 
517 
518 
519 
520 
521 
522 
523 
524 
525 
526 
528 
529 
530 
531 
532 
533 
535 
537 
539 
540 
541 
542 
545 
547 
549 
550 
551 
554 
555 
556 
557 
558 
559 
560 
561 
563 
567 
569 
570 
571 
574 
579 
582 
584 
586 
589 
591 
594 
607 
609 
619 
632 
640 
655 
757 
775 
838 
858 
879 
905 
909 
917 
925 
929 
939 
940 
941 
942 
944 
948 
949 
950 
951 
953 
956 
957 
958 
959 
960 
961 
962 
963 
964 
965 
967 
968 
971 
972 
973 
975 
976 
977 
978 
980 
983 
985 
988 
989 
990 
991 
992 
993 
994 
995 
996 
997 
1001 
1003 
1004 
1005 
1009 
1011 
1013 
1015 
1016 
1017 
1025 
1028 
1029 
1030 
1031 
1032 
1033 
1034 
1037 
1039 
1042 
1044 
1045 
1049 
1050 
1051 
1053 
1056 
1057 
1058 
1059 
1063 
1064 
1067 
1069 
1071 
1073 
1079 
1081 
1084 
1087 
1092 
1093 
1094 
1102 
1116 
1120 
1121 
1124 
1125 
1128 
1129 
1135 
1138 
1140 
1143 
1144 
1146 
1148 
1150 
1151 
1152 
1153 
1154 
1155 
1157 
1160 
1161 
1163 
1165 
1166 
1167 
1168 
1169 
1170 
1171 
1172 
1173 
1174 
1175 
1176 
1177 
1178 
1179 
1180 
1181 
1182 
1183 
1184 
1185 
1186 
1187 
1188 
1189 
1190 
1191 
1192 
1193 
1194 
1195 
1209 
1359 
1362 
1372 
1377 
1378 
1379 
1381 
1382 
1383 
1385 
1386 
1387 
1390 
1392 
1393 
1396 
1397 
1398 
1399 
1401 
1402 
1403 
1404 
1405 
1408 
1409 
1410 
1411 
1412 
1414 
1415 
1416 
1418 
1419 
1421 
1422 
1423 
1424 
1425 
1426 
1427 
1428 
1429 
1430 
1431 
1432 
1433 
1435 
1437 
1439 
1440 
1441 
1442 
1443 
1444 
1445 
1446 
1447 
1448 
1450 
1451 
1452 
1453 
1454 
1455 
1456 
1458 
1459 
1460 
1461 
1462 
1463 
1464 
1465 
1466 
1468 
1469 
1470 
1471 
1472 
1473 
1474 
1475 
1476 
1477 
1478 
1479 
1480 
1481 
1482 
1484 
1485 
1486 
1487 
1488 
1489 
1490 
1491 
1492 
1494 
1495 
1496 
1497 
1498 
1500 
1501 
1503 
1504 
1506 
1507 
1509 
1510 
1511 
1512 
1513 
1514 
1515 
1516 
1517 
1518 
1519 
1520 
1522 
1523 
1524 
1525 
1526 
1527 
1529 
1530 
1531 
1532 
1533 
1534 
1535 
1537 
1538 
1539 
1540 
1541 
1542 
1543 
1544 
1545 
1547 
1549 
1550 
1551 
1552 
1553 
1554 
1555 
1556 
1558 
1559 
1560 
1564 
1569 
1696 
1698 
1991 
2013 
3099 
3101 
3102 
3218 
3303 
3317 
3323 
3332 
5201 
5324 
5347 
5409 
5445 
5516 
5866 
5868 
5874 
5876 
