1092 5 2.116695816270971 2 42.74903548007669 3 4.1250119669074765 3 4.315767050632286
1105 4 1.6015568413119874 3 3.100393250847795 2 42.43819340038121 5 1.4999999782790632
1130 4 1.7385762072690754 3 2.692589245739156 2 85.31525036979062 5 1.5000000237501767
1601 3 1.5438663373680401 3 1.562384360502833 2 30.006297052164914 3 2.000000061440013
1831 3 2.5179745102559328 3 4.73464012923911 3 33.16292202614823 4 1.5205159360676923
1834 4 2.382637932977826 3 1.560825410866625 2 58.425585709300556 4 1.375618245313019
2009 3 1.8579725069019153 4 1.689536174179514 3 58.881071425070346 4 1.000000081919987
2081 3 2.79712483136336 3 5.082170463621074 3 59.51861232960799 4 1.520515936067692
2085 3 1.7598502609324844 4 1.7692950582684852 3 70.49087457636963 4 1.000000081919987
2131 3 2.0176983477281953 4 1.7073683047892996 2 71.42203310806845 5 1.50000015358942
2296 3 1.842190357819282 3 1.4387256034194986 2 43.086977510128506 3 2.000000319488076
2922 5 2.1166958162709704 2 42.74903548007669 3 4.315767050632286 3 4.125011966907476
3078 4 1.6015568413119872 3 3.100393250847795 5 1.499999978279063 2 42.43819340038121
3168 4 1.7385762072690754 3 2.692589245739156 5 1.5000000237501778 2 85.31525036979062
3676 3 1.5438663373680401 3 1.562384360502833 3 2.000000061440013 2 30.006297052164914
3842 3 2.5179745102559328 3 4.73464012923911 4 1.520515936067692 3 33.16292202614823
3845 4 2.382637932977826 3 1.560825410866625 4 1.375618245313019 2 58.425585709300556
4044 3 1.8579725069019153 4 1.6895361741795145 4 1.000000081919987 3 58.881071425070346
4102 3 2.797124831363359 3 5.082170463621074 4 1.5205159360676923 3 59.51861232960799
4104 3 1.7598502609324844 4 1.7692950582684852 4 1.000000081919987 3 70.49087457636963
4144 3 2.0176983477281953 4 1.7073683047893 5 1.50000015358942 2 71.42203310806845
4359 3 1.842190357819282 3 1.4387256034194986 3 2.000000319488076 2 43.086977510128506