0.10000000E+01	-0.38788960E-15
0.99961929E+00	-0.54000823E-04
0.99847774E+00	-0.21576597E-03
0.99657710E+00	-0.48458610E-03
0.99392025E+00	-0.85928751E-03
0.99051124E+00	-0.13382449E-02
0.98635526E+00	-0.19193984E-02
0.98145864E+00	-0.26002754E-02
0.97582885E+00	-0.33780154E-02
0.96947444E+00	-0.42493982E-02
0.96240510E+00	-0.52108746E-02
0.95463159E+00	-0.62585983E-02
0.94616576E+00	-0.73884592E-02
0.93702048E+00	-0.85961165E-02
0.92720970E+00	-0.98770308E-02
0.91674835E+00	-0.11226495E-01
0.90565236E+00	-0.12639665E-01
0.89393863E+00	-0.14111582E-01
0.88162499E+00	-0.15637198E-01
0.86873020E+00	-0.17211397E-01
0.85527390E+00	-0.18829006E-01
0.84127657E+00	-0.20484809E-01
0.82675954E+00	-0.22173553E-01
0.81174490E+00	-0.23889950E-01
0.79625553E+00	-0.25628679E-01
0.78031501E+00	-0.27384378E-01
0.76394762E+00	-0.29151639E-01
0.74717827E+00	-0.30924997E-01
0.73003252E+00	-0.32698920E-01
0.71253646E+00	-0.34467793E-01
0.69471675E+00	-0.36225908E-01
0.67660051E+00	-0.37967450E-01
0.65821535E+00	-0.39686488E-01
0.63958924E+00	-0.41376966E-01
0.62075057E+00	-0.43032695E-01
0.60172801E+00	-0.44647355E-01
0.58255053E+00	-0.46214499E-01
0.56324735E+00	-0.47727556E-01
0.54384785E+00	-0.49179848E-01
0.52438157E+00	-0.50564611E-01
0.50487817E+00	-0.51875017E-01
0.48536734E+00	-0.53104207E-01
0.46587879E+00	-0.54245327E-01
0.44644221E+00	-0.55291571E-01
0.42708718E+00	-0.56236231E-01
0.40784319E+00	-0.57072742E-01
0.38873953E+00	-0.57794743E-01
0.36980531E+00	-0.58396132E-01
0.35106935E+00	-0.58871124E-01
0.33256019E+00	-0.59214312E-01
0.31430602E+00	-0.59420723E-01
0.29633462E+00	-0.59485877E-01
0.27867337E+00	-0.59405838E-01
0.26134917E+00	-0.59177261E-01
0.24438839E+00	-0.58797436E-01
0.22781687E+00	-0.58264324E-01
0.21165984E+00	-0.57576583E-01
0.19594190E+00	-0.56733589E-01
0.18068699E+00	-0.55735444E-01
0.16591835E+00	-0.54582975E-01
0.15165845E+00	-0.53277727E-01
0.13792902E+00	-0.51821935E-01
0.12475097E+00	-0.50218499E-01
0.11214435E+00	-0.48470941E-01
0.10012838E+00	-0.46583347E-01
0.88721349E-01	-0.44560316E-01
0.77940625E-01	-0.42406886E-01
0.67802628E-01	-0.40128457E-01
0.58322796E-01	-0.37730713E-01
0.49515566E-01	-0.35219534E-01
0.41394349E-01	-0.32600908E-01
0.33971513E-01	-0.29880838E-01
0.27258362E-01	-0.27065253E-01
0.21265118E-01	-0.24159922E-01
0.16000908E-01	-0.21170360E-01
0.11473749E-01	-0.18101760E-01
0.76905349E-02	-0.14958905E-01
0.46570270E-02	-0.11746112E-01
0.23778447E-02	-0.84671713E-02
0.85645882E-03	-0.51252956E-02
0.95186251E-04	-0.17230882E-02
0.95186251E-04	0.17230882E-02
0.85645882E-03	0.51252956E-02
0.23778447E-02	0.84671713E-02
0.46570270E-02	0.11746112E-01
0.76905349E-02	0.14958905E-01
0.11473749E-01	0.18101760E-01
0.16000908E-01	0.21170360E-01
0.21265118E-01	0.24159922E-01
0.27258362E-01	0.27065253E-01
0.33971513E-01	0.29880838E-01
0.41394349E-01	0.32600908E-01
0.49515566E-01	0.35219534E-01
0.58322796E-01	0.37730713E-01
0.67802628E-01	0.40128457E-01
0.77940625E-01	0.42406886E-01
0.88721349E-01	0.44560316E-01
0.10012838E+00	0.46583347E-01
0.11214435E+00	0.48470941E-01
0.12475097E+00	0.50218499E-01
0.13792902E+00	0.51821935E-01
0.15165845E+00	0.53277727E-01
0.16591835E+00	0.54582975E-01
0.18068699E+00	0.55735444E-01
0.19594190E+00	0.56733589E-01
0.21165984E+00	0.57576583E-01
0.22781687E+00	0.58264324E-01
0.24438839E+00	0.58797436E-01
0.26134917E+00	0.59177261E-01
0.27867337E+00	0.59405838E-01
0.29633462E+00	0.59485877E-01
0.31430602E+00	0.59420723E-01
0.33256019E+00	0.59214312E-01
0.35106935E+00	0.58871124E-01
0.36980531E+00	0.58396132E-01
0.38873953E+00	0.57794743E-01
0.40784319E+00	0.57072742E-01
0.42708718E+00	0.56236231E-01
0.44644221E+00	0.55291571E-01
0.46587879E+00	0.54245327E-01
0.48536734E+00	0.53104207E-01
0.50487817E+00	0.51875017E-01
0.52438157E+00	0.50564611E-01
0.54384785E+00	0.49179848E-01
0.56324735E+00	0.47727556E-01
0.58255053E+00	0.46214499E-01
0.60172801E+00	0.44647355E-01
0.62075057E+00	0.43032695E-01
0.63958924E+00	0.41376966E-01
0.65821535E+00	0.39686488E-01
0.67660051E+00	0.37967450E-01
0.69471675E+00	0.36225908E-01
0.71253646E+00	0.34467793E-01
0.73003252E+00	0.32698920E-01
0.74717827E+00	0.30924997E-01
0.76394762E+00	0.29151639E-01
0.78031501E+00	0.27384378E-01
0.79625553E+00	0.25628679E-01
0.81174490E+00	0.23889950E-01
0.82675954E+00	0.22173553E-01
0.84127657E+00	0.20484809E-01
0.85527390E+00	0.18829006E-01
0.86873020E+00	0.17211397E-01
0.88162499E+00	0.15637198E-01
0.89393863E+00	0.14111582E-01
0.90565236E+00	0.12639665E-01
0.91674835E+00	0.11226495E-01
0.92720970E+00	0.98770308E-02
0.93702048E+00	0.85961165E-02
0.94616576E+00	0.73884592E-02
0.95463159E+00	0.62585983E-02
0.96240510E+00	0.52108746E-02
0.96947444E+00	0.42493982E-02
0.97582885E+00	0.33780154E-02
0.98145864E+00	0.26002754E-02
0.98635526E+00	0.19193984E-02
0.99051124E+00	0.13382449E-02
0.99392025E+00	0.85928751E-03
0.99657710E+00	0.48458610E-03
0.99847774E+00	0.21576597E-03